1
31.8519,567.4533,46.2232,45.8083
31.8519,567.4533,46.2232,45.8083
2
0
0
0
0
1
229.5738,637.7502,64.6424,38.2095
2
0
0
0
0
1
456.2378,661.1071,63.3144,50.5259
456.2378,661.1071,63.3144,50.5259
2
0
0
0
0
1
691.3335,617.2217,57.3629,54.0267
691.3335,617.2217,57.3629,54.0267
691.3335,617.2217,57.3629,54.0267
2
0
0
0
0
1
863.4400,585.4031,49.2049,46.8088
863.4400,585.4031,49.2049,46.8088
863.4400,585.4031,49.2049,46.8088
2
0
0
0
0
1
984.4736,569.6927,39.0229,37.4845
984.4736,569.6927,39.0229,37.4845
984.4736,569.6927,39.0229,37.4845
984.4736,569.6927,39.0229,37.4845
2
0
0
0
0
1
1059.8673,507.8401,31.7153,19.5399
2
0
0
0
0
1
1074.8078,445.5019,30.9343,23.3163
1074.8078,445.5019,30.9343,23.3163
1074.8078,445.5019,30.9343,23.3163
2
0
0
0
0
1
1071.8062,390.3939,26.9377,15.8921
1071.8062,390.3939,26.9377,15.8921
2
0
0
0
0
1
1061.7752,346.5955,26.0997,13.4840
1061.7752,346.5955,26.0997,13.4840
1061.7752,346.5955,26.0997,13.4840
1061.7752,346.5955,26.0997,13.4840
1061.7752,346.5955,26.0997,13.4840
1061.7752,346.5955,26.0997,13.4840
1061.7752,346.5955,26.0997,13.4840
1061.7752,346.5955,26.0997,13.4840
1061.7752,346.5955,26.0997,13.4840
1061.7752,346.5955,26.0997,13.4840
1061.7752,346.5955,26.0997,13.4840
1061.7752,346.5955,26.0997,13.4840
1061.7752,346.5955,26.0997,13.4840
1061.7752,346.5955,26.0997,13.4840
2
0
0
0
0
1
1112.8936,332.5089,21.9129,16.2322
1112.8936,332.5089,21.9129,16.2322
1112.8936,332.5089,21.9129,16.2322
1112.8936,332.5089,21.9129,16.2322
2
0
0
0
0
1
1116.7204,316.0794,21.7091,12.2561
1116.7204,316.0794,21.7091,12.2561
1116.7204,316.0794,21.7091,12.2561
1116.7204,316.0794,21.7091,12.2561
1116.7204,316.0794,21.7091,12.2561
1116.7204,316.0794,21.7091,12.2561
1116.7204,316.0794,21.7091,12.2561
1116.7204,316.0794,21.7091,12.2561
1116.7204,316.0794,21.7091,12.2561
1116.7204,316.0794,21.7091,12.2561
1116.7204,316.0794,21.7091,12.2561
1116.7204,316.0794,21.7091,12.2561
1116.7204,316.0794,21.7091,12.2561
1116.7204,316.0794,21.7091,12.2561
1116.7204,316.0794,21.7091,12.2561
1116.7204,316.0794,21.7091,12.2561
1116.7204,316.0794,21.7091,12.2561
1116.7204,316.0794,21.7091,12.2561
1116.7204,316.0794,21.7091,12.2561
1116.7204,316.0794,21.7091,12.2561
1116.7204,316.0794,21.7091,12.2561
1116.7204,316.0794,21.7091,12.2561
1116.7204,316.0794,21.7091,12.2561
1116.7204,316.0794,21.7091,12.2561
1116.7204,316.0794,21.7091,12.2561
1116.7204,316.0794,21.7091,12.2561
1116.7204,316.0794,21.7091,12.2561
1116.7204,316.0794,21.7091,12.2561
1116.7204,316.0794,21.7091,12.2561
1116.7204,316.0794,21.7091,12.2561
1116.7204,316.0794,21.7091,12.2561
1116.7204,316.0794,21.7091,12.2561
2
0
0
0
0
1
1099.5828,297.5835,24.9344,16.4729
1099.5828,297.5835,24.9344,16.4729
1099.5828,297.5835,24.9344,16.4729