1
80.8363,147.2732,27.3665,25.0685
80.8363,147.2732,27.3665,25.0685
80.8363,147.2732,27.3665,25.0685
80.8363,147.2732,27.3665,25.0685
80.8363,147.2732,27.3665,25.0685
80.8363,147.2732,27.3665,25.0685
80.8363,147.2732,27.3665,25.0685
80.8363,147.2732,27.3665,25.0685
80.8363,147.2732,27.3665,25.0685
80.8363,147.2732,27.3665,25.0685
80.8363,147.2732,27.3665,25.0685
80.8363,147.2732,27.3665,25.0685
80.8363,147.2732,27.3665,25.0685
80.8363,147.2732,27.3665,25.0685
80.8363,147.2732,27.3665,25.0685
80.8363,147.2732,27.3665,25.0685
80.8363,147.2732,27.3665,25.0685
2
0
0
0
0
1
72.6152,98.8801,27.2542,30.0402
72.6152,98.8801,27.2542,30.0402
72.6152,98.8801,27.2542,30.0402
72.6152,98.8801,27.2542,30.0402
72.6152,98.8801,27.2542,30.0402
72.6152,98.8801,27.2542,30.0402
72.6152,98.8801,27.2542,30.0402
72.6152,98.8801,27.2542,30.0402
72.6152,98.8801,27.2542,30.0402
72.6152,98.8801,27.2542,30.0402
72.6152,98.8801,27.2542,30.0402
72.6152,98.8801,27.2542,30.0402
2
0
0
0
0
1
83.2306,53.6572,31.8663,29.1807
83.2306,53.6572,31.8663,29.1807
83.2306,53.6572,31.8663,29.1807
83.2306,53.6572,31.8663,29.1807
83.2306,53.6572,31.8663,29.1807
83.2306,53.6572,31.8663,29.1807
83.2306,53.6572,31.8663,29.1807
83.2306,53.6572,31.8663,29.1807
83.2306,53.6572,31.8663,29.1807
83.2306,53.6572,31.8663,29.1807
83.2306,53.6572,31.8663,29.1807
83.2306,53.6572,31.8663,29.1807
83.2306,53.6572,31.8663,29.1807
83.2306,53.6572,31.8663,29.1807
83.2306,53.6572,31.8663,29.1807
83.2306,53.6572,31.8663,29.1807
83.2306,53.6572,31.8663,29.1807
83.2306,53.6572,31.8663,29.1807
83.2306,53.6572,31.8663,29.1807
83.2306,53.6572,31.8663,29.1807
83.2306,53.6572,31.8663,29.1807
83.2306,53.6572,31.8663,29.1807
83.2306,53.6572,31.8663,29.1807
83.2306,53.6572,31.8663,29.1807
83.2306,53.6572,31.8663,29.1807
83.2306,53.6572,31.8663,29.1807
83.2306,53.6572,31.8663,29.1807
83.2306,53.6572,31.8663,29.1807
83.2306,53.6572,31.8663,29.1807
83.2306,53.6572,31.8663,29.1807
83.2306,53.6572,31.8663,29.1807
83.2306,53.6572,31.8663,29.1807
83.2306,53.6572,31.8663,29.1807
83.2306,53.6572,31.8663,29.1807
83.2306,53.6572,31.8663,29.1807
83.2306,53.6572,31.8663,29.1807
83.2306,53.6572,31.8663,29.1807
83.2306,53.6572,31.8663,29.1807
83.2306,53.6572,31.8663,29.1807
83.2306,53.6572,31.8663,29.1807
83.2306,53.6572,31.8663,29.1807
83.2306,53.6572,31.8663,29.1807
83.2306,53.6572,31.8663,29.1807
83.2306,53.6572,31.8663,29.1807
83.2306,53.6572,31.8663,29.1807
83.2306,53.6572,31.8663,29.1807
83.2306,53.6572,31.8663,29.1807
83.2306,53.6572,31.8663,29.1807
83.2306,53.6572,31.8663,29.1807
83.2306,53.6572,31.8663,29.1807
83.2306,53.6572,31.8663,29.1807
83.2306,53.6572,31.8663,29.1807
83.2306,53.6572,31.8663,29.1807
83.2306,53.6572,31.8663,29.1807
83.2306,53.6572,31.8663,29.1807
83.2306,53.6572,31.8663,29.1807
83.2306,53.6572,31.8663,29.1807
83.2306,53.6572,31.8663,29.1807
83.2306,53.6572,31.8663,29.1807
83.2306,53.6572,31.8663,29.1807
83.2306,53.6572,31.8663,29.1807
83.2306,53.6572,31.8663,29.1807
83.2306,53.6572,31.8663,29.1807
83.2306,53.6572,31.8663,29.1807
83.2306,53.6572,31.8663,29.1807
83.2306,53.6572,31.8663,29.1807
83.2306,53.6572,31.8663,29.1807
83.2306,53.6572,31.8663,29.1807
83.2306,53.6572,31.8663,29.1807
83.2306,53.6572,31.8663,29.1807
83.2306,53.6572,31.8663,29.1807
83.2306,53.6572,31.8663,29.1807
83.2306,53.6572,31.8663,29.1807
83.2306,53.6572,31.8663,29.1807
83.2306,53.6572,31.8663,29.1807
83.2306,53.6572,31.8663,29.1807
83.2306,53.6572,31.8663,29.1807
2
0
0
0
0
1
114.7521,79.1127,19.8758,24.8707
114.7521,79.1127,19.8758,24.8707
114.7521,79.1127,19.8758,24.8707
114.7521,79.1127,19.8758,24.8707
114.7521,79.1127,19.8758,24.8707
114.7521,79.1127,19.8758,24.8707
114.7521,79.1127,19.8758,24.8707
114.7521,79.1127,19.8758,24.8707
114.7521,79.1127,19.8758,24.8707
114.7521,79.1127,19.8758,24.8707
114.7521,79.1127,19.8758,24.8707
114.7521,79.1127,19.8758,24.8707
114.7521,79.1127,19.8758,24.8707
114.7521,79.1127,19.8758,24.8707
114.7521,79.1127,19.8758,24.8707
114.7521,79.1127,19.8758,24.8707
114.7521,79.1127,19.8758,24.8707
114.7521,79.1127,19.8758,24.8707
114.7521,79.1127,19.8758,24.8707
114.7521,79.1127,19.8758,24.8707
114.7521,79.1127,19.8758,24.8707
114.7521,79.1127,19.8758,24.8707
114.7521,79.1127,19.8758,24.8707
114.7521,79.1127,19.8758,24.8707
114.7521,79.1127,19.8758,24.8707
114.7521,79.1127,19.8758,24.8707
114.7521,79.1127,19.8758,24.8707
114.7521,79.1127,19.8758,24.8707
114.7521,79.1127,19.8758,24.8707
114.7521,79.1127,19.8758,24.8707
114.7521,79.1127,19.8758,24.8707
114.7521,79.1127,19.8758,24.8707
114.7521,79.1127,19.8758,24.8707
114.7521,79.1127,19.8758,24.8707
114.7521,79.1127,19.8758,24.8707
114.7521,79.1127,19.8758,24.8707
114.7521,79.1127,19.8758,24.8707
114.7521,79.1127,19.8758,24.8707
114.7521,79.1127,19.8758,24.8707
114.7521,79.1127,19.8758,24.8707
114.7521,79.1127,19.8758,24.8707
114.7521,79.1127,19.8758,24.8707
114.7521,79.1127,19.8758,24.8707
114.7521,79.1127,19.8758,24.8707
114.7521,79.1127,19.8758,24.8707
114.7521,79.1127,19.8758,24.8707
114.7521,79.1127,19.8758,24.8707
114.7521,79.1127,19.8758,24.8707
114.7521,79.1127,19.8758,24.8707
114.7521,79.1127,19.8758,24.8707
114.7521,79.1127,19.8758,24.8707
114.7521,79.1127,19.8758,24.8707
114.7521,79.1127,19.8758,24.8707
114.7521,79.1127,19.8758,24.8707
114.7521,79.1127,19.8758,24.8707
114.7521,79.1127,19.8758,24.8707
2
0
0
0
0
1
143.1625,71.4222,32.6351,25.0546
143.1625,71.4222,32.6351,25.0546
143.1625,71.4222,32.6351,25.0546
143.1625,71.4222,32.6351,25.0546
143.1625,71.4222,32.6351,25.0546
143.1625,71.4222,32.6351,25.0546
143.1625,71.4222,32.6351,25.0546
143.1625,71.4222,32.6351,25.0546
143.1625,71.4222,32.6351,25.0546
143.1625,71.4222,32.6351,25.0546
143.1625,71.4222,32.6351,25.0546
143.1625,71.4222,32.6351,25.0546
143.1625,71.4222,32.6351,25.0546
143.1625,71.4222,32.6351,25.0546
143.1625,71.4222,32.6351,25.0546
143.1625,71.4222,32.6351,25.0546
143.1625,71.4222,32.6351,25.0546
143.1625,71.4222,32.6351,25.0546
143.1625,71.4222,32.6351,25.0546
143.1625,71.4222,32.6351,25.0546
143.1625,71.4222,32.6351,25.0546
143.1625,71.4222,32.6351,25.0546
143.1625,71.4222,32.6351,25.0546
143.1625,71.4222,32.6351,25.0546
143.1625,71.4222,32.6351,25.0546
143.1625,71.4222,32.6351,25.0546
143.1625,71.4222,32.6351,25.0546
143.1625,71.4222,32.6351,25.0546
143.1625,71.4222,32.6351,25.0546
143.1625,71.4222,32.6351,25.0546
143.1625,71.4222,32.6351,25.0546
143.1625,71.4222,32.6351,25.0546
143.1625,71.4222,32.6351,25.0546
143.1625,71.4222,32.6351,25.0546
143.1625,71.4222,32.6351,25.0546
143.1625,71.4222,32.6351,25.0546
143.1625,71.4222,32.6351,25.0546
143.1625,71.4222,32.6351,25.0546
143.1625,71.4222,32.6351,25.0546
143.1625,71.4222,32.6351,25.0546
143.1625,71.4222,32.6351,25.0546
143.1625,71.4222,32.6351,25.0546
143.1625,71.4222,32.6351,25.0546
143.1625,71.4222,32.6351,25.0546
143.1625,71.4222,32.6351,25.0546
143.1625,71.4222,32.6351,25.0546
143.1625,71.4222,32.6351,25.0546
143.1625,71.4222,32.6351,25.0546
143.1625,71.4222,32.6351,25.0546
143.1625,71.4222,32.6351,25.0546
143.1625,71.4222,32.6351,25.0546
143.1625,71.4222,32.6351,25.0546
143.1625,71.4222,32.6351,25.0546
143.1625,71.4222,32.6351,25.0546
143.1625,71.4222,32.6351,25.0546
143.1625,71.4222,32.6351,25.0546
143.1625,71.4222,32.6351,25.0546
143.1625,71.4222,32.6351,25.0546
143.1625,71.4222,32.6351,25.0546
143.1625,71.4222,32.6351,25.0546
143.1625,71.4222,32.6351,25.0546
143.1625,71.4222,32.6351,25.0546
143.1625,71.4222,32.6351,25.0546
143.1625,71.4222,32.6351,25.0546
143.1625,71.4222,32.6351,25.0546
143.1625,71.4222,32.6351,25.0546
143.1625,71.4222,32.6351,25.0546
143.1625,71.4222,32.6351,25.0546
143.1625,71.4222,32.6351,25.0546
143.1625,71.4222,32.6351,25.0546
143.1625,71.4222,32.6351,25.0546
143.1625,71.4222,32.6351,25.0546
143.1625,71.4222,32.6351,25.0546
143.1625,71.4222,32.6351,25.0546
143.1625,71.4222,32.6351,25.0546
143.1625,71.4222,32.6351,25.0546
143.1625,71.4222,32.6351,25.0546
143.1625,71.4222,32.6351,25.0546
143.1625,71.4222,32.6351,25.0546
143.1625,71.4222,32.6351,25.0546
143.1625,71.4222,32.6351,25.0546
143.1625,71.4222,32.6351,25.0546
143.1625,71.4222,32.6351,25.0546
143.1625,71.4222,32.6351,25.0546
143.1625,71.4222,32.6351,25.0546
143.1625,71.4222,32.6351,25.0546
143.1625,71.4222,32.6351,25.0546
143.1625,71.4222,32.6351,25.0546
143.1625,71.4222,32.6351,25.0546
143.1625,71.4222,32.6351,25.0546
143.1625,71.4222,32.6351,25.0546
143.1625,71.4222,32.6351,25.0546
143.1625,71.4222,32.6351,25.0546
143.1625,71.4222,32.6351,25.0546
143.1625,71.4222,32.6351,25.0546
143.1625,71.4222,32.6351,25.0546
143.1625,71.4222,32.6351,25.0546
143.1625,71.4222,32.6351,25.0546
143.1625,71.4222,32.6351,25.0546
143.1625,71.4222,32.6351,25.0546
143.1625,71.4222,32.6351,25.0546
143.1625,71.4222,32.6351,25.0546
143.1625,71.4222,32.6351,25.0546
143.1625,71.4222,32.6351,25.0546
143.1625,71.4222,32.6351,25.0546
143.1625,71.4222,32.6351,25.0546
143.1625,71.4222,32.6351,25.0546
143.1625,71.4222,32.6351,25.0546
143.1625,71.4222,32.6351,25.0546
143.1625,71.4222,32.6351,25.0546
143.1625,71.4222,32.6351,25.0546
143.1625,71.4222,32.6351,25.0546
143.1625,71.4222,32.6351,25.0546
143.1625,71.4222,32.6351,25.0546
143.1625,71.4222,32.6351,25.0546
143.1625,71.4222,32.6351,25.0546
143.1625,71.4222,32.6351,25.0546
143.1625,71.4222,32.6351,25.0546
143.1625,71.4222,32.6351,25.0546
143.1625,71.4222,32.6351,25.0546
143.1625,71.4222,32.6351,25.0546
143.1625,71.4222,32.6351,25.0546
143.1625,71.4222,32.6351,25.0546
143.1625,71.4222,32.6351,25.0546
143.1625,71.4222,32.6351,25.0546
143.1625,71.4222,32.6351,25.0546
143.1625,71.4222,32.6351,25.0546
143.1625,71.4222,32.6351,25.0546
143.1625,71.4222,32.6351,25.0546
143.1625,71.4222,32.6351,25.0546
143.1625,71.4222,32.6351,25.0546
143.1625,71.4222,32.6351,25.0546
143.1625,71.4222,32.6351,25.0546
143.1625,71.4222,32.6351,25.0546
143.1625,71.4222,32.6351,25.0546
143.1625,71.4222,32.6351,25.0546
143.1625,71.4222,32.6351,25.0546
143.1625,71.4222,32.6351,25.0546
143.1625,71.4222,32.6351,25.0546
143.1625,71.4222,32.6351,25.0546
143.1625,71.4222,32.6351,25.0546
143.1625,71.4222,32.6351,25.0546
143.1625,71.4222,32.6351,25.0546
143.1625,71.4222,32.6351,25.0546
143.1625,71.4222,32.6351,25.0546
143.1625,71.4222,32.6351,25.0546
143.1625,71.4222,32.6351,25.0546
143.1625,71.4222,32.6351,25.0546
143.1625,71.4222,32.6351,25.0546
143.1625,71.4222,32.6351,25.0546
143.1625,71.4222,32.6351,25.0546
143.1625,71.4222,32.6351,25.0546
143.1625,71.4222,32.6351,25.0546
143.1625,71.4222,32.6351,25.0546
143.1625,71.4222,32.6351,25.0546
143.1625,71.4222,32.6351,25.0546
143.1625,71.4222,32.6351,25.0546
143.1625,71.4222,32.6351,25.0546
143.1625,71.4222,32.6351,25.0546
143.1625,71.4222,32.6351,25.0546
143.1625,71.4222,32.6351,25.0546
143.1625,71.4222,32.6351,25.0546
143.1625,71.4222,32.6351,25.0546
143.1625,71.4222,32.6351,25.0546
143.1625,71.4222,32.6351,25.0546
143.1625,71.4222,32.6351,25.0546
143.1625,71.4222,32.6351,25.0546
143.1625,71.4222,32.6351,25.0546
143.1625,71.4222,32.6351,25.0546
143.1625,71.4222,32.6351,25.0546
143.1625,71.4222,32.6351,25.0546
143.1625,71.4222,32.6351,25.0546
143.1625,71.4222,32.6351,25.0546
143.1625,71.4222,32.6351,25.0546
143.1625,71.4222,32.6351,25.0546
143.1625,71.4222,32.6351,25.0546
143.1625,71.4222,32.6351,25.0546
143.1625,71.4222,32.6351,25.0546
143.1625,71.4222,32.6351,25.0546