1
388.4798,473.2927,59.1805,62.5446
388.4798,473.2927,59.1805,62.5446
388.4798,473.2927,59.1805,62.5446
388.4798,473.2927,59.1805,62.5446
388.4798,473.2927,59.1805,62.5446
388.4798,473.2927,59.1805,62.5446
388.4798,473.2927,59.1805,62.5446
388.4798,473.2927,59.1805,62.5446
388.4798,473.2927,59.1805,62.5446
388.4798,473.2927,59.1805,62.5446
388.4798,473.2927,59.1805,62.5446
388.4798,473.2927,59.1805,62.5446
2
0
0
0
0
1
793.0501,415.1905,73.9497,41.0391
2
0
0
0
0
1
1207.2665,344.6753,68.6169,36.5444
2
0
0
0
0
1
1507.7362,287.3996,53.9276,34.5208
1507.7362,287.3996,53.9276,34.5208
1507.7362,287.3996,53.9276,34.5208
1507.7362,287.3996,53.9276,34.5208
1507.7362,287.3996,53.9276,34.5208
1507.7362,287.3996,53.9276,34.5208
2
0
0
0
0
1
1604.4523,300.5010,54.6453,56.4481
1604.4523,300.5010,54.6453,56.4481
1604.4523,300.5010,54.6453,56.4481
1604.4523,300.5010,54.6453,56.4481
1604.4523,300.5010,54.6453,56.4481
2
0
0
0
0
1
1596.8536,233.7344,44.4927,29.1411
1596.8536,233.7344,44.4927,29.1411
1596.8536,233.7344,44.4927,29.1411
1596.8536,233.7344,44.4927,29.1411
1596.8536,233.7344,44.4927,29.1411
1596.8536,233.7344,44.4927,29.1411
1596.8536,233.7344,44.4927,29.1411
2
0
0
0
0
1
1527.6047,208.5400,51.6907,28.2450
1527.6047,208.5400,51.6907,28.2450
2
0
0
0
0
1
1128.3221,267.6984,71.3557,60.4482
2
0
0
0
0
1
795.6046,357.5033,72.3757,66.9384
2
0
0
0
0
1
472.6696,493.2056,85.5508,69.4987
472.6696,493.2056,85.5508,69.4987
472.6696,493.2056,85.5508,69.4987
472.6696,493.2056,85.5508,69.4987
472.6696,493.2056,85.5508,69.4987
472.6696,493.2056,85.5508,69.4987
2
0
0
0
0
1
417.5043,560.6700,27.3515,64.7101
417.5043,560.6700,27.3515,64.7101
417.5043,560.6700,27.3515,64.7101
417.5043,560.6700,27.3515,64.7101
417.5043,560.6700,27.3515,64.7101
417.5043,560.6700,27.3515,64.7101
417.5043,560.6700,27.3515,64.7101
417.5043,560.6700,27.3515,64.7101
417.5043,560.6700,27.3515,64.7101
417.5043,560.6700,27.3515,64.7101
417.5043,560.6700,27.3515,64.7101
417.5043,560.6700,27.3515,64.7101
417.5043,560.6700,27.3515,64.7101
417.5043,560.6700,27.3515,64.7101
417.5043,560.6700,27.3515,64.7101
417.5043,560.6700,27.3515,64.7101
417.5043,560.6700,27.3515,64.7101
417.5043,560.6700,27.3515,64.7101
417.5043,560.6700,27.3515,64.7101
417.5043,560.6700,27.3515,64.7101
417.5043,560.6700,27.3515,64.7101
417.5043,560.6700,27.3515,64.7101
417.5043,560.6700,27.3515,64.7101
417.5043,560.6700,27.3515,64.7101
417.5043,560.6700,27.3515,64.7101
2
0
0
0
0
1
721.1505,407.9527,90.5290,47.8846
2
0
0
0
0
1
1221.3921,348.0603,80.8158,40.8194
2
0
0
0
0
1
1602.9421,285.0487,65.1158,34.9025
1602.9421,285.0487,65.1158,34.9025
1602.9421,285.0487,65.1158,34.9025
1602.9421,285.0487,65.1158,34.9025
1602.9421,285.0487,65.1158,34.9025
1602.9421,285.0487,65.1158,34.9025
1602.9421,285.0487,65.1158,34.9025
1602.9421,285.0487,65.1158,34.9025
1602.9421,285.0487,65.1158,34.9025
1602.9421,285.0487,65.1158,34.9025
1602.9421,285.0487,65.1158,34.9025
1602.9421,285.0487,65.1158,34.9025
1602.9421,285.0487,65.1158,34.9025
2
0
0
0
0
1
1549.7546,235.7605,56.9408,36.6889
1549.7546,235.7605,56.9408,36.6889
1549.7546,235.7605,56.9408,36.6889
1549.7546,235.7605,56.9408,36.6889
1549.7546,235.7605,56.9408,36.6889
1549.7546,235.7605,56.9408,36.6889
1549.7546,235.7605,56.9408,36.6889
1549.7546,235.7605,56.9408,36.6889
1549.7546,235.7605,56.9408,36.6889
1549.7546,235.7605,56.9408,36.6889
2
0
0
0
0
1
1207.7164,325.3635,76.4173,48.3181
2
0
0
0
0
1
888.1507,395.5333,77.8085,49.5283
2
0
0
0
0
1
596.1863,459.0059,81.2974,49.4733
596.1863,459.0059,81.2974,49.4733
2
0
0
0
0
1
324.5000,507.5000,91.0000,45.0000
324.5000,507.5000,91.0000,45.0000
324.5000,507.5000,91.0000,45.0000
324.5000,507.5000,91.0000,45.0000
324.5000,507.5000,91.0000,45.0000
324.5000,507.5000,91.0000,45.0000
324.5000,507.5000,91.0000,45.0000
324.5000,507.5000,91.0000,45.0000
324.5000,507.5000,91.0000,45.0000
324.5000,507.5000,91.0000,45.0000
324.5000,507.5000,91.0000,45.0000
324.5000,507.5000,91.0000,45.0000
324.5000,507.5000,91.0000,45.0000
324.5000,507.5000,91.0000,45.0000
324.5000,507.5000,91.0000,45.0000
2
0
0
0
0
1
369.9564,563.9083,67.2771,51.6734
2
0
0
0
0
1
855.6663,506.1702,91.1124,45.2245
2
0
0
0
0
1
1297.6737,485.7535,86.8025,38.7830
2
0
0
0
0
1
1569.8452,494.2621,29.2597,21.6557