1
495.5000,418.5000,41.0000,43.0000
495.5000,418.5000,41.0000,43.0000
495.5000,418.5000,41.0000,43.0000
495.5000,418.5000,41.0000,43.0000
2
0
0
0
0
1
503.4448,393.8490,43.9904,43.1419
503.4448,393.8490,43.9904,43.1419
503.4448,393.8490,43.9904,43.1419
503.4448,393.8490,43.9904,43.1419
503.4448,393.8490,43.9904,43.1419
2
0
0
0
0
1
512.5000,301.5000,40.0000,40.0000
512.5000,301.5000,40.0000,40.0000
512.5000,301.5000,40.0000,40.0000
512.5000,301.5000,40.0000,40.0000
512.5000,301.5000,40.0000,40.0000
512.5000,301.5000,40.0000,40.0000
2
0
0
0
0
1
518.5000,408.5000,42.0000,41.0000
518.5000,408.5000,42.0000,41.0000
2
0
0
0
0
1
538.3724,329.5235,43.6202,44.2980
538.3724,329.5235,43.6202,44.2980
538.3724,329.5235,43.6202,44.2980
538.3724,329.5235,43.6202,44.2980
2
0
0
0
0
1
532.0499,305.3085,45.7103,44.6031
532.0499,305.3085,45.7103,44.6031
2
0
0
0
0
1
477.0573,243.1193,43.9103,43.9815
477.0573,243.1193,43.9103,43.9815
477.0573,243.1193,43.9103,43.9815
2
0
0
0
0
1
412.5594,382.0572,43.5663,42.8607
412.5594,382.0572,43.5663,42.8607
412.5594,382.0572,43.5663,42.8607
412.5594,382.0572,43.5663,42.8607
412.5594,382.0572,43.5663,42.8607
412.5594,382.0572,43.5663,42.8607
412.5594,382.0572,43.5663,42.8607
412.5594,382.0572,43.5663,42.8607
412.5594,382.0572,43.5663,42.8607
412.5594,382.0572,43.5663,42.8607
412.5594,382.0572,43.5663,42.8607
412.5594,382.0572,43.5663,42.8607
2
0
0
0
0
1
388.1889,396.2643,41.8822,40.2914
388.1889,396.2643,41.8822,40.2914
388.1889,396.2643,41.8822,40.2914
388.1889,396.2643,41.8822,40.2914
388.1889,396.2643,41.8822,40.2914
388.1889,396.2643,41.8822,40.2914
388.1889,396.2643,41.8822,40.2914
388.1889,396.2643,41.8822,40.2914
388.1889,396.2643,41.8822,40.2914
388.1889,396.2643,41.8822,40.2914
2
0
0
0
0
1
423.4482,374.7582,43.9987,41.0336
423.4482,374.7582,43.9987,41.0336