1
242.0000,164.0000,117.0000,112.0000
242.0000,164.0000,117.0000,112.0000
242.0000,164.0000,117.0000,112.0000
242.0000,164.0000,117.0000,112.0000
242.0000,164.0000,117.0000,112.0000
215.8203,190.6250,120.0000,85.0000
215.8203,190.6250,120.0000,85.0000
215.8203,190.6250,120.0000,85.0000
215.8203,190.6250,120.0000,85.0000
215.8203,190.6250,120.0000,85.0000
215.8203,190.6250,120.0000,85.0000
215.8203,190.6250,120.0000,85.0000
224.1699,239.9551,112.0000,71.0000
207.2751,245.9041,127.0000,57.0000
207.2751,245.9041,127.0000,57.0000
207.2751,245.9041,127.0000,57.0000
207.2751,245.9041,127.0000,57.0000
207.2751,245.9041,127.0000,57.0000
207.2751,245.9041,127.0000,57.0000
2
0
0
0
0
1
254.0000,243.0000,121.0000,101.0000
254.0000,243.0000,121.0000,101.0000
254.0000,243.0000,121.0000,101.0000
254.0000,243.0000,121.0000,101.0000
254.0000,243.0000,121.0000,101.0000
254.0000,243.0000,121.0000,101.0000
254.0000,243.0000,121.0000,101.0000
254.0000,243.0000,121.0000,101.0000
254.0000,243.0000,121.0000,101.0000
2
0
0
0
0
1
261.5478,229.2067,117.0000,76.0000
261.5478,229.2067,117.0000,76.0000
261.5478,229.2067,117.0000,76.0000
261.5478,229.2067,117.0000,76.0000
261.5478,229.2067,117.0000,76.0000
261.5478,229.2067,117.0000,76.0000
259.4784,219.7681,120.0000,65.0000
255.4194,196.5975,123.0000,56.0000
255.4194,196.5975,123.0000,56.0000
255.4194,196.5975,123.0000,56.0000
255.4194,196.5975,123.0000,56.0000
255.4194,196.5975,123.0000,56.0000
255.4194,196.5975,123.0000,56.0000
255.4194,196.5975,123.0000,56.0000
255.4194,196.5975,123.0000,56.0000
255.4194,196.5975,123.0000,56.0000
255.4194,196.5975,123.0000,56.0000
255.4194,196.5975,123.0000,56.0000
255.4194,196.5975,123.0000,56.0000
255.4194,196.5975,123.0000,56.0000
255.4194,196.5975,123.0000,56.0000
255.4194,196.5975,123.0000,56.0000
255.4194,196.5975,123.0000,56.0000
255.4194,196.5975,123.0000,56.0000
255.4194,196.5975,123.0000,56.0000
301.7210,231.7953,130.0000,42.0000
265.9766,227.9649,138.0000,57.0000
242.6702,204.9153,131.0000,45.0000
242.6702,204.9153,131.0000,45.0000
230.3418,209.4516,104.0000,49.0000
245.3097,222.1984,97.0000,54.0000
247.5547,234.3058,87.0000,50.0000
264.3010,244.2682,97.0000,58.0000
293.1281,254.3190,107.0000,56.0000
293.1281,254.3190,107.0000,56.0000
293.1281,254.3190,107.0000,56.0000
293.1281,254.3190,107.0000,56.0000
267.0439,278.8746,117.0000,52.0000
258.7378,266.8181,126.0000,60.0000
258.7378,266.8181,126.0000,60.0000
258.7378,266.8181,126.0000,60.0000
258.7378,266.8181,126.0000,60.0000
202.1854,267.2741,118.0000,45.0000
213.6174,255.2772,127.0000,41.0000
230.7449,233.4737,123.0000,31.0000
2
0
0
0
0
1
284.8000,208.4165,123.0000,76.0000
254.0259,230.1158,130.0000,59.0000
244.9329,250.7033,119.0000,46.0000
228.3547,256.9630,126.0000,30.0000
213.4395,246.5667,132.0000,28.0000
199.0789,258.6925,138.0000,26.0000
201.4563,260.4512,97.0000,15.0000
201.4563,260.4512,97.0000,15.0000
201.4563,260.4512,97.0000,15.0000
258.6362,262.2820,75.0000,6.0000
258.6362,262.2820,75.0000,6.0000
258.6362,262.2820,75.0000,6.0000
291.5909,259.6490,75.0000,9.0000
303.3711,256.3649,93.0000,14.0000
298.2766,249.8979,114.0000,14.0000
255.4305,250.3429,100.0000,12.0000
236.1825,245.8286,90.0000,5.0000
161.7862,244.9329,100.0000,8.0000
161.7862,244.9329,100.0000,8.0000
161.7862,244.9329,100.0000,8.0000
161.7862,244.9329,100.0000,8.0000
221.4474,240.5341,106.0000,9.0000
221.4474,240.5341,106.0000,9.0000
221.4474,240.5341,106.0000,9.0000
231.5251,236.7162,120.0000,13.0000
218.6063,238.4079,121.0000,16.0000
215.9046,234.4154,132.0000,23.0000
223.0048,224.6056,140.0000,25.0000
229.8483,224.3035,135.0000,23.0000
222.1353,238.6075,139.0000,16.0000
200.2961,251.9293,128.0000,9.0000
196.1804,255.3320,128.0000,10.0000
207.9804,250.6767,136.0000,14.0000
207.9804,250.6767,136.0000,14.0000
207.9804,250.6767,136.0000,14.0000
189.0795,244.8683,144.0000,18.0000
189.0795,244.8683,144.0000,18.0000
189.0795,244.8683,144.0000,18.0000
189.0795,244.8683,144.0000,18.0000
184.0356,256.1437,137.0000,18.0000
225.4332,249.5533,132.0000,9.0000
225.4332,249.5533,132.0000,9.0000
225.4332,249.5533,132.0000,9.0000
225.4332,249.5533,132.0000,9.0000
185.6230,244.2815,116.0000,9.0000
176.4743,240.9703,138.0000,14.0000
170.9409,237.7267,172.0000,21.0000
202.0021,242.8361,163.0000,23.0000
226.0341,256.4070,156.0000,18.0000
250.9812,270.5077,147.0000,11.0000
287.1980,278.4275,124.0000,8.0000
268.6231,275.9427,142.0000,12.0000
233.5777,270.6005,144.0000,10.0000
208.9218,266.7338,127.0000,7.0000
181.6012,264.2503,115.0000,8.0000
135.5376,260.9359,128.0000,13.0000
91.0428,257.0449,146.0000,19.0000
89.2749,247.5447,176.0000,21.0000
139.0781,238.3168,192.0000,16.0000
183.1045,231.7163,192.0000,15.0000
183.1045,231.7163,192.0000,15.0000
216.8634,227.3159,127.0000,3.0000
216.8634,227.3159,127.0000,3.0000
216.8634,227.3159,127.0000,3.0000
216.8634,227.3159,127.0000,3.0000
216.8634,227.3159,127.0000,3.0000
216.8634,227.3159,127.0000,3.0000
216.8634,227.3159,127.0000,3.0000
216.8634,227.3159,127.0000,3.0000
216.8634,227.3159,127.0000,3.0000
216.8634,227.3159,127.0000,3.0000
216.8634,227.3159,127.0000,3.0000
216.8634,227.3159,127.0000,3.0000
216.8634,227.3159,127.0000,3.0000
241.3649,227.2608,117.0000,4.0000
234.1652,224.8180,151.0000,6.0000
248.7507,224.3788,142.0000,9.0000
248.7507,224.3788,142.0000,9.0000
248.7507,224.3788,142.0000,9.0000
2
0
0
0
0
1
225.3993,260.0266,85.0000,63.0000
216.9481,270.3335,104.0000,45.0000
216.9481,270.3335,104.0000,45.0000
216.9481,270.3335,104.0000,45.0000
216.9481,270.3335,104.0000,45.0000
216.9481,270.3335,104.0000,45.0000
216.9481,270.3335,104.0000,45.0000
216.9481,270.3335,104.0000,45.0000
216.9481,270.3335,104.0000,45.0000
216.9481,270.3335,104.0000,45.0000
216.9481,270.3335,104.0000,45.0000
216.9481,270.3335,104.0000,45.0000
216.9481,270.3335,104.0000,45.0000
216.9481,270.3335,104.0000,45.0000
216.9481,270.3335,104.0000,45.0000
216.9481,270.3335,104.0000,45.0000
216.9481,270.3335,104.0000,45.0000
216.9481,270.3335,104.0000,45.0000
216.9481,270.3335,104.0000,45.0000
216.9481,270.3335,104.0000,45.0000
216.9481,270.3335,104.0000,45.0000
216.9481,270.3335,104.0000,45.0000
216.9481,270.3335,104.0000,45.0000
216.9481,270.3335,104.0000,45.0000
216.9481,270.3335,104.0000,45.0000
216.9481,270.3335,104.0000,45.0000
216.9481,270.3335,104.0000,45.0000
216.9481,270.3335,104.0000,45.0000
216.9481,270.3335,104.0000,45.0000
216.9481,270.3335,104.0000,45.0000
216.9481,270.3335,104.0000,45.0000
216.9481,270.3335,104.0000,45.0000
216.9481,270.3335,104.0000,45.0000
216.9481,270.3335,104.0000,45.0000
216.9481,270.3335,104.0000,45.0000
216.9481,270.3335,104.0000,45.0000
216.9481,270.3335,104.0000,45.0000
216.9481,270.3335,104.0000,45.0000
216.9481,270.3335,104.0000,45.0000
216.9481,270.3335,104.0000,45.0000
216.9481,270.3335,104.0000,45.0000
2
0
0
0
0
1
231.0000,185.0000,120.0000,102.0000
231.0000,185.0000,120.0000,102.0000
231.0000,185.0000,120.0000,102.0000
181.1139,211.6419,131.0000,91.0000
181.1139,211.6419,131.0000,91.0000
181.1139,211.6419,131.0000,91.0000
181.1139,211.6419,131.0000,91.0000
181.1139,211.6419,131.0000,91.0000
181.1139,211.6419,131.0000,91.0000
181.1139,211.6419,131.0000,91.0000
181.1139,211.6419,131.0000,91.0000
181.1139,211.6419,131.0000,91.0000
181.1139,211.6419,131.0000,91.0000
181.1139,211.6419,131.0000,91.0000
181.1139,211.6419,131.0000,91.0000
271.9269,270.6200,84.0000,56.0000
271.9269,270.6200,84.0000,56.0000
271.9269,270.6200,84.0000,56.0000
271.9269,270.6200,84.0000,56.0000
271.9269,270.6200,84.0000,56.0000
271.9269,270.6200,84.0000,56.0000
232.0058,282.0608,59.0000,35.0000
243.3999,283.8335,61.0000,25.0000
243.3999,283.8335,61.0000,25.0000
243.3999,283.8335,61.0000,25.0000
2
0
0
0
0
1
261.0000,255.0000,109.0000,95.0000
261.0000,255.0000,109.0000,95.0000
261.0000,255.0000,109.0000,95.0000
261.0000,255.0000,109.0000,95.0000
261.0000,255.0000,109.0000,95.0000
237.2527,199.7812,86.0000,57.0000
218.5736,239.5025,79.0000,44.0000
218.5736,239.5025,79.0000,44.0000
2
0
0
0
0
1
241.3343,209.8567,118.0000,80.0000
256.1209,253.8210,82.0000,51.0000
256.1209,253.8210,82.0000,51.0000
227.9987,284.2948,60.0000,35.0000
223.3053,291.7672,51.0000,24.0000
223.3053,291.7672,51.0000,24.0000
2
0
0
0
0
1
232.0000,205.0000,104.0000,99.0000
210.7098,241.5007,95.0000,76.0000
223.0758,248.4089,93.0000,62.0000
234.4704,245.1623,78.0000,37.0000
237.9563,247.2160,48.0000,26.0000
241.6699,245.3416,28.0000,17.0000
228.3706,239.0302,17.0000,23.0000
2
0
0
0
0
1
269.0000,222.0000,106.0000,93.0000
269.0000,222.0000,106.0000,93.0000
269.0000,222.0000,106.0000,93.0000
207.9348,252.3981,106.0000,83.0000
207.9348,252.3981,106.0000,83.0000
207.9348,252.3981,106.0000,83.0000
245.3808,237.0718,102.0000,81.0000
230.6545,237.7529,108.0000,67.0000
230.6545,237.7529,108.0000,67.0000
230.6545,237.7529,108.0000,67.0000
230.6545,237.7529,108.0000,67.0000
230.6545,237.7529,108.0000,67.0000
230.6545,237.7529,108.0000,67.0000
274.2026,220.9103,102.0000,80.0000
265.8827,235.8661,111.0000,78.0000
265.8827,235.8661,111.0000,78.0000
265.8827,235.8661,111.0000,78.0000
265.8827,235.8661,111.0000,78.0000
265.8827,235.8661,111.0000,78.0000
265.8827,235.8661,111.0000,78.0000
265.8827,235.8661,111.0000,78.0000
265.8827,235.8661,111.0000,78.0000
265.8827,235.8661,111.0000,78.0000
271.5064,218.3631,104.0000,63.0000
271.5064,218.3631,104.0000,63.0000
269.4389,213.1678,112.0000,72.0000
277.6015,230.3632,110.0000,68.0000
277.6015,230.3632,110.0000,68.0000
277.6015,230.3632,110.0000,68.0000
277.6015,230.3632,110.0000,68.0000
277.6015,230.3632,110.0000,68.0000
277.6015,230.3632,110.0000,68.0000
221.0465,243.0121,93.0000,68.0000
174.2689,233.1196,83.0000,58.0000
221.8313,207.5706,74.0000,49.0000
221.8313,207.5706,74.0000,49.0000
235.9927,180.0064,91.0000,57.0000
235.9927,180.0064,91.0000,57.0000
235.9927,180.0064,91.0000,57.0000
250.0615,217.4454,99.0000,44.0000
247.5302,232.3204,81.0000,35.0000
247.5302,232.3204,81.0000,35.0000
247.5302,232.3204,81.0000,35.0000
247.5302,232.3204,81.0000,35.0000
247.5302,232.3204,81.0000,35.0000
270.0989,219.4487,88.0000,42.0000
244.9298,214.6241,107.0000,43.0000
228.1251,243.4457,98.0000,40.0000
228.1251,243.4457,98.0000,40.0000
228.1251,243.4457,98.0000,40.0000
228.1251,243.4457,98.0000,40.0000
273.9709,250.1565,107.0000,39.0000
273.1171,254.7782,117.0000,39.0000
267.7402,267.1661,117.0000,37.0000
270.9263,279.7272,113.0000,33.0000
270.9263,279.7272,113.0000,33.0000
270.9263,279.7272,113.0000,33.0000
270.9263,279.7272,113.0000,33.0000
273.2440,268.2778,114.0000,24.0000
273.2440,268.2778,114.0000,24.0000
271.2335,262.2850,117.0000,21.0000
261.0277,270.3401,123.0000,21.0000
261.0277,270.3401,123.0000,21.0000
241.1698,260.0423,128.0000,31.0000
244.6499,247.4555,120.0000,28.0000
248.0358,242.8161,121.0000,30.0000
244.2248,245.8739,122.0000,30.0000
237.0319,252.5363,133.0000,31.0000
241.4444,249.2738,143.0000,40.0000
263.2291,243.7604,138.0000,35.0000
281.5525,225.3816,129.0000,44.0000
291.1506,216.2397,113.0000,35.0000
291.1506,216.2397,113.0000,35.0000
284.2326,225.6179,113.0000,25.0000
276.0220,235.1127,114.0000,23.0000
238.8691,235.5827,140.0000,30.0000
226.3600,232.4558,131.0000,25.0000
226.3600,232.4558,131.0000,25.0000
212.6139,225.8945,117.0000,24.0000
212.6139,225.8945,117.0000,24.0000
2
0
0
0
0
1
295.0000,225.0000,103.0000,85.0000
295.0000,225.0000,103.0000,85.0000
255.2027,266.2188,73.0000,61.0000
274.5980,278.6789,76.0000,39.0000
274.5980,278.6789,76.0000,39.0000
274.5980,278.6789,76.0000,39.0000
274.5980,278.6789,76.0000,39.0000
274.5980,278.6789,76.0000,39.0000
274.5980,278.6789,76.0000,39.0000
274.5980,278.6789,76.0000,39.0000
274.5980,278.6789,76.0000,39.0000
274.5980,278.6789,76.0000,39.0000
274.5980,278.6789,76.0000,39.0000
274.5980,278.6789,76.0000,39.0000
274.5980,278.6789,76.0000,39.0000
274.5980,278.6789,76.0000,39.0000
332.5494,312.2622,58.0000,26.0000
332.5494,312.2622,58.0000,26.0000
332.5494,312.2622,58.0000,26.0000
332.5494,312.2622,58.0000,26.0000
332.5494,312.2622,58.0000,26.0000
2
0
0
0
0
1
247.0000,238.0000,100.0000,84.0000
247.0000,238.0000,100.0000,84.0000
247.0000,238.0000,100.0000,84.0000
247.0000,238.0000,100.0000,84.0000
245.8193,253.0569,98.0000,72.0000
230.9650,223.4142,105.0000,63.0000
232.9068,201.1617,103.0000,63.0000
232.9068,201.1617,103.0000,63.0000
231.3545,197.1335,93.0000,53.0000
213.2857,224.9445,97.0000,55.0000
203.5772,223.2858,90.0000,43.0000
203.5772,223.2858,90.0000,43.0000
203.5772,223.2858,90.0000,43.0000
203.5772,223.2858,90.0000,43.0000
199.4678,258.3327,94.0000,28.0000
198.4219,277.8216,110.0000,22.0000
198.4219,277.8216,110.0000,22.0000
198.4219,277.8216,110.0000,22.0000
198.4219,277.8216,110.0000,22.0000
2
0
0
0
0
1
181.0000,218.0000,109.0000,86.0000
187.8149,245.7741,109.0000,66.0000
187.8149,245.7741,109.0000,66.0000
187.8149,245.7741,109.0000,66.0000
250.7389,212.4592,88.0000,56.0000
270.1568,219.6837,102.0000,54.0000
270.1568,219.6837,102.0000,54.0000
335.9775,223.1207,71.0000,35.0000
335.9775,223.1207,71.0000,35.0000
335.9775,223.1207,71.0000,35.0000
335.9775,223.1207,71.0000,35.0000
2
0
0
0
0
1
311.0305,171.4654,80.0000,71.0000
319.4536,180.0816,72.0000,62.0000
319.4536,180.0816,72.0000,62.0000
319.4536,180.0816,72.0000,62.0000
319.4561,228.5133,48.0000,37.0000
327.5909,252.3058,39.0000,22.0000
318.7867,249.7055,34.0000,7.0000
310.9889,247.7997,42.0000,10.0000
2
0
0
0
0
1
302.4078,194.7982,92.0000,72.0000
294.5328,229.1597,93.0000,55.0000
294.5328,229.1597,93.0000,55.0000
278.6188,242.9523,83.0000,39.0000
277.7042,253.4594,76.0000,26.0000
284.0659,255.5277,81.0000,34.0000
284.0659,255.5277,81.0000,34.0000
284.0659,255.5277,81.0000,34.0000
284.0659,255.5277,81.0000,34.0000
316.7723,271.8473,72.0000,25.0000
316.7723,271.8473,72.0000,25.0000
316.7723,271.8473,72.0000,25.0000
339.7966,269.6898,70.0000,34.0000
347.9504,290.2511,72.0000,30.0000
321.6382,306.8181,82.0000,28.0000
333.6266,311.9602,66.0000,19.0000
321.2203,320.6326,44.0000,7.0000
304.2530,317.4950,40.0000,3.0000
287.9657,317.2638,30.0000,2.0000
276.0750,316.6304,39.0000,3.0000
2
0
0
0
0
1
341.2177,249.6052,83.0000,73.0000
367.0379,262.6609,74.0000,59.0000
336.8141,275.9841,64.0000,42.0000
333.1197,282.9985,74.0000,34.0000
305.3545,286.1153,69.0000,32.0000
277.8595,292.8475,54.0000,21.0000
277.8595,292.8475,54.0000,21.0000
277.8595,292.8475,54.0000,21.0000
277.8595,292.8475,54.0000,21.0000
2
0
0
0
0
1
316.0000,190.0000,93.0000,89.0000
316.0000,190.0000,93.0000,89.0000
336.3511,260.0615,59.0000,62.0000
315.3535,270.0156,54.0000,42.0000
315.3535,270.0156,54.0000,42.0000
2
0
0
0
0
1
292.1034,250.6296,77.0000,47.0000
292.1034,250.6296,77.0000,47.0000
292.1034,250.6296,77.0000,47.0000
292.1034,250.6296,77.0000,47.0000
292.1034,250.6296,77.0000,47.0000
2
0
0
0
0
1
218.0000,158.0000,95.0000,86.0000
218.0000,158.0000,95.0000,86.0000
218.0000,158.0000,95.0000,86.0000
2
0
0
0
0
1
251.4813,295.1943,91.0000,58.0000
282.5197,298.9100,72.0000,40.0000
282.5197,298.9100,72.0000,40.0000
282.5197,298.9100,72.0000,40.0000
2
0
0
0
0
1
226.1327,255.3638,87.0000,74.0000
226.1327,255.3638,87.0000,74.0000
243.6732,258.6559,89.0000,68.0000
254.5873,256.4519,81.0000,61.0000
254.5873,256.4519,81.0000,61.0000
278.0971,240.3532,70.0000,72.0000
288.2031,215.8980,82.0000,84.0000
280.8453,211.5680,90.0000,68.0000
273.7744,204.8204,85.0000,62.0000
278.0861,197.0445,94.0000,71.0000
305.4930,198.9176,94.0000,59.0000
290.9057,229.8177,99.0000,57.0000
276.8757,258.1803,92.0000,59.0000
274.4930,271.0369,80.0000,59.0000
274.4930,271.0369,80.0000,59.0000
287.1418,263.2023,91.0000,74.0000
272.9321,248.2871,98.0000,74.0000
272.9321,248.2871,98.0000,74.0000
272.9321,248.2871,98.0000,74.0000
272.9321,248.2871,98.0000,74.0000
266.9917,235.0249,94.0000,71.0000
266.9917,235.0249,94.0000,71.0000
266.9917,235.0249,94.0000,71.0000
266.9917,235.0249,94.0000,71.0000
266.9917,235.0249,94.0000,71.0000
244.0021,229.6504,92.0000,58.0000
244.0021,229.6504,92.0000,58.0000
296.0211,255.6407,83.0000,41.0000
272.8866,271.8923,103.0000,39.0000
253.9647,256.1736,99.0000,29.0000
275.6522,261.6657,68.0000,23.0000
269.7093,275.2306,54.0000,26.0000
272.1429,268.3378,65.0000,15.0000
299.6109,267.3731,75.0000,14.0000
309.4344,278.0300,63.0000,6.0000
291.9775,274.2735,72.0000,7.0000
279.2713,276.3802,80.0000,5.0000
254.8478,278.3689,49.0000,2.0000
2
0
0
0
0
1
287.7742,228.2649,88.0000,78.0000
287.7742,228.2649,88.0000,78.0000
276.0264,230.9219,93.0000,85.0000
276.0264,230.9219,93.0000,85.0000
269.8638,243.0509,87.0000,71.0000
264.9156,229.9898,87.0000,72.0000
264.9156,229.9898,87.0000,72.0000
278.5764,220.5091,87.0000,77.0000
278.4064,234.0190,88.0000,77.0000
260.9656,241.9149,90.0000,66.0000
260.9656,241.9149,90.0000,66.0000
268.3183,238.5805,88.0000,75.0000
268.3183,238.5805,88.0000,75.0000
262.1776,231.2872,93.0000,83.0000
251.7674,244.9703,90.0000,83.0000
251.7674,244.9703,90.0000,83.0000
251.3292,249.9140,88.0000,79.0000
256.3403,240.6956,82.0000,88.0000
256.3403,240.6956,82.0000,88.0000
248.2839,247.6644,90.0000,85.0000
249.7776,256.3646,88.0000,79.0000
249.7776,256.3646,88.0000,79.0000
249.7776,256.3646,88.0000,79.0000
249.7776,256.3646,88.0000,79.0000
247.6982,254.6719,94.0000,90.0000
229.1149,257.1122,92.0000,76.0000
238.9621,244.7689,93.0000,84.0000
245.0465,240.8457,85.0000,76.0000
243.4059,221.5178,92.0000,88.0000
243.4059,221.5178,92.0000,88.0000
243.4059,221.5178,92.0000,88.0000
244.1724,217.6289,83.0000,86.0000
249.1890,215.6621,94.0000,81.0000
249.1890,215.6621,94.0000,81.0000
252.2906,230.1955,95.0000,73.0000
248.8748,242.0430,103.0000,74.0000
248.8748,242.0430,103.0000,74.0000
251.5784,244.0324,96.0000,76.0000
250.3632,233.7086,102.0000,85.0000
250.3632,233.7086,102.0000,85.0000
264.7249,233.9346,94.0000,74.0000
259.5547,243.2705,96.0000,64.0000
237.0547,255.2705,108.0000,53.0000
239.5578,248.1673,111.0000,65.0000
244.5364,233.9978,104.0000,79.0000
244.5364,233.9978,104.0000,79.0000
230.8028,246.1263,107.0000,75.0000
228.9231,259.7509,99.0000,67.0000
228.9231,259.7509,99.0000,67.0000
238.0712,255.1229,122.0000,80.0000
255.8002,252.6224,114.0000,76.0000
255.8002,252.6224,114.0000,76.0000
245.0049,237.5142,114.0000,91.0000
233.5508,251.4478,105.0000,83.0000
247.3673,260.5368,116.0000,71.0000
274.1495,252.1303,105.0000,83.0000
265.1882,240.6713,111.0000,83.0000
257.6057,299.1427,121.0000,71.0000
251.8797,308.4816,115.0000,67.0000
251.8797,308.4816,115.0000,67.0000
251.8797,308.4816,115.0000,67.0000
251.8797,308.4816,115.0000,67.0000
2
0
0
0
0
1
337.0099,258.0125,83.0000,58.0000
305.1929,261.5440,62.0000,46.0000
285.0321,280.6323,45.0000,36.0000
270.8598,296.5761,32.0000,21.0000
265.3008,304.8464,41.0000,10.0000
272.6908,302.6466,24.0000,2.0000
282.0702,302.3614,15.0000,2.0000
282.0702,302.3614,15.0000,2.0000
2
0
0
0
0
1
235.1047,262.8014,100.0000,67.0000
235.1047,262.8014,100.0000,67.0000
235.1047,262.8014,100.0000,67.0000
244.1549,233.1252,109.0000,58.0000
238.5578,237.9217,110.0000,48.0000
238.5578,237.9217,110.0000,48.0000
243.7002,234.9506,108.0000,54.0000
243.7002,234.9506,108.0000,54.0000
243.7002,234.9506,108.0000,54.0000
2
0
0
0
0
1
249.2802,204.8220,100.0000,73.0000
248.8953,192.1398,91.0000,68.0000
241.7561,181.7362,98.0000,70.0000
241.7561,181.7362,98.0000,70.0000
266.8234,187.2996,85.0000,56.0000
258.9240,199.6387,92.0000,57.0000
266.0819,234.3254,55.0000,48.0000
296.0117,265.0647,39.0000,34.0000
294.5408,264.5685,45.0000,24.0000
271.8608,254.8557,31.0000,11.0000
262.3686,250.1057,34.0000,4.0000
2
0
0
0
0
1
282.8230,262.3421,71.0000,63.0000
297.6169,286.5066,72.0000,53.0000
322.2482,300.3319,73.0000,38.0000
294.3673,291.7362,92.0000,33.0000
281.4940,278.0023,100.0000,24.0000
253.6397,259.9912,89.0000,30.0000
2
0
0
0
0
1
312.0000,232.0000,90.0000,85.0000
312.0000,232.0000,90.0000,85.0000
288.5769,265.8108,78.0000,63.0000
288.5769,265.8108,78.0000,63.0000
288.5769,265.8108,78.0000,63.0000
288.5769,265.8108,78.0000,63.0000
288.5769,265.8108,78.0000,63.0000
321.3548,236.4364,41.0000,33.0000
335.5824,245.1606,54.0000,19.0000
335.5824,245.1606,54.0000,19.0000
335.5824,245.1606,54.0000,19.0000
335.5824,245.1606,54.0000,19.0000
335.5824,245.1606,54.0000,19.0000
335.5824,245.1606,54.0000,19.0000
335.5824,245.1606,54.0000,19.0000
335.5824,245.1606,54.0000,19.0000
2
0
0
0
0
1
273.8215,223.1836,102.0000,70.0000
279.6783,232.7585,109.0000,54.0000
285.9227,236.2859,101.0000,48.0000
285.9227,236.2859,101.0000,48.0000
281.4837,250.0689,91.0000,44.0000