175.3306
0.0630
0.0600
0.0640
0.0640
0.0600
0.0630
0.0650
0.0680
0.0660
0.0690
0.0590
0.0760
0.0850
0.1070
0.0960
0.1000
0.0750
0.0730
0.0690
0.0880
NaN
NaN
NaN
NaN
179.4116
0.0570
0.0620
0.0540
0.0590
0.0670
0.0670
0.0680
0.0800
0.0650
0.0660
NaN
NaN
NaN
NaN
175.3616
0.0700
0.0580
0.0620
0.0610
0.0560
0.0670
0.0670
0.0670
0.0670
0.0710
0.0710
0.0730
0.0850
0.0820
0.0680
0.0770
0.0670
0.0790
0.0610
0.0720
0.0640
0.0660
0.0750
0.0670
0.0740
0.0710
0.0770
0.0760
0.0710
0.0740
0.0850
0.0880
0.0730
0.0750
0.0800
0.0790
0.0730
0.0890
0.1000
0.0820
0.0750
0.0780
0.0710
0.0690
0.0740
0.0700
NaN
NaN
NaN
NaN
173.5676
0.0600
0.0640
0.0580
0.0590
0.0730
0.0680
0.0610
0.0620
0.0620
0.0600
0.0580
0.0610
0.0920
0.0960
0.0830
0.0730
0.0650
0.0620
0.0620
0.0640
0.0670
0.0670
0.0670
0.0670
0.0730
0.0720
0.0720
0.0710
0.0830
0.0760
0.0690
0.0660
0.0800
0.0710
0.0650
0.0650
0.0740
0.1190
0.0860
0.0720
0.0670
0.0930
0.0980
0.0760
0.0790
0.0720
0.0690
0.0680
0.0740
0.0690
0.0840
0.0680
0.0730
0.0700
0.0650
0.0720
0.0720
0.0680
0.0740
0.0700
0.0700
0.0700
0.0720
0.0650
0.0740
0.0730
0.0710
0.0730
0.0700
0.1560
0.0820
0.0650
0.0670
0.0700
0.0710
0.0730
0.0740
0.0700
0.0690
0.0700
NaN
NaN
NaN
NaN
173.6056
0.0600
0.0630
0.0650
0.0640
0.0560
0.0670
0.0560
0.0630
0.0690
0.0690
0.0640
0.0610
0.0730
0.0950
0.0880
0.0740
0.0640
0.0760
0.0720
0.0720
0.0650
0.0670
0.0710
0.0800
0.0800
0.0680
0.0640
0.0690
0.0700
0.0700
0.0740
0.1180
0.0750
0.0690
0.0700
0.0720
0.0710
0.0700
0.0710
0.1350
0.0990
0.0790
NaN
NaN
NaN
NaN
173.7680
0.0580
0.0580
0.0600
0.0560
0.0690
0.0630
0.0680
0.0650
0.0610
0.0590
0.0530
0.0610
0.0670
0.1230
0.1840
0.0870
0.0850
0.0690
0.0730
0.0680
0.0700
0.0800
0.0720
0.0680
0.0670
0.0770
NaN
NaN
NaN
NaN
173.4996
0.0510
0.0580
0.0610
0.0620
0.0580
0.0580
0.0670
0.0620
0.0590
NaN
NaN
NaN
NaN
174.5896
0.0550
0.0610
0.0560
0.0550
0.0600
0.0610
0.0590
NaN
NaN
NaN
NaN
173.5386
0.0590
0.0550
0.0620
0.0620
0.0550
0.0530
0.0560
0.0550
NaN
NaN
NaN
NaN
173.3566
0.0610
0.0530
0.0650
0.0590
0.0560
0.0570
0.0830
0.0640
0.0550
0.0580
0.0600
0.0620
0.0560
0.0820
0.0930
0.0740
0.0720
0.0640
0.0630
0.0660
0.0760
0.0680
0.0710
0.0680
0.0740
0.0690
0.0690
0.0640
0.0670
0.0770
0.0770
0.0790
0.0730
0.0710
0.0670
0.0670
0.0720
0.0710
0.0710
0.0650
0.0720
0.0670
0.0640
0.0680
0.0660
0.0900
0.0940
0.0670
0.0730
0.0680
0.0790
0.0820
0.0660
0.0660
0.0660
0.0740
0.0670
0.0650
0.0630
0.0670
0.0730
0.0640
0.0710
0.0640
0.0640
0.0740
0.0680
0.0750
0.0670
0.0640
0.0650
0.0650
0.0870
0.0690
0.0690
0.0700
0.0670
0.0980
0.0910
0.0730
0.0720
NaN
NaN
NaN
NaN
173.7563
0.0520
0.0610
0.0620
0.0600
0.0620
0.0630
0.0510
0.0630
0.0610
0.0650
0.0640
0.0610
0.0550
0.0590
0.1090
0.1100
0.0760
0.0690
0.0600
0.0660
0.0730
0.0740
NaN
NaN
NaN
NaN
176.8096
0.0640
0.0610
0.0670
0.0710
0.0710
0.0620
0.0730
0.0970
0.0720
0.0770
0.0690
0.1030
0.3020
0.1150
0.1130
0.0890
0.0820
0.0980
0.0890
0.1140
NaN
NaN
NaN
NaN
179.5049
0.0740
0.0650
0.1110
0.1120
0.0800
0.0680
0.0750
0.0940
0.0780
0.1000
0.0870
0.0700
NaN
NaN
NaN
NaN
174.6183
0.0610
0.0570
0.0610
0.0590
0.0580
0.0690
0.0640
0.0710
0.0540
NaN
NaN
NaN
NaN
177.7262
0.0720
0.0660
0.0680
0.0690
0.0770
0.0690
0.0710
0.0630
0.0610
0.0570
0.0690
0.0630
0.1080
0.0910
0.0740
0.0710
0.0700
0.0700
0.0770
0.0730
0.0880
NaN
NaN
NaN
NaN
176.1649
0.0570
0.0580
0.0540
0.0620
0.0620
0.0590
0.0520
0.0620
0.0570
0.0530
NaN
NaN
NaN
NaN
174.0498
0.0640
0.0610
0.0650
0.0630
0.0630
0.0680
NaN
NaN
NaN
NaN
174.9346
0.0580
0.0580
0.0640
0.0630
0.0550
0.0690
NaN
NaN
NaN
NaN
174.7474
0.0620
0.0570
0.0590
0.0590
NaN
NaN
NaN
NaN
177.0109
0.0630
0.0650
0.0680
0.1470
0.0580
NaN
NaN
NaN
NaN
177.3866
0.0600
0.0630
0.0570
0.0660
0.0570
0.0610
0.0610
0.0620
0.0600
0.0610
0.0590
0.0550
0.0640
0.0610
0.0630
0.0860
0.0870
0.0690
0.0600
0.0620
0.0620
0.0690
0.0680
0.0700
0.0680
0.0670
0.0680
0.0670
0.0640
0.0640
0.0690
0.0660
0.0650
0.0660
0.0580
0.0650
0.0660
0.0620
0.1180
NaN
NaN
NaN
NaN
173.7996
0.0910
0.0640
0.0560
0.0580
0.0620
0.0600
0.0650
0.0580
0.0600
0.0570
0.0660
0.0640
0.0570
0.0700
0.0820
0.0830
0.0680
0.0650
0.0640
0.0700
0.0670
0.0720
0.0860
0.0660
0.0640
0.0770
0.0700
0.0770
0.0960
0.0670
0.0720
0.0690
0.0720
0.0720
0.0730
0.0680
0.0670
0.0750
0.0690
0.0720
0.0700
0.0730
0.0700
0.1040
0.0790
0.0770
0.0650
0.0650
0.0710
0.0710
0.0660
0.0800
0.0690
0.0720
0.0740
0.0680
0.0720
0.0730
0.0720
0.0740
0.0710
0.0750
0.0990
NaN
NaN
NaN
NaN
173.4506
0.0630
0.0640
0.0550
0.0630
0.0590
0.0700
0.0630
0.0640
0.0690
NaN
NaN
NaN
NaN
173.3137
0.0540
0.0650
0.0660
0.0610
0.0630
0.0670
0.0650
0.0640
0.0640
0.0610
NaN
NaN
NaN
NaN
173.2847
0.0580
0.0600
0.0600
0.0590
0.0550
0.0670
0.0560
0.0580
0.0610
0.0630
0.0630
0.0620
NaN
NaN
NaN
NaN
173.4595
0.0690
0.0750
0.0750
0.0740
0.0730
0.0650
0.0660
NaN
NaN
NaN
NaN
173.8367
0.0610
0.0640
0.0620
0.0650
0.0670
0.0610
0.0680
0.0620
0.0610
0.0650
0.0620
0.0640
0.0690
0.0630
0.0700
0.1030
0.1170
NaN
NaN
NaN
NaN
174.1307
0.0720
0.0680
0.0680
0.0670
0.0720