1
493.1348,398.7321,43.0000,45.0000
495.7860,389.2626,42.0000,39.0000
498.5367,380.4290,42.0000,35.0000
497.0875,374.9460,45.0000,37.0000
499.5358,372.4476,42.0000,35.0000
502.2422,366.3293,34.0000,37.0000
501.6062,368.9468,37.0000,35.0000
501.5183,371.9019,36.0000,37.0000
498.8715,383.4616,47.0000,36.0000
504.7740,392.4946,42.0000,37.0000
509.8758,405.7429,38.0000,42.0000
508.0785,430.6306,44.0000,35.0000
506.9803,421.3857,46.0000,42.0000
511.0439,395.4755,44.0000,40.0000
508.0196,373.4642,46.0000,36.0000
512.1408,351.6033,37.0000,43.0000
513.9989,338.4771,32.0000,34.0000
513.0470,331.7236,33.0000,29.0000
517.2313,315.1398,31.0000,32.0000
513.0353,307.8347,35.0000,33.0000
516.7009,302.7320,34.0000,33.0000
515.9953,302.9380,34.0000,31.0000
517.0061,304.8149,31.0000,30.0000
517.0199,307.6397,31.0000,33.0000
517.5631,318.3245,30.0000,31.0000
508.9107,330.7719,37.0000,34.0000
514.6869,338.7407,35.0000,40.0000
515.2587,358.3521,37.0000,36.0000
508.0228,378.9776,47.0000,33.0000
512.4664,402.3231,39.0000,24.0000
2
0
0
0
0
1
527.1924,345.4758,38.0000,46.0000
532.1132,335.2642,39.0000,43.0000
535.3696,326.2371,41.0000,47.0000
540.1479,323.3579,40.0000,46.0000
537.2523,332.8314,40.0000,34.0000
538.3194,332.1564,39.0000,39.0000
541.2454,344.2878,40.0000,40.0000
550.3794,348.7437,41.0000,49.0000
555.6716,356.7242,39.0000,51.0000
553.4402,378.0959,42.0000,43.0000
557.2006,401.6574,45.0000,36.0000
549.8988,381.4268,49.0000,33.0000
548.0702,357.1707,39.0000,36.0000
539.7466,338.5201,38.0000,24.0000
535.2596,327.5230,33.0000,18.0000
535.2596,327.5230,33.0000,18.0000
2
0
0
0
0
1
475.5875,239.1751,44.0000,45.0000
468.2298,247.5605,44.0000,42.0000
460.2530,257.4340,45.0000,43.0000
449.4920,272.6208,49.0000,41.0000
442.7878,290.7369,47.0000,39.0000
430.8739,313.5060,56.0000,37.0000
399.6430,332.2822,73.0000,39.0000
382.6155,331.5465,85.0000,65.0000
399.9004,369.3494,81.0000,81.0000
394.6527,351.1400,86.0000,97.0000
381.4544,344.2790,91.0000,78.0000
383.4382,341.1060,79.0000,65.0000
385.7826,329.0641,64.0000,66.0000
380.5028,321.8977,68.0000,72.0000
381.9026,324.0706,61.0000,60.0000
381.5227,319.6952,62.0000,68.0000
381.1867,310.1585,62.0000,85.0000
374.9932,303.2533,73.0000,112.0000
372.3637,306.5658,75.0000,98.0000
378.4126,341.6323,65.0000,98.0000
375.4751,361.0268,53.0000,104.0000
387.8093,371.4268,38.0000,130.0000
387.8093,371.4268,38.0000,130.0000
387.8093,371.4268,38.0000,130.0000
387.8093,371.4268,38.0000,130.0000
387.8093,371.4268,38.0000,130.0000
387.8093,371.4268,38.0000,130.0000
387.8093,371.4268,38.0000,130.0000
387.8093,371.4268,38.0000,130.0000
387.8093,371.4268,38.0000,130.0000
387.8093,371.4268,38.0000,130.0000
387.8093,371.4268,38.0000,130.0000
387.8093,371.4268,38.0000,130.0000
387.8093,371.4268,38.0000,130.0000
387.8093,371.4268,38.0000,130.0000
387.8093,371.4268,38.0000,130.0000
387.8093,371.4268,38.0000,130.0000
395.4968,387.7903,35.0000,111.0000
397.4224,401.6881,42.0000,124.0000
397.4224,401.6881,42.0000,124.0000
400.6412,405.7922,43.0000,99.0000
415.0493,392.1697,45.0000,81.0000
414.6203,389.9348,51.0000,51.0000
422.9990,357.0815,46.0000,76.0000
431.4660,341.8355,45.0000,85.0000
446.3800,340.8824,44.0000,63.0000