176.7640
0.1380
0.1220
0.1310
0.1210
0.1340
0.1280
0.1260
0.1280
0.1920
0.1570
0.1350
0.1420
0.1460
0.1940
0.1510
0.1640
0.1460
0.1390
0.1900
0.1420
0.1640
0.1420
0.1460
0.1560
0.2000
0.1600
0.1430
0.1370
0.1350
0.1570
0.1390
NaN
NaN
NaN
NaN
177.3422
0.1300
0.1400
0.1160
0.1240
0.1210
0.1270
0.1230
0.1310
0.2130
0.1370
0.1270
0.1580
0.1350
0.1370
0.1290
0.1360
0.1330
NaN
NaN
NaN
NaN
178.8534
0.1150
0.1100
0.1200
0.1320
0.1230
0.1280
0.1350
0.1750
0.1560
0.1190
0.1270
0.1380
0.1440
0.1420
0.1430
0.1410
0.1720
0.1410
0.1400
0.1410
0.1500
0.1360
0.1480
0.2020
0.1400
0.1300
0.1230
0.1260
0.1390
0.1280
0.1370
0.1450
0.1420
0.1440
0.1240
0.1320
0.1350
0.1280
0.1660
0.1470
0.1510
0.1540
0.1410
0.1330
0.1420
0.1420