1
294.9095,155.3467,42.0000,134.0000
295.6580,154.0868,42.0000,136.0000
296.7807,155.0119,42.0000,133.0000
297.6317,152.8630,42.0000,135.0000
298.4514,153.2177,42.0000,135.0000
299.3732,154.8137,41.0000,135.0000
300.2966,156.9717,41.0000,135.0000
299.5316,158.5682,42.0000,139.0000
300.3057,157.8730,40.0000,141.0000
299.1030,159.7740,41.0000,136.0000
298.3596,159.7390,41.0000,142.0000
297.3814,160.9246,39.0000,137.0000
293.9766,159.3723,41.0000,141.0000
291.2915,160.9925,41.0000,138.0000
289.2063,159.3841,41.0000,140.0000
286.4069,160.9767,43.0000,137.0000
284.1934,159.9365,43.0000,141.0000
281.6589,163.8172,45.0000,136.0000
279.2154,166.2182,46.0000,133.0000
277.9867,165.2524,46.0000,135.0000
275.1215,165.0501,48.0000,137.0000
276.1306,167.3490,43.0000,134.0000
274.6767,166.4332,45.0000,134.0000
274.9395,168.7088,43.0000,131.0000
273.2310,167.3440,47.0000,137.0000
272.4750,169.6248,47.0000,134.0000
271.2318,169.8758,47.0000,131.0000
271.0089,171.9292,48.0000,133.0000
269.4311,172.8215,48.0000,130.0000
266.8359,178.1270,51.0000,130.0000
265.3574,175.2303,51.0000,130.0000
267.0700,176.1141,43.0000,125.0000
263.3142,182.0554,51.0000,130.0000
266.0110,175.3446,39.0000,132.0000
264.0225,176.1206,39.0000,129.0000
261.3708,178.7297,39.0000,131.0000
258.5460,179.6524,41.0000,128.0000
255.6272,179.5570,43.0000,126.0000
252.3282,181.1992,43.0000,126.0000
249.2986,178.9488,45.0000,127.0000
248.0944,176.5209,46.0000,132.0000
246.7209,175.9011,46.0000,134.0000
246.3791,176.5381,45.0000,136.0000
248.7045,182.7976,42.0000,129.0000
248.8352,184.8197,44.0000,126.0000
248.7196,188.3343,46.0000,120.0000
246.6138,189.3896,49.0000,121.0000
245.3296,193.6018,47.0000,119.0000
244.4322,191.7405,53.0000,120.0000
244.7757,196.7638,50.0000,116.0000
242.8149,192.2250,53.0000,116.0000
241.9228,198.4569,53.0000,112.0000
241.7838,199.2651,54.0000,112.0000
234.0000,200.6557,61.0000,110.0000
226.0749,200.0831,66.0000,108.0000
229.9610,196.7682,64.0000,111.0000
237.3862,192.7956,58.0000,112.0000
237.8561,190.0273,57.0000,112.0000
236.3191,186.9482,55.0000,112.0000
236.9059,183.0825,52.0000,115.0000
236.8759,182.2105,52.0000,116.0000
237.0553,185.2413,54.0000,114.0000
234.2499,178.2080,64.0000,117.0000
231.1471,173.9318,76.0000,129.0000
233.2883,172.6190,76.0000,124.0000
235.4544,170.4936,82.0000,127.0000
234.7356,167.2347,79.0000,132.0000
235.8109,164.4722,80.0000,132.0000
236.7386,161.9217,81.0000,134.0000
237.9455,158.4675,81.0000,134.0000
240.7141,156.0759,81.0000,134.0000
241.2912,156.3929,86.0000,131.0000
237.7419,151.7285,70.0000,135.0000
242.7595,154.0577,61.0000,130.0000
248.8273,145.4105,53.0000,125.0000
249.7057,143.7561,49.0000,125.0000
248.5348,140.9517,50.0000,123.0000
249.1857,141.1552,48.0000,124.0000
250.2945,140.1400,48.0000,127.0000
256.4040,145.8777,37.0000,125.0000
258.7507,149.4427,34.0000,125.0000
260.4302,152.7323,31.0000,126.0000
257.0369,161.1831,37.0000,116.0000
252.5724,167.9035,45.0000,116.0000
260.9060,166.9573,33.0000,117.0000
261.9455,165.3201,33.0000,120.0000
259.6824,166.0093,41.0000,125.0000
256.3164,169.8805,48.0000,123.0000
245.3259,174.6003,60.0000,124.0000
244.3802,171.3599,67.0000,124.0000
250.0000,164.0006,54.0000,124.0000
261.3669,165.1380,47.0000,118.0000
251.8413,168.7512,57.0000,118.0000
262.2040,164.7151,48.0000,114.0000
254.4990,168.7348,58.0000,117.0000
251.9411,170.3758,64.0000,117.0000
246.2475,168.3069,74.0000,122.0000
244.0296,173.1490,76.0000,123.0000
231.0000,173.0905,92.0000,136.0000
215.0000,169.1461,112.0000,150.0000
196.0000,169.9287,136.0000,159.0000
177.0000,170.5397,160.0000,173.0000
165.0000,181.4710,173.0000,162.0000
156.1749,190.0000,178.0000,143.0000
163.0000,199.0000,166.0000,127.0000
173.1367,210.6546,166.0000,130.0000
181.7041,200.0311,160.0000,147.0000
187.3732,187.4180,160.0000,161.0000
193.0000,195.5529,152.0000,150.0000
198.4208,185.7914,163.0000,168.0000
205.0000,195.0000,156.0000,144.0000
214.7215,192.8377,165.0000,158.0000
218.6491,185.5608,162.0000,167.0000
224.3991,184.8655,167.0000,169.0000
223.9709,176.9105,174.0000,176.0000
233.3318,183.4521,165.0000,162.0000
238.8682,176.3326,170.0000,169.0000
244.8992,173.0080,172.0000,174.0000
254.3820,170.7883,166.0000,174.0000
256.3548,166.1900,171.0000,182.0000
260.8179,167.7408,171.0000,179.0000
270.8697,168.1952,168.0000,181.0000
272.7446,166.6711,175.0000,183.0000
272.9827,173.0719,183.0000,174.0000
280.2119,162.0815,204.0000,187.0000
278.5012,162.9338,224.0000,184.0000
275.4982,161.0190,231.0000,186.0000
272.7630,155.0020,241.0000,197.0000
273.5124,152.9283,241.0000,197.0000
278.5934,165.1054,233.0000,184.0000
278.7398,165.2184,236.0000,184.0000
279.4679,168.7905,243.0000,178.0000
279.9076,167.4312,246.0000,178.0000
277.3673,177.5020,246.0000,166.0000
277.6087,174.8748,246.0000,173.0000
278.7093,179.9168,246.0000,170.0000
277.7594,190.1797,249.0000,162.0000
277.6472,181.9013,260.0000,170.0000
277.5648,194.2759,264.0000,159.0000
278.1813,200.3406,268.0000,151.0000
283.4073,201.7888,272.0000,146.0000
283.3582,205.9694,276.0000,132.0000
283.1708,191.7456,282.0000,154.0000
286.8724,182.0000,288.0000,172.0000
288.3983,166.4513,297.0000,185.0000
321.0000,165.6359,248.0000,185.0000
348.0000,171.9113,218.0000,182.0000
366.0000,174.0822,202.0000,182.0000
382.0000,188.0000,190.0000,146.0000
394.0000,202.0000,182.0000,127.0000
404.0000,212.0000,176.0000,115.0000
415.5783,219.8493,182.0000,125.0000
419.7429,207.9893,184.0000,138.0000
423.2788,210.5493,186.0000,135.0000
429.7595,213.3376,188.0000,135.0000
429.4044,202.6521,190.0000,149.0000
432.1257,197.2328,190.0000,158.0000
433.2620,189.9513,192.0000,166.0000
439.3348,182.5996,189.0000,181.0000
437.6111,178.4227,194.0000,189.0000
439.9097,183.4914,197.0000,183.0000
442.5681,194.3533,200.0000,167.0000
446.8243,194.5697,196.0000,157.0000
453.0000,204.5199,186.0000,147.0000
459.2692,209.0531,186.0000,140.0000
467.2230,210.6593,177.0000,140.0000
470.2556,204.8518,174.0000,148.0000
472.7168,200.4250,171.0000,154.0000
476.6741,192.7418,165.0000,163.0000
476.6550,180.7858,165.0000,178.0000
481.7322,173.3473,157.0000,191.0000
480.5504,166.4149,157.0000,196.0000
483.4479,172.1514,154.0000,183.0000
482.3565,172.4089,154.0000,185.0000
484.4084,186.2451,151.0000,170.0000
488.5269,191.8148,153.0000,167.0000
483.9184,188.5020,157.0000,167.0000
489.0187,198.6578,159.0000,153.0000
487.3780,198.1030,161.0000,153.0000
485.8409,201.1582,161.0000,150.0000
485.6042,204.3789,168.0000,150.0000
497.0000,217.2335,148.0000,138.0000
506.0000,221.9791,137.0000,133.0000
515.0000,219.1792,126.0000,139.0000
521.0000,227.4574,114.0000,125.0000
529.6521,230.6006,114.0000,125.0000
531.5532,235.5400,112.0000,116.0000
530.6453,237.5085,112.0000,108.0000
534.3766,238.9595,108.0000,109.0000
538.4074,231.6431,106.0000,117.0000
542.5823,223.5841,102.0000,130.0000
542.6768,218.5464,100.0000,145.0000
546.8533,214.3579,96.0000,151.0000
545.7767,221.2589,96.0000,139.0000
551.4973,218.7419,93.0000,132.0000
549.8556,219.2043,95.0000,125.0000
548.8155,221.4135,95.0000,123.0000
555.6125,219.2138,90.0000,136.0000
556.9595,225.5328,90.0000,129.0000
557.4930,225.9754,88.0000,126.0000
560.8038,224.4975,86.0000,129.0000
561.9463,225.2660,86.0000,129.0000
565.5691,224.1216,80.0000,131.0000
569.4907,224.7068,76.0000,133.0000
571.5425,230.1087,73.0000,124.0000
575.1769,235.1330,69.0000,112.0000
579.2762,239.8379,65.0000,98.0000
576.8414,242.1594,69.0000,88.0000
581.7555,236.4573,61.0000,93.0000
583.2236,235.1557,61.0000,78.0000
581.6754,232.4982,61.0000,78.0000
587.0000,224.7267,52.0000,78.0000
593.0000,217.6180,45.0000,80.0000
599.0000,211.2201,37.0000,82.0000
608.6588,205.1608,34.0000,83.0000
610.8546,202.6512,31.0000,81.0000
613.4217,202.5513,28.0000,83.0000
614.5344,199.4623,27.0000,83.0000
614.9755,196.0153,26.0000,84.0000
611.5274,183.1291,30.0000,67.0000
609.4439,189.9836,31.0000,54.0000
608.2287,194.8693,35.0000,39.0000
615.8912,190.3709,28.0000,37.0000
621.8487,189.4377,18.0000,31.0000
624.7640,189.4354,15.0000,27.0000
627.8163,188.1098,12.0000,27.0000
632.3132,188.5078,8.0000,31.0000
633.5285,191.0494,7.0000,32.0000
631.1011,195.3143,9.0000,21.0000
627.7217,207.3847,6.0000,14.0000
625.0807,210.3284,7.0000,16.0000
621.4759,212.9780,11.0000,20.0000
616.8043,217.1646,13.0000,17.0000
612.7962,216.9854,15.0000,16.0000
610.7735,217.9865,15.0000,15.0000
607.5249,216.9845,15.0000,20.0000
606.6026,219.2513,14.0000,16.0000
602.7195,217.8444,18.0000,18.0000
600.9349,220.2591,17.0000,18.0000
600.7589,220.0798,15.0000,20.0000
599.5687,220.3491,15.0000,19.0000
596.0969,226.8280,17.0000,10.0000
592.1011,225.0504,23.0000,16.0000
584.4945,228.2335,26.0000,13.0000
578.0000,228.1328,15.0000,16.0000
570.3080,227.3560,11.0000,16.0000
565.6953,224.5568,11.0000,19.0000
560.1080,220.4300,18.0000,24.0000
555.0911,221.1936,17.0000,23.0000
549.9768,226.9856,19.0000,14.0000
544.6261,227.8852,24.0000,15.0000
539.0543,227.6441,31.0000,15.0000
531.1148,228.5568,39.0000,15.0000
525.4554,229.0695,46.0000,15.0000
524.0787,229.9914,46.0000,13.0000
524.8555,229.2707,55.0000,16.0000
524.7251,231.0155,49.0000,13.0000
513.7744,227.3782,52.0000,17.0000
519.2722,226.0251,48.0000,18.0000
518.5111,225.0256,46.0000,19.0000
517.5469,224.1044,46.0000,19.0000
514.6899,224.9277,50.0000,19.0000
516.8503,224.3231,45.0000,19.0000
515.1420,226.1271,48.0000,17.0000
520.9223,230.4739,42.0000,13.0000
516.3052,228.8601,43.0000,16.0000
513.4804,230.0349,45.0000,15.0000
518.1942,229.9616,37.0000,14.0000
513.9461,229.0357,38.0000,16.0000
511.4809,227.6745,38.0000,16.0000
504.3922,229.1507,40.0000,14.0000
503.8605,228.0547,40.0000,16.0000
498.1332,228.2213,43.0000,15.0000
494.4146,226.4445,44.0000,15.0000
491.0534,228.2298,44.0000,13.0000
487.7344,223.4939,44.0000,16.0000
491.8994,223.0064,44.0000,17.0000
483.0000,217.5006,60.0000,25.0000
475.0000,211.3581,58.0000,29.0000
460.0000,209.7707,77.0000,33.0000
435.0000,208.7352,89.0000,45.0000
423.0000,208.2588,81.0000,53.0000
417.3433,210.1945,64.0000,64.0000
424.7416,210.5971,54.0000,79.0000
430.0867,205.4624,47.0000,96.0000
429.3942,209.3114,53.0000,115.0000
431.8644,199.4589,59.0000,139.0000
430.5884,191.9290,68.0000,149.0000
427.4527,188.8160,78.0000,155.0000
425.5110,191.2484,80.0000,152.0000
429.5609,191.0074,72.0000,147.0000
428.7738,193.3508,70.0000,144.0000
427.0779,194.1489,71.0000,141.0000
424.0895,196.8255,71.0000,134.0000
421.5123,195.0816,71.0000,136.0000
418.5141,193.3859,71.0000,136.0000
417.3970,195.5719,68.0000,133.0000
416.1298,193.9257,66.0000,137.0000
412.3864,191.4367,67.0000,139.0000
410.6690,187.4323,64.0000,145.0000
406.0482,182.4824,66.0000,151.0000
403.5111,183.4905,67.0000,155.0000
397.8341,185.2177,70.0000,157.0000
397.9512,183.7089,68.0000,159.0000
394.7985,181.8266,69.0000,161.0000
392.6847,184.2400,70.0000,158.0000
391.0392,182.0273,71.0000,160.0000
391.4131,184.3090,68.0000,160.0000
392.1518,186.3967,66.0000,162.0000
391.0138,185.1510,67.0000,164.0000
390.1084,185.0476,69.0000,164.0000
392.1129,186.6596,67.0000,164.0000
394.2320,182.3268,65.0000,166.0000
392.3357,184.2437,68.0000,168.0000
394.4414,182.6348,66.0000,165.0000
390.0288,186.5326,73.0000,165.0000
393.6085,186.7053,70.0000,159.0000
391.7535,187.9470,74.0000,161.0000
390.7921,187.2934,74.0000,161.0000
390.5688,185.8494,74.0000,166.0000
391.6911,185.2630,71.0000,163.0000
390.1754,183.9754,71.0000,165.0000
390.4759,183.8940,69.0000,167.0000
389.2258,186.0568,72.0000,161.0000
386.7300,186.9798,75.0000,161.0000
384.7158,190.6567,85.0000,163.0000
388.6435,186.0893,86.0000,160.0000
385.2804,191.9855,91.0000,157.0000
385.4285,189.4040,92.0000,159.0000
386.6136,181.0479,93.0000,161.0000
386.5744,175.1694,94.0000,168.0000
389.6163,176.2194,92.0000,165.0000
389.3035,169.8453,96.0000,175.0000
398.5214,166.8208,84.0000,172.0000
402.0348,173.7521,77.0000,163.0000
403.5782,175.5617,74.0000,163.0000
403.2151,176.9017,76.0000,160.0000
399.0734,176.7029,82.0000,162.0000
392.8997,174.9292,92.0000,162.0000
392.1210,175.4781,97.0000,159.0000
388.6175,176.3369,103.0000,156.0000
386.0577,174.1957,109.0000,156.0000
385.7776,174.8223,110.0000,158.0000
388.4246,179.1058,115.0000,158.0000
390.8002,177.8055,107.0000,158.0000
388.8703,177.7884,110.0000,158.0000
387.4511,178.6799,110.0000,160.0000
385.9591,175.1128,111.0000,160.0000
381.6683,173.7737,112.0000,165.0000
381.7074,171.5407,112.0000,165.0000
378.1389,170.1221,110.0000,162.0000
372.1457,170.7186,115.0000,162.0000
370.8896,168.4884,109.0000,164.0000
366.6338,166.8174,109.0000,166.0000
364.9419,166.0441,109.0000,166.0000
364.0985,165.5190,105.0000,166.0000
367.5444,163.5312,94.0000,166.0000
368.3869,166.0316,87.0000,163.0000
369.6226,165.5927,80.0000,165.0000
367.4616,165.1257,76.0000,162.0000
365.2927,164.2617,78.0000,167.0000
363.3889,162.9543,79.0000,167.0000
362.5452,159.9688,77.0000,167.0000
361.0199,156.8376,83.0000,169.0000
360.1944,157.9808,84.0000,169.0000
350.5590,158.4663,95.0000,169.0000
359.9389,150.8421,84.0000,171.0000
357.4488,150.0666,86.0000,176.0000
360.6194,144.6097,79.0000,173.0000
353.0000,151.0620,94.0000,175.0000
343.6569,146.2648,101.0000,172.0000
351.2894,145.7930,91.0000,169.0000
342.7474,149.4595,98.0000,169.0000
341.0021,148.9826,102.0000,169.0000
339.2153,149.6850,105.0000,169.0000
334.4279,149.9711,109.0000,169.0000
330.7738,151.7904,115.0000,169.0000
329.4384,149.3066,111.0000,169.0000
334.3749,149.2712,109.0000,169.0000
333.3120,149.1040,110.0000,169.0000
336.1796,146.5115,104.0000,169.0000
330.0268,147.9955,108.0000,171.0000
332.0060,150.7650,104.0000,165.0000
326.0146,151.0735,108.0000,165.0000
322.0763,153.0578,114.0000,165.0000
323.2455,153.0712,108.0000,165.0000
319.8178,154.2392,114.0000,162.0000
327.2889,153.3966,105.0000,162.0000
319.6891,155.2137,103.0000,162.0000
318.3182,156.6373,111.0000,162.0000
324.0000,153.1952,91.0000,162.0000
320.5805,156.8947,98.0000,162.0000
314.5523,157.9550,105.0000,162.0000
310.6791,156.5472,108.0000,164.0000
306.0198,153.1170,111.0000,169.0000
305.5190,152.9233,112.0000,169.0000
314.3333,146.0511,96.0000,169.0000
317.2510,145.8577,85.0000,169.0000
309.0000,160.7368,94.0000,169.0000
301.2563,158.8890,101.0000,163.0000
291.7277,161.8672,110.0000,163.0000
287.6489,163.1171,110.0000,165.0000
293.6108,164.1063,103.0000,159.0000
282.1919,165.3195,111.0000,166.0000
281.0150,165.2451,109.0000,166.0000
284.4081,163.4795,100.0000,163.0000
274.3809,164.2915,109.0000,168.0000
280.5635,163.6695,100.0000,162.0000
282.3455,159.8556,90.0000,164.0000
276.0000,160.1274,98.0000,174.0000
269.2463,159.7511,108.0000,165.0000
266.8534,156.8621,108.0000,172.0000
274.0000,152.4015,99.0000,169.0000
268.8832,155.5916,106.0000,174.0000
265.2198,157.5327,117.0000,165.0000
268.1011,158.2715,106.0000,165.0000
263.5461,157.0122,104.0000,170.0000
266.5329,155.9494,108.0000,167.0000
267.9677,161.1362,109.0000,169.0000
264.4189,158.3198,105.0000,169.0000
267.2670,159.0423,106.0000,169.0000
268.8935,159.1256,104.0000,169.0000
267.2673,157.4829,99.0000,171.0000
267.6141,158.8774,99.0000,171.0000
269.6798,160.6223,94.0000,168.0000
265.6241,159.8133,95.0000,170.0000
267.2543,160.2587,93.0000,170.0000
265.3885,160.6574,91.0000,170.0000
265.7260,162.6085,89.0000,167.0000
263.5921,161.3998,90.0000,169.0000
260.1987,162.0872,91.0000,166.0000
257.6221,159.1502,93.0000,171.0000
252.9475,155.8170,97.0000,173.0000
253.2843,154.1361,97.0000,178.0000
248.9791,153.8182,98.0000,180.0000
245.1325,150.0743,104.0000,188.0000
242.7805,147.5205,110.0000,193.0000
238.8858,148.5573,118.0000,196.0000
237.4856,146.0653,123.0000,196.0000
239.1326,148.2330,115.0000,202.0000
247.4906,147.4593,106.0000,195.0000
249.8990,149.2781,102.0000,195.0000
247.6041,148.4373,102.0000,198.0000
249.0866,153.0665,102.0000,194.0000
245.1015,146.7237,106.0000,200.0000
254.6904,145.1875,102.0000,200.0000
249.1062,156.7592,103.0000,187.0000
252.1106,151.7809,107.0000,189.0000
254.4964,138.0000,105.0000,225.0000
247.1801,113.0000,113.0000,260.0000
251.6494,111.8022,123.0000,255.0000
245.0000,88.0000,124.0000,286.0000
234.0376,72.0000,135.0000,308.0000
238.4172,60.0000,125.0000,312.0000
244.0000,75.0000,113.0000,287.0000
240.8166,63.2894,128.0000,300.0000
245.8054,55.0000,118.0000,316.0000
240.1407,45.2860,132.0000,325.0000
237.0068,51.7277,122.0000,325.0000
230.0494,58.3100,125.0000,319.0000
232.5297,61.9173,139.0000,319.0000
240.8009,61.8064,130.0000,319.0000
237.4453,73.3638,148.0000,314.0000
234.3813,61.5427,129.0000,309.0000
223.0000,69.4923,144.0000,313.0000
229.0000,83.0000,155.0000,290.0000
219.0478,68.4245,164.0000,301.0000
214.5279,80.7703,170.0000,305.0000
220.2699,79.5862,176.0000,300.0000
212.4725,67.0000,152.0000,314.0000
219.0000,89.0000,156.0000,282.0000
216.2211,78.6159,148.0000,299.0000
223.9604,99.0000,167.0000,268.0000
217.0000,90.0000,185.0000,280.0000
206.6030,90.4366,199.0000,293.0000
202.8983,77.5230,174.0000,302.0000
219.0000,99.0000,171.0000,278.0000
210.0000,108.0000,173.0000,264.0000
221.0000,116.0000,156.0000,255.0000
227.0000,128.4647,141.0000,241.0000
231.1196,130.9922,147.0000,229.0000
241.1073,115.4710,122.0000,248.0000
229.8941,124.0000,125.0000,236.0000
238.1828,110.5369,125.0000,263.0000
227.7159,122.0000,132.0000,252.0000
237.6714,119.8581,121.0000,244.0000
243.2275,106.5258,113.0000,261.0000
235.0000,106.2701,135.0000,256.0000
224.0000,115.1072,139.0000,266.0000
211.0000,104.0000,141.0000,286.0000
207.4566,93.8402,152.0000,277.0000
204.5391,84.0000,147.0000,287.0000
203.6471,94.7566,151.0000,278.0000
214.0000,100.9499,159.0000,273.0000
217.4845,104.9222,154.0000,260.0000
215.6504,98.5737,139.0000,251.0000
225.7868,94.7393,125.0000,247.0000
230.9128,95.4198,116.0000,260.0000
222.0000,96.1786,119.0000,272.0000
231.5406,101.1299,128.0000,267.0000
230.5497,110.0000,139.0000,254.0000
227.4296,101.8744,128.0000,228.0000
229.4093,109.4525,120.0000,213.0000
231.7460,102.8565,107.0000,213.0000
235.9165,115.6182,99.0000,198.0000
240.2421,121.4792,95.0000,188.0000
247.0946,117.1876,86.0000,188.0000
244.9061,121.2145,83.0000,179.0000
251.9267,121.0437,73.0000,176.0000
249.5102,120.6576,75.0000,176.0000
250.5080,125.5866,71.0000,167.0000
253.0296,115.4380,71.0000,174.0000
252.6599,111.9731,72.0000,179.0000
252.6703,104.0407,77.0000,187.0000
250.9292,109.2519,78.0000,175.0000
253.6857,118.9682,81.0000,158.0000
252.6049,122.3083,79.0000,149.0000
252.3176,122.1042,80.0000,151.0000
253.0846,122.7069,80.0000,148.0000
251.3470,118.3611,80.0000,152.0000
253.4328,122.3765,76.0000,149.0000
250.7556,121.0402,80.0000,146.0000
250.3472,121.2568,81.0000,143.0000
238.0000,100.0000,99.0000,178.0000
246.8777,112.4758,92.0000,161.0000
250.8244,119.8127,81.0000,148.0000
247.6691,121.0386,86.0000,143.0000
247.6056,120.3051,84.0000,140.0000
247.7760,121.6286,85.0000,140.0000
245.5593,117.7736,85.0000,142.0000
245.8369,119.9009,85.0000,139.0000
243.2333,115.3758,88.0000,141.0000
242.0490,111.6009,88.0000,143.0000
239.4061,105.6394,94.0000,149.0000
241.0402,108.1946,92.0000,144.0000
237.6320,105.2964,93.0000,148.0000
226.0000,86.0000,110.0000,178.0000
235.1151,87.3334,99.0000,169.0000
238.3242,93.2753,92.0000,159.0000
237.9038,98.5845,87.0000,149.0000
224.0000,80.0000,106.0000,180.0000
214.0000,62.0000,118.0000,203.0000
207.0000,49.0000,126.0000,214.0000
200.0000,40.0000,137.0000,220.0000
188.7998,27.9267,143.0000,223.0000
192.0114,27.9055,134.0000,229.0000
187.3447,25.1940,144.0000,229.0000
189.4245,30.8001,141.0000,218.0000
191.4801,28.7256,132.0000,229.0000
193.7444,24.1718,123.0000,236.0000
194.2113,21.5051,121.0000,236.0000
193.5842,21.8064,124.0000,226.0000
190.9778,29.0461,124.0000,215.0000
190.4501,21.9916,124.0000,221.0000
190.7480,22.2783,122.0000,217.0000
188.7647,24.1300,123.0000,203.0000
192.1162,24.9334,119.0000,199.0000
188.7844,22.1935,124.0000,202.0000
192.4377,21.4245,120.0000,202.0000
189.8120,16.7759,123.0000,202.0000
189.7345,15.8652,121.0000,208.0000
190.0298,16.6321,124.0000,198.0000
187.4763,18.7086,120.0000,191.0000
185.2202,16.7180,127.0000,193.0000
184.3510,15.0124,128.0000,196.0000
180.4378,14.0314,132.0000,196.0000
182.1145,12.1158,129.0000,202.0000
181.0782,15.2233,126.0000,192.0000
180.7210,13.2798,127.0000,198.0000
179.8366,19.7452,125.0000,185.0000
177.6751,16.7212,128.0000,190.0000
178.4494,19.3727,128.0000,192.0000
178.7232,22.9223,128.0000,180.0000
179.6059,22.4662,126.0000,182.0000
180.3490,23.8625,122.0000,173.0000
179.1955,25.9075,122.0000,175.0000
179.2033,24.7419,125.0000,172.0000
178.2219,22.5060,123.0000,172.0000
180.9170,23.2604,134.0000,166.0000
172.1888,16.3993,141.0000,166.0000
164.7535,14.5994,149.0000,171.0000
161.9486,14.7002,151.0000,165.0000
156.9806,16.6736,155.0000,159.0000
152.3385,17.5591,162.0000,163.0000
154.1136,17.4006,156.0000,160.0000
153.4509,15.4544,160.0000,157.0000
150.9320,17.2803,165.0000,157.0000
155.2774,16.3038,159.0000,154.0000
159.2427,15.5563,151.0000,156.0000
161.5753,12.4903,148.0000,163.0000
164.8468,12.7295,141.0000,160.0000
166.5359,11.3540,141.0000,167.0000
169.6405,13.2292,136.0000,164.0000
173.6824,15.5374,127.0000,166.0000
168.7865,14.4040,130.0000,166.0000
175.3438,16.4635,123.0000,166.0000
171.9228,17.6599,126.0000,163.0000
173.1906,18.3643,124.0000,163.0000
173.1470,21.2104,120.0000,160.0000
174.1604,25.0066,120.0000,155.0000
175.7704,27.7894,116.0000,147.0000
175.6886,32.2598,117.0000,144.0000
174.7673,30.6707,118.0000,146.0000
176.1846,27.5046,116.0000,150.0000
177.1593,27.9235,112.0000,150.0000
178.2514,27.9723,113.0000,150.0000
176.5949,27.7675,113.0000,152.0000
179.3109,32.0667,113.0000,147.0000
178.7206,32.8037,113.0000,147.0000
185.1814,31.6171,107.0000,151.0000
188.4833,34.6910,105.0000,151.0000
189.3434,36.0458,106.0000,155.0000
191.9161,37.8002,106.0000,159.0000
191.0892,37.3016,107.0000,163.0000
194.4272,40.8832,108.0000,163.0000
195.5550,49.1348,108.0000,155.0000
198.4257,50.0557,108.0000,157.0000
199.8787,53.6899,113.0000,154.0000
204.2407,53.1068,109.0000,156.0000
204.3942,57.8774,112.0000,151.0000
206.6401,58.9903,115.0000,146.0000
208.8077,63.3028,115.0000,141.0000
211.4693,62.1009,113.0000,138.0000
214.1297,59.2229,113.0000,146.0000
217.8270,58.2360,111.0000,146.0000
217.8453,61.6016,111.0000,143.0000
214.6752,59.6421,121.0000,143.0000
215.5032,63.2101,119.0000,140.0000
217.7760,65.1310,128.0000,137.0000
218.7687,62.5376,136.0000,143.0000
219.2044,63.5799,140.0000,138.0000
217.7403,65.4847,148.0000,135.0000
226.9945,62.8857,139.0000,141.0000
233.6817,66.6306,130.0000,138.0000
239.6695,67.9343,123.0000,138.0000
238.9283,68.1351,128.0000,135.0000
239.3909,70.1212,130.0000,135.0000
240.7338,68.8714,132.0000,137.0000
240.4056,71.0088,136.0000,128.0000
241.4830,73.2347,138.0000,130.0000
239.5671,68.6736,142.0000,132.0000
238.5929,69.2236,142.0000,127.0000
243.3437,68.5713,142.0000,128.0000
241.6603,67.6830,148.0000,128.0000
244.7734,66.6067,150.0000,128.0000
247.7996,66.7018,150.0000,128.0000
248.3254,67.0011,154.0000,128.0000
251.7217,65.6987,156.0000,130.0000
252.2520,62.3862,158.0000,136.0000
256.0865,61.6678,158.0000,131.0000
253.4182,64.1779,162.0000,131.0000
253.7282,64.7652,167.0000,131.0000
254.2307,66.4690,172.0000,126.0000
255.7828,65.8897,174.0000,127.0000
257.5624,66.6237,174.0000,125.0000
261.0284,66.7429,174.0000,123.0000
268.5204,68.9124,168.0000,123.0000
263.8544,67.7820,178.0000,128.0000
268.3557,65.4631,172.0000,134.0000
266.9907,65.9729,177.0000,127.0000
268.0629,64.6061,177.0000,128.0000
269.3374,62.7615,174.0000,132.0000
268.4789,64.9610,176.0000,136.0000
268.3881,66.0131,181.0000,138.0000
263.2717,64.7191,183.0000,135.0000
262.9495,70.4447,183.0000,132.0000
263.7167,73.7983,183.0000,129.0000
267.9285,70.9345,183.0000,133.0000
263.2171,68.5537,188.0000,133.0000
270.0000,74.5630,176.0000,126.0000
281.1918,72.1495,181.0000,127.0000
285.0084,71.7430,175.0000,127.0000
280.8282,69.0663,183.0000,127.0000
272.0214,70.3392,191.0000,125.0000
270.3813,68.4779,193.0000,123.0000
271.0137,68.2229,193.0000,126.0000
281.0000,60.1009,171.0000,135.0000
290.0000,54.0299,156.0000,139.0000
296.0000,50.9328,147.0000,149.0000
305.5952,48.2243,140.0000,153.0000
308.8489,49.7675,137.0000,150.0000
304.9958,50.1671,137.0000,150.0000
304.5388,52.7121,137.0000,147.0000
302.7333,50.8203,139.0000,149.0000
301.1949,53.0201,139.0000,149.0000
300.3985,54.3485,139.0000,149.0000
299.9528,54.6002,141.0000,149.0000
299.3314,56.0430,145.0000,151.0000
301.1186,57.8445,149.0000,151.0000
299.5884,60.0287,153.0000,151.0000
297.2093,59.1474,160.0000,151.0000
298.7774,60.0883,162.0000,155.0000
306.1834,61.0855,151.0000,152.0000
313.1703,64.5915,148.0000,149.0000
309.3554,64.7786,152.0000,146.0000
312.8500,63.4314,149.0000,148.0000
316.6619,63.6596,142.0000,148.0000
323.2032,67.3215,133.0000,141.0000
322.7999,66.0415,133.0000,141.0000
322.9336,64.7067,130.0000,145.0000
323.5859,65.8632,130.0000,142.0000
326.9181,64.8293,125.0000,142.0000
325.1205,62.7437,126.0000,144.0000
325.9216,63.6645,124.0000,144.0000
326.1170,64.5932,122.0000,141.0000
325.6516,62.4640,123.0000,145.0000
322.9691,60.3822,124.0000,147.0000
322.1542,64.4224,127.0000,142.0000
327.6975,73.7727,119.0000,126.0000
332.5979,76.0642,109.0000,122.0000
335.5642,78.9007,105.0000,118.0000
337.9132,80.5476,101.0000,112.0000
341.0818,80.2782,97.0000,110.0000
344.8535,79.2342,92.0000,110.0000
345.6320,77.8063,92.0000,110.0000
346.6826,74.9482,89.0000,111.0000
346.2806,71.7973,91.0000,111.0000
346.7404,68.6166,92.0000,114.0000
346.5117,65.9074,94.0000,117.0000
347.7352,62.8729,92.0000,120.0000
350.2794,63.5208,89.0000,112.0000
349.2931,61.5188,93.0000,112.0000
351.2450,59.1991,100.0000,115.0000
354.6312,58.6693,109.0000,116.0000
348.4511,53.5718,120.0000,123.0000
340.2563,46.9895,137.0000,132.0000
341.7044,55.9258,134.0000,117.0000
342.8806,54.0048,134.0000,118.0000
343.5926,53.5687,131.0000,118.0000
342.1183,53.4545,131.0000,116.0000
341.6497,56.0665,126.0000,110.0000
338.7668,53.9068,129.0000,115.0000
341.1676,52.7131,126.0000,116.0000
340.1425,54.3856,127.0000,114.0000
334.9804,48.6323,134.0000,122.0000
330.2324,42.6309,140.0000,130.0000
329.8691,38.8594,142.0000,140.0000
332.1149,37.4995,135.0000,137.0000
336.6616,42.6179,132.0000,132.0000
333.1355,39.6814,134.0000,138.0000
338.1592,45.5774,129.0000,133.0000
334.6955,39.9175,131.0000,139.0000
340.0965,42.2615,122.0000,136.0000
339.3962,45.5961,122.0000,133.0000
337.6310,38.0892,122.0000,141.0000
342.0524,38.8834,114.0000,143.0000
336.9035,32.9444,84.0000,143.0000
343.0000,42.8573,65.0000,136.0000
354.7693,41.7102,54.0000,129.0000
358.8505,48.3152,47.0000,122.0000
362.7411,48.5162,38.0000,125.0000
364.6230,51.7579,36.0000,121.0000
365.5383,52.0433,36.0000,121.0000
365.4722,52.5134,36.0000,122.0000
366.7593,53.9904,35.0000,122.0000
366.5391,50.9864,36.0000,125.0000
366.1574,50.9402,35.0000,125.0000
365.5373,50.6281,36.0000,126.0000
366.2419,50.1451,34.0000,126.0000
359.0589,47.9594,45.0000,127.0000
358.3717,49.6833,47.0000,127.0000
355.9261,48.9098,49.0000,123.0000
356.9064,47.0490,48.0000,128.0000
358.1687,47.1452,46.0000,130.0000
359.6520,47.7484,43.0000,125.0000
361.5246,50.0303,40.0000,126.0000
362.4748,52.0947,38.0000,127.0000
362.1875,52.0616,39.0000,127.0000
361.4026,53.0618,40.0000,127.0000
357.6795,55.1793,45.0000,123.0000
356.9952,55.5862,45.0000,123.0000
355.1151,56.3788,47.0000,124.0000
353.5824,55.7773,47.0000,120.0000
349.8365,53.4424,51.0000,120.0000
351.4189,45.0117,44.0000,129.0000
352.3178,45.5310,37.0000,129.0000
351.7629,53.7908,34.0000,116.0000
350.3932,55.1381,36.0000,119.0000
351.1117,53.8600,32.0000,115.0000
348.2956,54.9244,36.0000,118.0000
347.9007,52.8293,34.0000,110.0000
344.1578,52.4854,40.0000,113.0000
341.5150,51.7310,44.0000,111.0000
342.5001,52.5426,37.0000,112.0000
342.2613,53.0432,35.0000,112.0000
339.1205,52.5755,39.0000,113.0000
336.9181,52.4603,40.0000,113.0000
335.7242,52.6560,40.0000,113.0000
332.2664,51.5659,42.0000,107.0000
330.8775,53.7162,44.0000,108.0000
323.4664,49.5657,55.0000,109.0000
323.6225,48.8811,54.0000,109.0000
324.0350,49.1483,51.0000,109.0000
323.1856,46.8436,50.0000,110.0000
322.2803,46.3826,48.0000,111.0000
321.9814,49.5563,48.0000,111.0000
321.6767,51.3661,47.0000,109.0000
319.1663,51.2156,48.0000,109.0000
318.3880,44.1134,40.0000,105.0000
320.6287,41.4860,31.0000,106.0000
318.8844,45.8110,31.0000,106.0000
317.4921,42.3819,31.0000,106.0000
315.3405,47.3638,31.0000,101.0000
313.9911,47.5782,31.0000,102.0000
306.2480,48.2963,37.0000,103.0000
301.4875,50.1827,43.0000,104.0000
302.0044,48.2406,42.0000,104.0000
300.6710,49.4169,40.0000,108.0000
302.5162,48.7349,36.0000,106.0000
302.0316,49.7329,34.0000,107.0000
302.0274,50.6065,32.0000,105.0000
301.6982,50.9012,33.0000,108.0000
301.4290,52.9502,30.0000,102.0000
302.2079,54.7903,27.0000,106.0000
300.9820,57.1462,27.0000,104.0000
299.2521,59.0081,27.0000,107.0000
297.1858,60.9544,27.0000,101.0000
293.6428,64.7859,30.0000,102.0000
293.2474,65.8671,29.0000,100.0000
291.8757,64.6652,30.0000,104.0000
291.1457,68.3275,30.0000,100.0000
288.6555,67.3508,33.0000,103.0000
285.9297,70.0671,37.0000,103.0000
281.6014,71.1990,43.0000,103.0000
281.5121,71.2958,43.0000,103.0000
283.0527,68.5561,42.0000,107.0000
283.4015,69.2602,41.0000,105.0000
282.7007,65.0623,39.0000,103.0000
285.0101,65.7791,33.0000,104.0000
285.5808,69.1627,28.0000,105.0000
285.5941,71.1586,28.0000,101.0000
284.1172,70.5413,30.0000,101.0000
283.2594,71.9513,31.0000,99.0000
288.6833,70.5632,25.0000,97.0000
290.3950,73.3049,21.0000,97.0000
291.2808,74.9698,21.0000,97.0000
290.2022,76.6385,23.0000,95.0000
290.4903,77.1756,22.0000,95.0000
290.5719,75.4465,22.0000,92.0000
285.0004,77.6923,28.0000,96.0000
284.7288,75.3833,28.0000,94.0000
285.7093,73.4482,26.0000,95.0000
286.2061,70.6252,25.0000,96.0000
286.2364,69.5592,25.0000,99.0000
286.7708,69.4150,24.0000,97.0000
286.6117,69.9850,25.0000,101.0000
286.0808,69.6799,27.0000,104.0000
283.6131,71.5402,31.0000,102.0000
283.5262,72.6493,33.0000,100.0000
282.6328,71.7362,37.0000,98.0000
282.6076,70.7011,39.0000,102.0000
287.0187,68.4516,36.0000,100.0000
290.8162,65.8294,32.0000,103.0000
294.4401,63.2256,30.0000,103.0000
297.5689,61.9330,29.0000,103.0000
299.5983,64.3267,29.0000,101.0000
302.7403,61.4301,28.0000,101.0000
304.8717,63.7351,27.0000,97.0000
307.4241,61.3177,26.0000,97.0000
310.6084,63.6162,24.0000,100.0000
312.9918,62.9825,23.0000,104.0000
315.2639,65.1189,22.0000,105.0000
317.4444,66.8584,22.0000,105.0000
318.6726,67.6925,22.0000,101.0000
320.0430,67.7562,23.0000,102.0000
321.0366,67.6370,25.0000,103.0000
321.7492,65.4944,27.0000,104.0000
322.7929,64.4490,28.0000,107.0000
326.6901,64.2203,26.0000,105.0000
328.8268,67.4874,25.0000,103.0000
330.9525,70.4200,25.0000,99.0000
331.6719,74.3916,26.0000,100.0000
332.5434,77.2132,27.0000,95.0000
332.4494,73.0751,29.0000,96.0000
333.6898,76.0828,29.0000,93.0000
332.6719,74.3989,33.0000,97.0000
331.7179,76.5893,41.0000,93.0000
329.5732,74.1221,52.0000,95.0000
329.1343,74.7612,59.0000,93.0000
329.2622,77.4885,58.0000,93.0000
331.3854,78.9204,55.0000,91.0000
332.7923,81.1755,52.0000,95.0000
333.6723,83.2481,49.0000,95.0000
335.8037,82.9074,46.0000,95.0000
341.9667,80.8212,36.0000,96.0000
343.3101,81.3047,33.0000,97.0000
343.7588,81.2109,33.0000,95.0000
346.9580,81.0942,30.0000,96.0000
349.5883,80.7742,30.0000,97.0000
350.5971,80.9646,31.0000,98.0000
351.8594,80.1416,30.0000,96.0000
354.6191,76.5850,28.0000,97.0000
355.2445,76.8030,29.0000,97.0000
355.8807,71.1810,34.0000,100.0000
357.9900,73.8818,31.0000,96.0000
355.6414,67.4583,40.0000,93.0000
363.6016,70.3424,33.0000,87.0000
368.9814,69.6150,30.0000,97.0000
371.4340,72.8640,30.0000,97.0000
374.3880,70.7774,30.0000,98.0000
375.4242,71.7430,31.0000,98.0000
378.2054,66.4893,29.0000,84.0000
379.4932,76.0206,33.0000,93.0000
381.3722,75.3669,34.0000,95.0000
381.3364,76.0356,40.0000,93.0000
383.1918,75.0686,40.0000,97.0000
383.3954,72.3075,45.0000,93.0000
383.2122,70.9310,48.0000,98.0000
386.3194,74.6935,47.0000,98.0000
386.6373,68.5467,46.0000,98.0000
386.7070,77.3037,51.0000,96.0000
385.6208,73.1575,57.0000,97.0000
387.5550,77.4938,60.0000,93.0000
384.9904,76.0718,65.0000,97.0000
383.5015,74.9651,65.0000,90.0000
392.3309,81.9467,53.0000,94.0000
396.9476,80.6182,41.0000,95.0000
395.6815,83.4449,42.0000,93.0000
394.6620,86.7739,43.0000,95.0000
398.1165,87.0904,38.0000,96.0000
393.0646,87.9500,42.0000,97.0000
390.6105,89.6297,45.0000,95.0000
391.6008,84.8112,42.0000,95.0000
394.1170,87.3365,36.0000,95.0000
390.4032,83.8736,38.0000,93.0000
387.2591,86.8552,40.0000,91.0000
385.3914,85.1177,44.0000,92.0000
383.6187,84.5468,46.0000,94.0000
381.3193,82.2020,49.0000,98.0000
388.9429,89.1760,41.0000,93.0000
392.9542,92.0794,32.0000,94.0000
394.2225,95.4513,31.0000,89.0000
394.6358,97.3416,33.0000,93.0000
394.6163,99.7575,32.0000,91.0000
394.2013,101.4944,33.0000,93.0000
393.0507,100.3668,32.0000,93.0000
388.9080,98.1079,37.0000,101.0000
387.5576,97.4987,41.0000,105.0000
386.3434,97.7587,44.0000,108.0000
384.5603,96.5826,47.0000,108.0000
383.3127,98.8066,47.0000,106.0000
381.9315,102.0186,49.0000,102.0000
384.4048,111.6424,55.0000,89.0000
382.6939,113.7109,66.0000,89.0000
381.9438,114.9916,71.0000,90.0000
371.6300,106.3936,82.0000,97.0000
371.5510,101.9111,83.0000,109.0000
370.5271,104.1280,86.0000,109.0000
370.5264,103.9783,83.0000,112.0000
374.5976,112.5810,76.0000,99.0000
378.7877,115.9875,68.0000,94.0000
380.6825,122.0701,65.0000,86.0000
384.4260,123.5417,61.0000,90.0000
385.2990,125.1893,59.0000,87.0000
386.2818,126.2183,59.0000,84.0000
387.4881,126.2537,57.0000,86.0000
388.6946,127.8307,55.0000,83.0000
389.7997,127.6705,56.0000,84.0000
389.7681,129.3579,55.0000,82.0000
389.4529,129.8778,55.0000,85.0000
388.9927,128.6523,55.0000,85.0000
389.0757,129.0112,53.0000,86.0000
388.3437,130.8197,52.0000,84.0000
388.9613,132.6481,51.0000,85.0000
387.5299,134.3459,52.0000,83.0000
386.4083,135.0187,52.0000,84.0000
384.8993,137.8866,52.0000,82.0000
382.1954,138.5044,56.0000,84.0000
378.9098,140.2976,59.0000,81.0000
378.5656,142.1059,61.0000,83.0000
376.8139,144.5413,60.0000,84.0000
376.5640,149.1330,59.0000,85.0000
377.2300,154.1288,56.0000,79.0000
375.4378,158.2687,57.0000,77.0000
373.3721,158.0044,57.0000,79.0000
372.1870,159.7902,57.0000,80.0000
370.7074,161.8602,57.0000,77.0000
368.6261,161.0673,60.0000,78.0000
368.0554,160.4707,60.0000,80.0000
364.8828,160.4560,62.0000,80.0000
370.1606,158.3452,54.0000,81.0000
370.6315,158.2459,52.0000,82.0000
370.3503,158.0431,50.0000,80.0000
366.6883,160.0493,51.0000,78.0000
366.2996,160.7673,52.0000,78.0000
364.6678,160.6198,55.0000,80.0000
364.4381,163.1927,55.0000,80.0000
361.6760,162.4735,60.0000,81.0000
365.2057,161.2706,52.0000,81.0000
365.6050,159.2115,52.0000,83.0000
356.9733,158.4764,61.0000,83.0000
350.7230,157.3495,70.0000,88.0000
353.0823,153.5530,71.0000,92.0000
351.6018,148.4707,72.0000,96.0000
353.4072,145.9789,69.0000,100.0000
354.9481,147.0901,69.0000,98.0000
353.5140,146.8272,71.0000,98.0000
352.1260,144.7965,74.0000,99.0000
349.6159,148.2559,77.0000,92.0000
350.1756,146.9937,77.0000,96.0000
355.1450,146.4845,73.0000,99.0000
356.2092,146.9123,73.0000,99.0000
358.5352,148.6156,73.0000,97.0000
357.1737,148.5958,75.0000,98.0000
360.3101,150.1236,71.0000,96.0000
361.2687,151.3491,73.0000,97.0000
358.7141,153.5527,77.0000,98.0000
359.3589,155.1737,79.0000,99.0000
362.0960,155.7225,75.0000,100.0000
364.5499,157.3579,75.0000,100.0000
365.7332,157.9786,75.0000,100.0000
365.1305,158.3539,78.0000,104.0000
367.4691,159.0306,75.0000,104.0000
371.6166,160.1386,73.0000,102.0000
368.2378,158.9301,76.0000,102.0000
368.6378,162.3822,78.0000,100.0000
370.1574,162.3625,76.0000,101.0000
369.1958,163.5447,78.0000,102.0000
368.1662,163.3947,81.0000,100.0000
368.2637,162.1823,82.0000,103.0000
368.8657,161.6069,83.0000,103.0000
368.3027,159.9346,85.0000,104.0000
374.3849,161.9960,78.0000,102.0000
375.2362,163.1048,79.0000,102.0000
379.2041,162.8073,76.0000,106.0000
378.8555,160.8793,81.0000,109.0000
375.2498,161.0065,89.0000,109.0000
378.8017,159.8759,86.0000,112.0000
384.7436,161.0757,79.0000,112.0000
386.1216,159.9761,79.0000,113.0000
388.2125,158.3647,80.0000,116.0000
388.0739,157.0795,81.0000,121.0000
389.4538,158.3641,79.0000,119.0000
391.1559,159.1041,79.0000,122.0000
391.6609,158.6745,79.0000,127.0000
394.5806,160.2004,74.0000,123.0000
394.0984,158.5260,75.0000,126.0000
394.2149,157.9487,73.0000,126.0000
394.8694,157.9063,73.0000,124.0000
393.7971,156.5475,76.0000,127.0000
394.3072,155.7794,77.0000,125.0000
394.0195,154.5087,79.0000,130.0000
392.7620,153.3516,82.0000,127.0000
391.7378,152.0836,83.0000,132.0000
392.4695,151.9804,84.0000,136.0000
391.0403,151.2656,86.0000,133.0000
390.2953,151.1433,86.0000,139.0000
386.4196,148.3827,94.0000,139.0000
384.8709,148.8824,95.0000,141.0000
385.1438,147.2166,99.0000,143.0000
386.6748,147.5150,100.0000,143.0000
387.0752,149.4227,101.0000,140.0000
383.5597,151.1802,107.0000,142.0000
383.0435,153.2171,110.0000,139.0000
382.8849,152.9596,113.0000,141.0000
381.3264,151.9479,116.0000,141.0000
381.0688,150.3781,116.0000,143.0000
381.5003,147.2377,116.0000,143.0000
382.9707,148.0752,114.0000,140.0000
383.1868,145.9778,117.0000,144.0000
382.8934,145.9680,115.0000,146.0000
384.2256,147.0778,115.0000,146.0000
384.7467,148.0445,115.0000,148.0000
382.4459,148.0555,116.0000,150.0000
386.0429,150.8413,114.0000,147.0000
389.0742,153.6181,115.0000,149.0000
393.2547,156.2593,113.0000,144.0000
392.8321,157.4331,116.0000,139.0000
399.0087,163.1419,110.0000,136.0000
398.3120,164.7442,115.0000,127.0000
397.6174,168.0302,118.0000,127.0000
402.9867,171.4571,114.0000,123.0000
402.0318,170.0948,119.0000,123.0000
404.8541,170.0943,117.0000,128.0000
403.3297,162.4139,118.0000,138.0000
407.6865,156.6782,114.0000,140.0000
409.8689,153.9097,115.0000,140.0000
408.3903,143.7233,120.0000,146.0000
409.8778,139.2438,120.0000,150.0000
411.6661,134.4144,121.0000,152.0000
410.1745,133.4946,121.0000,154.0000
409.3425,135.2544,122.0000,151.0000
408.2193,133.4209,127.0000,155.0000
410.6675,136.2774,127.0000,155.0000
410.7091,136.4304,128.0000,157.0000
407.6764,138.6826,132.0000,157.0000
409.5693,140.0649,129.0000,157.0000
409.2520,144.0127,133.0000,159.0000
410.9224,144.9971,133.0000,156.0000
410.6425,150.4002,135.0000,156.0000
400.2296,138.7391,148.0000,164.0000
392.6928,140.2824,164.0000,169.0000
399.0000,149.1540,152.0000,155.0000
405.0000,157.5180,140.0000,152.0000
398.0000,144.6947,167.0000,160.0000
393.1182,149.5890,174.0000,160.0000
403.6713,157.6289,160.0000,150.0000
393.0000,144.3535,181.0000,160.0000
386.6232,146.2509,192.0000,162.0000
380.7870,146.0246,201.0000,162.0000
383.6005,147.5580,204.0000,162.0000
385.3422,143.9712,204.0000,162.0000
397.0150,144.8409,192.0000,169.0000
395.1694,148.9879,198.0000,161.0000
406.4510,153.8171,184.0000,153.0000
397.0354,147.5777,196.0000,164.0000
406.7567,152.6275,186.0000,158.0000
399.4033,143.7614,194.0000,170.0000
395.5542,147.6522,203.0000,162.0000
407.1590,152.8547,188.0000,164.0000
412.2042,154.1620,177.0000,161.0000
405.1879,143.1940,186.0000,173.0000
413.6850,145.8574,180.0000,175.0000
403.2118,142.9951,189.0000,180.0000
401.7290,134.5377,194.0000,191.0000
401.6701,127.4423,197.0000,199.0000
404.6581,136.4755,197.0000,188.0000
397.7619,138.8676,204.0000,177.0000
403.6654,148.0288,197.0000,168.0000
398.4510,151.5826,203.0000,162.0000
396.4563,157.7190,206.0000,156.0000
396.6778,155.2675,206.0000,158.0000
399.4743,157.0253,206.0000,162.0000
407.0000,163.1591,189.0000,154.0000
406.5669,158.4277,200.0000,158.0000
407.7551,162.4858,196.0000,158.0000
406.7597,157.5957,189.0000,160.0000
409.9464,153.5196,180.0000,167.0000
409.6671,152.2997,168.0000,157.0000
412.0401,149.8699,160.0000,159.0000
416.4625,152.8803,157.0000,159.0000
407.5754,148.0099,170.0000,154.0000
395.6226,145.6253,162.0000,149.0000
393.3338,148.4520,153.0000,153.0000
396.8660,142.4700,141.0000,157.0000
394.4857,137.1993,149.0000,154.0000
397.0955,139.9320,139.0000,146.0000
394.7792,134.3310,149.0000,148.0000
388.9148,133.6853,158.0000,152.0000
391.8223,125.6982,148.0000,154.0000
379.0000,108.0000,179.0000,175.0000
378.3327,96.0000,179.0000,199.0000
388.6699,97.0896,173.0000,195.0000
380.4521,93.7143,190.0000,195.0000
381.2614,102.3318,213.0000,182.0000
366.0000,99.1639,262.0000,179.0000
352.0000,86.0000,257.0000,192.0000
340.0000,86.6045,263.0000,177.0000
332.6454,84.9074,256.0000,177.0000
336.3278,88.1291,266.0000,177.0000
336.0651,88.3050,280.0000,174.0000
330.6545,84.4291,280.0000,179.0000
333.5734,84.4514,288.0000,176.0000
336.9525,83.7862,283.0000,181.0000
338.2879,85.6199,287.0000,181.0000
335.1926,83.5562,287.0000,181.0000
335.1767,85.6374,295.0000,178.0000
336.7995,81.6877,285.0000,178.0000
335.7718,79.8556,289.0000,180.0000
336.6507,79.5871,289.0000,180.0000
340.2884,81.0461,284.0000,177.0000
338.4343,80.3577,288.0000,179.0000
337.7437,79.3435,288.0000,179.0000
338.5429,80.4895,288.0000,176.0000
341.3763,82.7502,283.0000,176.0000
338.0785,79.1454,291.0000,178.0000
341.9857,83.0256,286.0000,178.0000
342.4020,82.3033,286.0000,178.0000
349.0909,86.2193,281.0000,180.0000
344.4506,84.4883,287.0000,177.0000
339.8396,86.5162,295.0000,182.0000
345.8047,87.7356,290.0000,179.0000
344.8803,89.5859,285.0000,176.0000
346.3810,92.3442,285.0000,181.0000
344.6281,91.3770,293.0000,181.0000
346.4868,92.6320,288.0000,178.0000
340.8025,92.4954,297.0000,178.0000
345.6150,94.7310,287.0000,180.0000
348.9802,97.2320,282.0000,177.0000
344.0872,98.1983,286.0000,182.0000
346.0311,104.9161,286.0000,173.0000
348.9474,107.4704,281.0000,175.0000
346.9385,109.5259,281.0000,177.0000
343.8662,108.2851,285.0000,182.0000
348.1586,114.3617,280.0000,176.0000
342.0142,114.9898,284.0000,178.0000
347.1903,119.3112,279.0000,178.0000
340.6333,117.3011,285.0000,178.0000
341.4729,123.6903,285.0000,178.0000
334.9949,119.6688,291.0000,180.0000
340.6464,125.5443,281.0000,180.0000
333.5719,127.6957,289.0000,180.0000
341.0622,131.7731,279.0000,177.0000
337.7826,133.4938,283.0000,182.0000
342.3082,133.8390,287.0000,182.0000
336.4790,125.1568,291.0000,190.0000
337.1219,134.4868,291.0000,178.0000
334.1180,133.0235,295.0000,180.0000
340.7943,134.7192,285.0000,182.0000
339.8450,133.6005,291.0000,182.0000
336.1866,134.1454,295.0000,182.0000
334.4193,132.3266,295.0000,182.0000
342.0008,132.8631,290.0000,179.0000
333.3147,132.0074,294.0000,181.0000
332.2572,135.3707,294.0000,175.0000
329.6062,133.4032,298.0000,183.0000
330.5313,132.8793,307.0000,183.0000
335.2573,129.5296,302.0000,183.0000
337.8944,130.3618,294.0000,183.0000
340.6400,135.0691,294.0000,180.0000
344.6048,135.1865,289.0000,180.0000
351.1469,137.4815,284.0000,182.0000
360.4461,136.8589,277.0000,182.0000
370.3993,132.4202,264.0000,190.0000
375.2599,133.3686,245.0000,190.0000
383.0000,144.0692,220.0000,173.0000
391.0000,151.8040,199.0000,164.0000
402.0000,160.5590,183.0000,156.0000
410.0000,161.7797,188.0000,160.0000
410.9851,160.6851,198.0000,155.0000
403.0995,152.7298,187.0000,159.0000
410.5719,152.6076,179.0000,161.0000
411.6663,157.4948,170.0000,155.0000
412.4301,154.9060,162.0000,159.0000
414.5375,154.7920,159.0000,159.0000
414.0375,155.5206,161.0000,159.0000
410.2482,147.3770,166.0000,171.0000
408.1419,156.2662,168.0000,165.0000
410.3387,157.7350,157.0000,149.0000
405.8546,158.3165,166.0000,160.0000
402.1153,153.5101,163.0000,165.0000
377.0000,135.0000,208.0000,188.0000
351.0000,118.0000,234.0000,202.0000
336.0000,107.0000,246.0000,211.0000
326.0000,98.2595,257.0000,207.0000
315.6545,105.5499,257.0000,198.0000
317.0808,103.8532,271.0000,204.0000
311.8908,110.7845,283.0000,191.0000
304.3909,116.6984,296.0000,185.0000
306.0341,115.9848,291.0000,179.0000
310.0351,115.4736,281.0000,173.0000
307.7855,111.3337,276.0000,178.0000
306.2577,114.4477,267.0000,175.0000
306.3832,110.2255,258.0000,183.0000
307.4156,112.9814,258.0000,177.0000
305.7614,114.1328,262.0000,179.0000
308.0525,114.9721,253.0000,176.0000
310.4641,115.4503,249.0000,178.0000
312.6120,117.9484,245.0000,175.0000
309.0000,119.6669,248.0000,172.0000
312.4612,118.7572,244.0000,172.0000
311.7925,119.7795,244.0000,172.0000
312.0956,119.3274,244.0000,172.0000
312.9846,118.1617,244.0000,174.0000
316.3953,119.5707,240.0000,176.0000
317.3672,118.1869,240.0000,178.0000
318.0444,118.6928,243.0000,178.0000
316.7730,117.9155,246.0000,180.0000
317.2806,115.6201,246.0000,180.0000
319.3320,114.9286,242.0000,185.0000
320.7426,115.3727,242.0000,182.0000
319.9091,114.2974,245.0000,187.0000
320.1955,113.9124,245.0000,189.0000
319.6642,114.9063,248.0000,189.0000
320.2898,117.3474,248.0000,189.0000
322.1688,118.6033,248.0000,191.0000
324.6367,122.7002,244.0000,188.0000
325.6295,124.1044,240.0000,193.0000
324.3005,125.7802,247.0000,193.0000
324.9935,117.7864,247.0000,202.0000
325.6951,125.2222,243.0000,202.0000
325.0654,115.9864,243.0000,208.0000
324.1983,124.2517,239.0000,204.0000
330.7226,119.5282,235.0000,207.0000
336.9475,118.4995,223.0000,213.0000
348.7891,127.7714,216.0000,209.0000
351.3694,133.3932,194.0000,199.0000
357.5511,136.7687,171.0000,199.0000
366.0000,139.3455,160.0000,189.0000
378.0000,149.0000,152.0000,178.0000
388.5996,158.0000,142.0000,165.0000
391.7452,166.0000,122.0000,149.0000
397.7411,176.0000,110.0000,139.0000
398.7349,179.1515,99.0000,149.0000
397.5761,174.5720,97.0000,153.0000
398.1664,170.2841,92.0000,157.0000
396.0303,165.8467,93.0000,161.0000
388.6620,159.9624,103.0000,171.0000
389.6700,161.3645,96.0000,168.0000
380.8902,158.1926,104.0000,168.0000
366.0000,160.4639,125.0000,160.0000
352.0000,162.9621,138.0000,157.0000
342.0000,161.9119,145.0000,154.0000
333.0000,157.5717,154.0000,161.0000
324.5334,155.0403,156.0000,158.0000
330.0000,153.2604,151.0000,160.0000
332.6408,150.8136,153.0000,157.0000
333.4486,145.7678,148.0000,157.0000
341.0000,135.1393,124.0000,159.0000
348.0000,136.8023,109.0000,161.0000
355.0000,131.1344,99.0000,166.0000
365.4990,128.2803,91.0000,168.0000
355.8847,131.3747,100.0000,173.0000
355.1038,131.6922,92.0000,170.0000
351.5197,135.8262,93.0000,167.0000
347.0271,138.9670,98.0000,167.0000
342.2476,140.0240,102.0000,172.0000
334.2627,140.5986,111.0000,177.0000
332.5394,140.6157,111.0000,171.0000
328.5716,145.8756,114.0000,165.0000
326.6215,141.1974,115.0000,170.0000
319.4569,141.1745,123.0000,170.0000
317.3570,145.1838,123.0000,162.0000
308.8991,138.2605,130.0000,170.0000
305.0198,139.6793,134.0000,172.0000
304.3426,140.1559,138.0000,174.0000
305.7011,136.9149,133.0000,182.0000
312.6414,134.2801,124.0000,179.0000
321.8253,145.9355,114.0000,165.0000
319.0209,148.9863,115.0000,159.0000
319.1492,150.7505,120.0000,161.0000
319.2558,151.5491,118.0000,163.0000
319.7340,154.2587,123.0000,163.0000
316.7905,159.0995,128.0000,157.0000
317.5214,155.7149,132.0000,168.0000
317.0860,156.3968,134.0000,168.0000
312.8138,146.3832,140.0000,183.0000
314.1718,136.4527,137.0000,194.0000
316.5573,145.1807,134.0000,194.0000
313.5949,131.7541,140.0000,204.0000
314.3487,134.7540,144.0000,210.0000
307.5185,125.2288,165.0000,216.0000
297.0000,122.4597,198.0000,222.0000
287.0000,133.6595,201.0000,215.0000
277.3063,134.0610,218.0000,211.0000
272.1209,143.9664,226.0000,207.0000
268.3322,143.2594,233.0000,203.0000
267.3551,141.5964,236.0000,215.0000
273.2787,138.1442,243.0000,218.0000
270.3068,146.4462,246.0000,211.0000
276.6690,148.0617,242.0000,207.0000
273.0855,147.7561,242.0000,200.0000
266.3307,145.3409,264.0000,209.0000
255.3655,146.2841,264.0000,209.0000
254.9820,150.9872,259.0000,205.0000
254.2856,150.8938,267.0000,201.0000
253.0425,157.3388,262.0000,194.0000
251.7457,145.6228,282.0000,204.0000
258.5134,144.2461,268.0000,207.0000
261.5633,145.6017,261.0000,207.0000
261.9959,149.0598,254.0000,200.0000
260.3559,145.3284,261.0000,209.0000
260.4454,153.4972,252.0000,205.0000
262.0075,141.3003,263.0000,214.0000
261.0545,146.6561,256.0000,214.0000
259.5447,150.9276,266.0000,214.0000
251.2603,150.6424,274.0000,214.0000
244.0000,149.4430,299.0000,217.0000
236.0000,161.0000,275.0000,201.0000
224.0000,154.9662,322.0000,207.0000
235.0073,145.7651,311.0000,207.0000
241.0000,147.4096,293.0000,203.0000
234.0000,170.0000,265.0000,169.0000
241.0000,154.8227,291.0000,183.0000
230.0000,146.4850,325.0000,197.0000
201.0000,142.4644,358.0000,200.0000
205.9823,150.8540,332.0000,196.0000
209.3030,145.6108,324.0000,196.0000
207.8664,134.8395,334.0000,199.0000
158.0000,124.4233,414.0000,199.0000
193.0000,132.0000,336.0000,192.0000
137.0000,120.0000,433.0000,207.0000
167.0000,130.0000,358.0000,200.0000
199.0000,129.3696,324.0000,190.0000
210.4348,117.1730,336.0000,195.0000
156.0000,107.0259,417.0000,201.0000
87.0000,98.1802,478.0000,204.0000
52.0000,100.4380,480.0000,204.0000
37.0000,102.8990,480.0000,200.0000
99.0000,111.0000,408.0000,200.0000
138.0000,130.0000,331.0000,167.0000
161.0000,143.0000,297.0000,152.0000
174.0000,152.0000,269.0000,140.0000
183.8129,166.8539,250.0000,129.0000
192.0000,166.6091,240.0000,120.0000
201.4756,159.2833,232.0000,127.0000
187.0000,178.0000,190.0000,99.0000
181.1891,190.0000,163.0000,81.0000
186.0000,198.0000,151.0000,72.0000
184.1046,209.0381,146.0000,66.0000
181.4843,207.1033,146.0000,66.0000
178.7476,206.8512,146.0000,64.0000
180.4713,207.9110,143.0000,65.0000
177.1028,208.2063,147.0000,62.0000
173.1262,206.6099,147.0000,62.0000
161.9939,203.4674,156.0000,65.0000
159.0242,203.0211,160.0000,63.0000
158.8922,202.3966,150.0000,64.0000
156.3358,200.9034,147.0000,66.0000
151.8014,199.6419,149.0000,67.0000
148.0211,199.6195,149.0000,67.0000
148.7292,198.0169,146.0000,70.0000
152.4930,194.8551,136.0000,72.0000
154.0634,189.1299,138.0000,82.0000
154.0746,185.5932,133.0000,84.0000
156.4028,194.2283,135.0000,72.0000
162.0591,184.3096,128.0000,82.0000
163.1323,178.7770,126.0000,90.0000
166.2261,179.2452,114.0000,95.0000
169.5580,172.1949,119.0000,108.0000
174.9882,183.0000,108.0000,86.0000
176.3896,177.7259,98.0000,97.0000
182.9401,173.5679,87.0000,105.0000
181.0954,162.0000,87.0000,122.0000
183.3550,153.0000,80.0000,135.0000
184.1943,140.0000,63.0000,137.0000
190.1232,128.7275,53.0000,137.0000
189.1347,127.8938,51.0000,139.0000
184.5075,152.0000,41.0000,116.0000
184.9193,165.0000,34.0000,107.0000
183.9552,174.0000,35.0000,101.0000
183.7683,185.7169,33.0000,104.0000
183.2832,169.0000,40.0000,121.0000
181.8183,179.0000,30.0000,109.0000
180.6803,186.8255,27.0000,107.0000
181.8620,193.0130,25.0000,108.0000
182.4868,202.0000,25.0000,94.0000
182.5919,214.0000,21.0000,73.0000
182.3381,225.0000,21.0000,58.0000
179.4773,236.0000,25.0000,45.0000
180.6545,251.9294,19.0000,41.0000
178.2182,254.6468,26.0000,42.0000
178.3501,253.3502,25.0000,43.0000
178.4338,258.2024,18.0000,36.0000
177.6750,270.0957,21.0000,24.0000
177.1664,272.3153,20.0000,21.0000
179.0607,272.0494,16.0000,23.0000
181.1972,274.9367,11.0000,17.0000
181.9968,275.9252,6.0000,13.0000
182.9993,276.3024,6.0000,13.0000
182.9993,276.3024,6.0000,13.0000
182.9993,276.3024,6.0000,13.0000
182.9993,276.3024,6.0000,13.0000
188.0521,273.8737,3.0000,14.0000
187.1493,273.4442,5.0000,17.0000
187.0466,272.5513,7.0000,19.0000
186.2015,276.2197,8.0000,13.0000
186.1488,279.9432,10.0000,13.0000
192.8138,275.6595,7.0000,11.0000
191.3487,277.1208,11.0000,13.0000
189.6273,272.4683,17.0000,22.0000
188.8294,265.7737,23.0000,33.0000
198.8555,261.9945,14.0000,21.0000
192.2405,276.1293,7.0000,12.0000
189.2575,278.3017,11.0000,10.0000
191.5522,280.4404,8.0000,6.0000
192.0702,282.8241,5.0000,5.0000
193.0763,284.1985,5.0000,5.0000
193.2621,286.2879,2.0000,1.0000
193.2621,286.2879,2.0000,1.0000
193.2621,286.2879,2.0000,1.0000
193.2621,286.2879,2.0000,1.0000
193.2621,286.2879,2.0000,1.0000
193.2621,286.2879,2.0000,1.0000
193.2621,286.2879,2.0000,1.0000
193.2621,286.2879,2.0000,1.0000
193.2621,286.2879,2.0000,1.0000
193.2621,286.2879,2.0000,1.0000
193.2621,286.2879,2.0000,1.0000
193.2621,286.2879,2.0000,1.0000
193.2621,286.2879,2.0000,1.0000
193.2621,286.2879,2.0000,1.0000
193.2621,286.2879,2.0000,1.0000
193.2621,286.2879,2.0000,1.0000
193.2621,286.2879,2.0000,1.0000
193.2621,286.2879,2.0000,1.0000
193.2621,286.2879,2.0000,1.0000
193.2621,286.2879,2.0000,1.0000
193.2621,286.2879,2.0000,1.0000
193.2621,286.2879,2.0000,1.0000
193.2621,286.2879,2.0000,1.0000
193.2621,286.2879,2.0000,1.0000
193.2621,286.2879,2.0000,1.0000
193.2621,286.2879,2.0000,1.0000
193.2621,286.2879,2.0000,1.0000
193.2621,286.2879,2.0000,1.0000
193.2621,286.2879,2.0000,1.0000
193.2621,286.2879,2.0000,1.0000
193.2621,286.2879,2.0000,1.0000
193.2621,286.2879,2.0000,1.0000
193.2621,286.2879,2.0000,1.0000
193.2621,286.2879,2.0000,1.0000
193.2621,286.2879,2.0000,1.0000
192.9363,286.0822,3.0000,0.0000
192.7899,286.0822,4.0000,0.0000
192.7899,286.0822,4.0000,0.0000
192.7899,286.0822,4.0000,0.0000
192.7899,286.0822,4.0000,0.0000
192.7899,286.0822,4.0000,0.0000