179.5643
0.1040
0.1230
0.1210
0.1310
0.1130
0.1180
NaN
NaN
NaN
NaN
179.6973
0.1360
0.1520
0.1380
0.1520
0.1260
0.1320
0.1450
0.1900
0.1570
0.1820
0.2100
0.1800
0.1790
0.1750
0.1630
NaN
NaN
NaN
NaN
193.7534
0.1170
0.1300
0.1240
0.1220
0.1370
0.1350
0.1270
0.2420
0.1500
0.1490
0.2060
0.1570
0.1440
0.1420
0.1880
0.1390
0.1390
0.1490
0.1420
0.1260
0.1700
0.1790
0.1380
0.1430
0.1500
0.1380
0.1300
0.1400
0.1300
0.1330
0.1530
0.1370
0.1320
0.1530
0.1420
0.1460
0.2000
0.1340
0.1260
0.1340
0.1390
0.1370
0.1480
0.1510
0.1490
0.1370
NaN
NaN
NaN
NaN
182.7519
0.1250
0.1230
0.1290
0.1370
0.1320
0.1520
0.2230
0.1460
0.1840
0.1400
0.1520
0.1750
0.1170
0.1460
0.1270
NaN
NaN
NaN
NaN
180.6263
0.1480
0.1410
0.1420
0.1560
0.1650
0.1390
0.1710
0.2200
NaN
NaN
NaN
NaN
179.6573
0.1300
0.1400
0.1370
NaN
NaN
NaN
NaN
176.5073
0.1360
0.1210
0.1280
0.1200
0.1420
0.1400
0.1560
0.1450
0.1940
0.1440
0.1490
0.1420
0.2930
0.1530
0.1450
0.1680
0.1750
0.1490
0.1580
0.1650
0.1630
0.1440
0.1540
0.1970
0.1560
0.1450
0.1470
0.2530
0.1460
0.1560
0.2240
0.1510
0.1420
NaN
NaN
NaN
NaN
176.4203
0.5280
0.2500
0.1820
0.2170
0.1700
0.1490
0.1510
0.1610
0.1650
0.1690
0.1580
0.2180
0.1950
0.1530
0.1490
0.3110
0.2680
0.1830
0.1940
0.1730
0.1490
0.2160
NaN
NaN
NaN
NaN
180.5423
0.1320
0.1180
0.1370
0.1600
0.1430
0.2210
0.1390
0.2010
0.1520
0.1460
0.1580
0.1460
0.1500
0.1690
0.1700
0.1690
0.1910
0.1580
0.2020
0.1790
0.1850
0.1650
0.2710
0.1880
0.1710
0.2380
0.1550
0.1600
0.1510
0.1510
0.1550
0.2970
0.1430
0.1400
0.1470
0.4410
0.2410
0.1550
0.1730
0.1930
0.1680
0.1680
0.1510
0.1680
0.1510
0.2340
0.1840
0.2170
0.3580
0.1630
0.1550
0.1500
0.1790
0.1440
0.1480
0.1390
0.1570
0.1690
0.1790
0.1950
0.1790
0.1580
0.2040
0.1860
0.1450
0.1530
0.1520
0.1740
0.1420
0.1570
0.1420
0.1610
0.1720
0.1580
0.1410
0.1460
0.1550
0.1850
0.2630
0.1480
0.1720
0.3430
0.1970
0.1560
0.1770
0.3390
0.1620
0.2950
0.1610
0.1680
0.2370
0.1760
0.1630
0.1640
0.1550
0.1670
0.1590
0.1500
0.1510
0.2610
0.1510
0.1360
0.1510
0.1760
0.1580
0.2100
0.1680
0.1520
0.3630
0.1530
0.1560
0.1540
0.2390
0.1480
0.1410
0.1600
0.1790
0.4600
0.2780
0.1580
0.1630
0.1380
0.1470
0.1680
0.2610
0.1480
0.1550
0.3470
0.2640
0.1800
0.3410
0.1560
0.1480
0.1480
0.4670
0.1470
0.1330
0.1860
0.1600
0.1370
0.1450
0.1620
0.3870
0.1930
0.2900
0.1800
0.1370
0.1480
0.2480
NaN