1
543.8151,246.6449,29.0000,6.0000
546.5348,250.0556,24.0000,5.0000
553.2681,252.8023,17.0000,5.0000
559.0363,255.7588,11.0000,5.0000
566.0838,259.9244,4.0000,3.0000
2
0
0
0
0
1
555.7238,281.7444,43.0000,21.0000
544.5907,281.8244,52.0000,26.0000
542.1992,287.8685,66.0000,24.0000
547.3111,288.9478,70.0000,26.0000
557.9396,303.2699,57.0000,13.0000
560.8827,310.5452,45.0000,9.0000
564.8737,310.3500,33.0000,13.0000
562.9991,307.9958,40.0000,18.0000
545.5615,309.6903,49.0000,20.0000
543.0880,327.1690,60.0000,9.0000
564.1839,334.6476,43.0000,4.0000
568.6772,338.6513,30.0000,1.0000
568.6772,338.6513,30.0000,1.0000
583.0708,338.9511,12.0000,1.0000
2
0
0
0
0
1
558.0000,364.0000,59.0000,14.0000
539.3262,350.0684,69.0000,23.0000
556.7356,360.1190,51.0000,33.0000
557.4172,364.4606,52.0000,16.0000
567.4208,362.2577,44.0000,20.0000
551.6482,346.7456,56.0000,23.0000
551.6482,346.7456,56.0000,23.0000
551.6482,346.7456,56.0000,23.0000
551.6482,346.7456,56.0000,23.0000
550.6286,332.9424,63.0000,38.0000
543.0096,336.2279,56.0000,29.0000
543.0096,336.2279,56.0000,29.0000
543.0096,336.2279,56.0000,29.0000
566.2513,338.9519,43.0000,16.0000
548.7272,334.2195,34.0000,13.0000
548.4346,328.6898,35.0000,14.0000
546.5548,325.1592,38.0000,16.0000
543.5284,321.4758,49.0000,17.0000
544.2976,316.2759,65.0000,18.0000
546.6091,314.5524,50.0000,14.0000
533.1355,309.5613,66.0000,22.0000
533.1355,309.5613,66.0000,22.0000
532.9766,312.4067,58.0000,20.0000
523.7406,310.7434,70.0000,27.0000
523.9059,312.9136,71.0000,25.0000
519.5145,316.5383,83.0000,23.0000
519.5145,316.5383,83.0000,23.0000
519.5145,316.5383,83.0000,23.0000
522.8545,327.0902,73.0000,14.0000
504.2585,326.8211,88.0000,22.0000
531.0124,328.9635,86.0000,23.0000
530.9835,338.8624,72.0000,15.0000
530.9835,338.8624,72.0000,15.0000
523.0364,343.3486,77.0000,25.0000
523.0364,343.3486,77.0000,25.0000
537.0391,362.7772,65.0000,11.0000
537.0391,362.7772,65.0000,11.0000
537.0391,362.7772,65.0000,11.0000
532.0797,370.6161,53.0000,10.0000
531.3381,371.0795,67.0000,10.0000
531.3381,371.0795,67.0000,10.0000
531.3381,371.0795,67.0000,10.0000
531.3381,371.0795,67.0000,10.0000
531.3381,371.0795,67.0000,10.0000
531.3381,371.0795,67.0000,10.0000
2
0
0
0
0
1
552.7790,347.4916,55.0000,15.0000
560.1073,348.7447,45.0000,9.0000
568.2310,352.7282,32.0000,5.0000
568.6240,353.8838,28.0000,6.0000
570.4106,353.3212,29.0000,9.0000
564.0972,351.8906,38.0000,14.0000
565.2909,356.2524,46.0000,13.0000
563.6536,358.2255,53.0000,13.0000
563.6536,358.2255,53.0000,13.0000
577.5518,369.5140,33.0000,7.0000
576.6347,366.0973,19.0000,10.0000
565.5873,375.1832,15.0000,4.0000
565.5873,375.1832,15.0000,4.0000
565.5873,375.1832,15.0000,4.0000
2
0
0
0
0
1
617.1496,383.8412,31.0000,20.0000
621.8108,392.2075,18.0000,2.0000
630.1527,390.6147,11.0000,3.0000
630.1527,390.6147,11.0000,3.0000
630.1527,390.6147,11.0000,3.0000
630.1527,390.6147,11.0000,3.0000
630.1527,390.6147,11.0000,3.0000
2
0
0
0
0
1
610.0707,353.7611,38.0000,11.0000
610.0707,353.7611,38.0000,11.0000
2
0
0
0
0
1
610.0000,283.0000,31.0000,34.0000
610.0000,283.0000,31.0000,34.0000
603.5000,269.2656,13.0000,11.0000
603.5000,269.2656,13.0000,11.0000
612.9594,264.9312,7.0000,13.0000
618.7615,274.3089,4.0000,11.0000
616.8565,274.5090,7.0000,14.0000
616.8565,274.5090,7.0000,14.0000
615.6815,269.6731,12.0000,7.0000
610.5210,266.5173,19.0000,10.0000
607.7441,264.2037,17.0000,10.0000
603.5554,261.1940,19.0000,12.0000
593.2633,261.9366,32.0000,13.0000
593.2633,261.9366,32.0000,13.0000
593.6558,258.9344,32.0000,15.0000
595.3208,257.7758,29.0000,19.0000
594.9622,255.5628,34.0000,23.0000
592.5723,259.1002,47.0000,17.0000
595.2212,259.8055,40.0000,16.0000
597.2126,262.0900,28.0000,6.0000
609.5972,264.7483,12.0000,6.0000
604.1603,264.6890,21.0000,9.0000
604.4744,265.2816,28.0000,14.0000
602.0584,264.8549,34.0000,20.0000
596.1068,265.8089,47.0000,22.0000
590.5572,269.2259,60.0000,18.0000
589.5756,271.5179,51.0000,17.0000
587.8393,281.0504,49.0000,12.0000
587.9923,284.9248,49.0000,12.0000
585.6321,288.4223,51.0000,14.0000
587.2251,295.2890,45.0000,14.0000
588.7766,302.9225,47.0000,14.0000
2
0
0
0
0
1
613.0000,359.0000,36.0000,18.0000
621.5691,370.3304,34.0000,18.0000
632.9046,377.7910,21.0000,14.0000
644.6942,384.0481,12.0000,14.0000
640.1172,386.2209,18.0000,17.0000
641.3167,386.4119,21.0000,24.0000
641.8122,390.0465,22.0000,22.0000
644.7750,393.9053,21.0000,14.0000
643.3137,397.0274,17.0000,15.0000
646.4513,396.4265,15.0000,19.0000
644.3778,395.4177,18.0000,28.0000
641.9610,404.9811,16.0000,16.0000
644.3112,407.0673,12.0000,13.0000
640.1128,403.2311,14.0000,18.0000
639.2393,400.4968,14.0000,20.0000
639.6531,404.1884,11.0000,10.0000
637.2811,401.9250,11.0000,7.0000
636.2080,398.4181,10.0000,5.0000
636.2080,398.4181,10.0000,5.0000
636.2080,398.4181,10.0000,5.0000
636.2080,398.4181,10.0000,5.0000
2
0
0
0
0
1
571.4381,340.5292,67.0000,22.0000
601.1306,326.9855,60.0000,20.0000
587.1236,318.3034,56.0000,27.0000
591.7093,305.3641,50.0000,38.0000
589.1692,295.7905,62.0000,51.0000
563.9591,296.4445,78.0000,57.0000
563.9591,296.4445,78.0000,57.0000
563.9591,296.4445,78.0000,57.0000
574.3037,278.2129,103.0000,56.0000
556.0034,268.6975,122.0000,66.0000
531.2103,251.3446,142.0000,84.0000
459.1558,245.6429,189.0000,109.0000
385.9431,245.9812,252.0000,142.0000
353.0041,232.7729,336.0000,179.0000
292.3991,179.2694,446.0000,223.0000
249.9428,138.2405,547.0000,285.0000
196.3137,87.4445,720.0000,349.0000
164.3596,81.7996,720.0000,370.0000
201.4180,73.7177,720.0000,387.0000
169.3445,79.2673,720.0000,380.0000
196.7690,78.5546,720.0000,380.0000
164.7655,78.6961,720.0000,380.0000
165.5559,79.1933,720.0000,380.0000
151.6035,77.0658,720.0000,380.0000
136.9909,71.2081,720.0000,385.0000
153.0902,70.2611,720.0000,385.0000
144.8168,64.1245,720.0000,397.0000
200.2187,65.3251,720.0000,390.0000
169.3220,75.2091,720.0000,377.0000
161.4741,75.6763,720.0000,382.0000
161.2043,78.4951,720.0000,376.0000
162.9405,77.5339,720.0000,381.0000
147.5758,80.7452,720.0000,375.0000
157.4625,76.7460,720.0000,380.0000
131.0436,77.1358,720.0000,374.0000
130.0073,69.0467,720.0000,379.0000
157.6033,59.7185,720.0000,396.0000
156.7048,70.3218,720.0000,389.0000
146.5711,68.6418,720.0000,382.0000
196.2251,67.2531,720.0000,393.0000
170.7655,71.5406,720.0000,380.0000
179.2526,72.3325,720.0000,391.0000
137.8583,74.8758,720.0000,384.0000
187.6803,76.8241,720.0000,390.0000
200.2845,86.1679,720.0000,371.0000
153.6441,80.3567,720.0000,371.0000
155.4277,75.3035,720.0000,388.0000
150.1765,78.4042,720.0000,381.0000
147.7406,75.5849,720.0000,381.0000
196.4415,69.5306,720.0000,392.0000
173.2479,74.8305,720.0000,379.0000
196.2946,72.2596,720.0000,390.0000
154.0749,68.7890,720.0000,383.0000
149.4683,72.6530,720.0000,383.0000
150.1715,67.8380,720.0000,388.0000
161.5645,72.7047,720.0000,381.0000
190.4952,76.6696,720.0000,381.0000
207.2989,79.8240,720.0000,369.0000
192.2642,80.9404,720.0000,380.0000
202.0916,97.8676,720.0000,362.0000
150.6234,84.7054,720.0000,373.0000
138.4098,92.8636,720.0000,373.0000
157.6063,85.9563,720.0000,373.0000
135.5969,87.7534,720.0000,367.0000
121.9734,90.6020,720.0000,372.0000
124.4702,93.1914,720.0000,366.0000
133.4963,89.9063,720.0000,371.0000
122.7935,83.7653,720.0000,376.0000
129.6446,82.6869,720.0000,376.0000
130.4318,83.6896,720.0000,376.0000
114.8866,82.0742,720.0000,381.0000
141.1823,86.7143,720.0000,369.0000
165.5579,86.1974,720.0000,374.0000
149.5425,82.6072,720.0000,374.0000
137.2513,81.6742,720.0000,379.0000
124.1477,78.4867,720.0000,379.0000
128.8117,84.1441,720.0000,373.0000
111.0563,80.1353,720.0000,378.0000
121.7849,82.0385,720.0000,372.0000
133.2763,85.6261,720.0000,372.0000
119.0462,82.5085,720.0000,372.0000
120.8066,85.7935,720.0000,366.0000
138.9340,93.8884,720.0000,360.0000
168.2645,82.2177,720.0000,382.0000
128.4709,93.7995,720.0000,364.0000
112.2143,87.8499,720.0000,364.0000
131.5340,84.9174,720.0000,364.0000
125.2349,92.2843,720.0000,358.0000
135.1886,85.3255,720.0000,363.0000
123.7959,88.8738,720.0000,363.0000
141.7690,92.1060,720.0000,357.0000
183.1769,97.8520,720.0000,362.0000
188.4478,89.8188,720.0000,373.0000
187.1042,95.7987,720.0000,367.0000
185.1754,99.2477,720.0000,367.0000
192.0195,98.9029,720.0000,361.0000
153.7529,91.1168,720.0000,372.0000
114.1848,84.0923,720.0000,372.0000
125.5904,81.0386,720.0000,377.0000
126.6046,85.3305,720.0000,377.0000
115.9700,87.5792,720.0000,371.0000
124.0042,85.9744,720.0000,376.0000
125.9514,89.8901,720.0000,370.0000
128.4945,86.7987,720.0000,375.0000
115.3312,87.1772,720.0000,375.0000
136.1079,85.1766,720.0000,375.0000
110.4514,85.6005,720.0000,375.0000
123.8958,85.1972,720.0000,369.0000
147.9744,84.9246,720.0000,374.0000
170.8701,89.8181,720.0000,374.0000
184.7074,91.8476,720.0000,379.0000
194.8817,97.1290,720.0000,367.0000
148.2162,87.7245,720.0000,378.0000
174.9620,91.9799,720.0000,372.0000
136.1327,89.8516,720.0000,372.0000
132.8603,85.0148,720.0000,377.0000
141.6863,86.2558,720.0000,377.0000
177.9320,84.8083,720.0000,377.0000
154.9362,84.8935,720.0000,382.0000
145.6125,83.4128,720.0000,376.0000
189.0350,79.1704,720.0000,387.0000
208.9540,86.5417,720.0000,374.0000
212.6148,86.0991,720.0000,374.0000
204.5839,87.1805,720.0000,374.0000
202.1145,88.4178,720.0000,368.0000
215.0559,86.6241,720.0000,373.0000
158.1818,88.7620,720.0000,373.0000
130.8257,89.6296,720.0000,373.0000
134.2221,88.7875,720.0000,373.0000
133.0307,82.6634,720.0000,378.0000
142.3107,79.6793,720.0000,378.0000
191.5239,78.7562,720.0000,383.0000
204.0209,79.4346,720.0000,377.0000
152.1398,75.1382,720.0000,382.0000
144.9013,84.7024,720.0000,376.0000
163.5914,80.0268,720.0000,376.0000
173.0624,76.0707,720.0000,376.0000
133.6773,83.2824,720.0000,376.0000
126.2583,85.8314,720.0000,364.0000
134.9452,86.2899,720.0000,358.0000
107.7070,93.0593,720.0000,369.0000
145.1728,90.9092,720.0000,363.0000
148.1004,89.9910,720.0000,368.0000
154.2269,87.0041,720.0000,379.0000
137.4033,82.6736,720.0000,379.0000
137.9060,79.8672,720.0000,384.0000
170.7126,76.1752,720.0000,390.0000
165.1657,77.0788,720.0000,383.0000
2
0