173.9367
0.1140
0.1330
0.1330
0.1250
0.1330
0.1320
0.1310
NaN
NaN
NaN
NaN
172.6237
0.1180
0.1300
0.1390
0.1340
0.1320
0.1320
0.1480
0.1930
0.1590
0.1440
0.1290
0.1280
0.1510
0.1400
NaN
NaN
NaN
NaN
173.0657
0.1190
0.1470
0.1410
0.1270
0.1410
0.1450
NaN
NaN
NaN
NaN
176.6303
0.1080
0.1280
0.1270
0.1320
0.1250
0.1330
0.1350
0.1340
0.1860
0.1410
0.1440
0.1400
0.1340
0.1360
0.1340
0.1480
0.1450
0.1690
0.1590
0.1360
0.1620
0.1500
0.1550
0.1600
0.1900
0.1550
0.1410
0.1430
0.2120
0.1340
0.1730
0.1580
0.2240
0.1470
0.1420
0.1970
0.1840
0.1640
0.2620
NaN
NaN
NaN
NaN
173.6864
0.1170
0.1310
0.1250
0.1240
0.1290
0.1330
0.1420
0.1460
0.1510
0.1350
0.1390
NaN
NaN
NaN
NaN
172.5354
0.1110
0.1380
0.1270
0.1200
0.1280
0.1310
0.1340
0.1360
NaN
NaN
NaN
NaN
172.8114
0.1110
0.1320
0.1240
0.1260
0.1270
0.1270
0.1230
0.1670
0.1640
0.1360
NaN
NaN
NaN
NaN
175.9693
0.1460
0.1600
0.1640
0.1520
0.1910
0.1670
0.3110
0.1570
0.1610
0.1530
0.1800
0.1550
0.1680
0.1490
0.1390
0.1350
0.1500
0.2240
0.1300
0.1510
0.1340
0.1370
0.1390
0.1410
0.1570
0.1440
0.1470
0.1310
0.1390