1
47.6293,599.2784,76.0000,54.0000
66.0956,600.2599,72.0000,56.0000
66.0956,600.2599,72.0000,56.0000
66.0956,600.2599,72.0000,56.0000
66.0956,600.2599,72.0000,56.0000
66.0956,600.2599,72.0000,56.0000
2
0
0
0
0
1
372.4041,589.9624,139.0000,56.0000
405.0917,590.9270,136.0000,55.0000
440.1820,592.6512,140.0000,51.0000
457.6615,590.6327,146.0000,54.0000
493.6802,590.5513,146.0000,53.0000
518.4661,592.9860,146.0000,51.0000
550.6113,593.7711,148.0000,47.0000
563.9164,593.9752,138.0000,49.0000
586.2759,590.8363,135.0000,53.0000
608.9178,590.5155,137.0000,53.0000
617.7751,589.2138,132.0000,53.0000
612.3620,583.1784,167.0000,63.0000
479.6854,598.8251,198.0000,80.0000
2
0
0
0
0
1
734.1871,428.2904,45.0000,71.0000
748.6102,409.4764,33.0000,52.0000
761.9351,438.8428,19.0000,52.0000
764.3953,433.5553,12.0000,30.0000
764.3953,433.5553,12.0000,30.0000
2
0
0
0
0
1
672.9668,376.3447,82.0000,42.0000
667.5116,370.5675,93.0000,43.0000
655.3088,369.8865,110.0000,45.0000
667.6611,368.4024,110.0000,44.0000
665.3060,368.3699,113.0000,44.0000
652.6513,370.1595,113.0000,44.0000
666.3149,367.9576,113.0000,44.0000
656.0333,371.7955,114.0000,41.0000
660.6024,372.1871,119.0000,42.0000
686.3681,370.6144,107.0000,41.0000
699.6875,371.3970,113.0000,41.0000
689.6553,372.8444,120.0000,42.0000
728.3177,366.2893,106.0000,43.0000
740.9973,361.4434,110.0000,46.0000
725.0375,368.1898,111.0000,43.0000
727.6677,368.3260,112.0000,42.0000
726.6680,371.1674,119.0000,42.0000
712.2352,372.2143,117.0000,41.0000
714.3323,372.0592,117.0000,42.0000
714.9837,371.2311,117.0000,43.0000
714.6713,370.9589,117.0000,43.0000
752.5055,362.3234,117.0000,44.0000
749.5014,363.0270,117.0000,44.0000
747.2041,363.2819,118.0000,44.0000
747.0819,362.9630,118.0000,44.0000
747.0935,362.8857,118.0000,44.0000
744.6125,362.2019,118.0000,45.0000
735.2540,360.5976,101.0000,47.0000
683.4067,372.6278,113.0000,42.0000
695.8168,364.3806,109.0000,43.0000
662.2231,366.9017,115.0000,43.0000
645.4288,367.3274,113.0000,43.0000
614.1839,369.0088,116.0000,40.0000
597.1966,366.4853,114.0000,44.0000
571.2853,363.3461,119.0000,50.0000
546.3410,349.1486,148.0000,71.0000
546.3410,349.1486,148.0000,71.0000
546.3410,349.1486,148.0000,71.0000
2
0
0
0
0
1
466.9208,362.0618,110.0000,48.0000
464.0319,360.3514,119.0000,51.0000
453.0129,346.9087,142.0000,71.0000
528.0854,357.8207,109.0000,54.0000
536.2386,355.7482,142.0000,59.0000
608.1894,367.1377,122.0000,40.0000
640.2015,359.7880,110.0000,54.0000
661.7944,337.3598,100.0000,73.0000
636.6381,356.6332,110.0000,47.0000
661.1131,352.5421,144.0000,57.0000
2
0
0
0
0
1
845.0823,318.2105,50.0000,58.0000
835.6120,317.2505,53.0000,38.0000
845.3933,302.1694,40.0000,30.0000
852.8486,291.6294,33.0000,28.0000
861.7114,278.5472,19.0000,20.0000
855.9631,271.4010,27.0000,20.0000
855.9631,271.4010,27.0000,20.0000
2
0
0
0
0
1
834.1263,222.8996,92.0000,36.0000
860.4463,223.5294,79.0000,35.0000
899.0060,212.9576,67.0000,48.0000
904.6537,194.1774,68.0000,64.0000
932.6576,177.8529,59.0000,95.0000
930.2542,164.1062,76.0000,103.0000
911.6332,147.2473,95.0000,125.0000
925.6033,143.1204,109.0000,132.0000
966.8592,166.6166,122.0000,111.0000
2
0
0
0
0
1
880.7049,119.1993,79.0000,31.0000
863.3622,120.5426,85.0000,30.0000
853.7272,121.2419,83.0000,29.0000
830.2709,124.2538,97.0000,26.0000
818.9181,122.9820,92.0000,28.0000
814.2682,123.8097,93.0000,26.0000
801.1453,125.6560,85.0000,25.0000
805.6574,125.7574,69.0000,25.0000
797.3073,128.2438,53.0000,24.0000
779.1641,126.4276,48.0000,24.0000
759.4275,126.4148,60.0000,24.0000
740.2753,126.4340,69.0000,25.0000
731.1591,126.4887,75.0000,24.0000
722.2348,126.6489,83.0000,24.0000
708.6291,127.9440,85.0000,22.0000
709.4964,128.8962,86.0000,21.0000
705.8161,128.1964,90.0000,21.0000
701.3461,128.7105,85.0000,21.0000
698.1261,129.1742,88.0000,20.0000
695.6827,128.9089,90.0000,20.0000
690.0398,127.8144,80.0000,20.0000
688.7405,129.0481,78.0000,20.0000
653.0380,130.6015,92.0000,20.0000
659.5292,126.1626,79.0000,21.0000
638.9784,125.1161,90.0000,22.0000
624.0810,123.5291,74.0000,22.0000
603.6176,124.6256,89.0000,23.0000
596.4033,122.8861,86.0000,24.0000
595.6280,123.5611,88.0000,23.0000