1
28.5209,56.8981,70.0163,84.8978
28.5209,56.8981,70.0163,84.8978
28.5209,56.8981,70.0163,84.8978
28.5209,56.8981,70.0163,84.8978
28.5209,56.8981,70.0163,84.8978
28.5209,56.8981,70.0163,84.8978
28.5209,56.8981,70.0163,84.8978
28.5209,56.8981,70.0163,84.8978
2
0
0
0
0
1
137.3043,88.8694,63.8313,82.0027
137.3043,88.8694,63.8313,82.0027
137.3043,88.8694,63.8313,82.0027
137.3043,88.8694,63.8313,82.0027
137.3043,88.8694,63.8313,82.0027
137.3043,88.8694,63.8313,82.0027
137.3043,88.8694,63.8313,82.0027
2
0
0
0
0
1
285.1121,74.8603,70.0458,84.6735
285.1121,74.8603,70.0458,84.6735
285.1121,74.8603,70.0458,84.6735
285.1121,74.8603,70.0458,84.6735
285.1121,74.8603,70.0458,84.6735
285.1121,74.8603,70.0458,84.6735
285.1121,74.8603,70.0458,84.6735
285.1121,74.8603,70.0458,84.6735
2
0
0
0
0
1
152.7599,92.3943,65.5403,77.8965
152.7599,92.3943,65.5403,77.8965
152.7599,92.3943,65.5403,77.8965
152.7599,92.3943,65.5403,77.8965
152.7599,92.3943,65.5403,77.8965
152.7599,92.3943,65.5403,77.8965
152.7599,92.3943,65.5403,77.8965
152.7599,92.3943,65.5403,77.8965
152.7599,92.3943,65.5403,77.8965
152.7599,92.3943,65.5403,77.8965
152.7599,92.3943,65.5403,77.8965
152.7599,92.3943,65.5403,77.8965
152.7599,92.3943,65.5403,77.8965
152.7599,92.3943,65.5403,77.8965
152.7599,92.3943,65.5403,77.8965
152.7599,92.3943,65.5403,77.8965
2
0
0
0
0
1
294.6193,74.0957,67.2765,81.3131
294.6193,74.0957,67.2765,81.3131
294.6193,74.0957,67.2765,81.3131
294.6193,74.0957,67.2765,81.3131
294.6193,74.0957,67.2765,81.3131
294.6193,74.0957,67.2765,81.3131
294.6193,74.0957,67.2765,81.3131
294.6193,74.0957,67.2765,81.3131
294.6193,74.0957,67.2765,81.3131
2
0
0
0
0
1
81.0246,80.1537,86.9388,90.2411
81.0246,80.1537,86.9388,90.2411
81.0246,80.1537,86.9388,90.2411
81.0246,80.1537,86.9388,90.2411
2
0
0
0
0
1
-0.2752,84.5735,62.7287,98.1615
-0.2752,84.5735,62.7287,98.1615
-0.2752,84.5735,62.7287,98.1615
-0.2752,84.5735,62.7287,98.1615
-0.2752,84.5735,62.7287,98.1615
-0.2752,84.5735,62.7287,98.1615
-0.2752,84.5735,62.7287,98.1615
-0.2752,84.5735,62.7287,98.1615
-0.2752,84.5735,62.7287,98.1615
-0.2752,84.5735,62.7287,98.1615
2
0
0
0
0
1
159.9593,103.9372,70.0463,77.8956
159.9593,103.9372,70.0463,77.8956
159.9593,103.9372,70.0463,77.8956
2
0
0
0
0
1
331.4628,106.1203,81.7545,73.8438
331.4628,106.1203,81.7545,73.8438
331.4628,106.1203,81.7545,73.8438
331.4628,106.1203,81.7545,73.8438
331.4628,106.1203,81.7545,73.8438
331.4628,106.1203,81.7545,73.8438
331.4628,106.1203,81.7545,73.8438
331.4628,106.1203,81.7545,73.8438
331.4628,106.1203,81.7545,73.8438
331.4628,106.1203,81.7545,73.8438
331.4628,106.1203,81.7545,73.8438
331.4628,106.1203,81.7545,73.8438
331.4628,106.1203,81.7545,73.8438
2
0
0
0
0
1
182.3169,82.8213,82.4462,73.0988
182.3169,82.8213,82.4462,73.0988
182.3169,82.8213,82.4462,73.0988
182.3169,82.8213,82.4462,73.0988
182.3169,82.8213,82.4462,73.0988
182.3169,82.8213,82.4462,73.0988
182.3169,82.8213,82.4462,73.0988
182.3169,82.8213,82.4462,73.0988
182.3169,82.8213,82.4462,73.0988
182.3169,82.8213,82.4462,73.0988
182.3169,82.8213,82.4462,73.0988
182.3169,82.8213,82.4462,73.0988
182.3169,82.8213,82.4462,73.0988
182.3169,82.8213,82.4462,73.0988
182.3169,82.8213,82.4462,73.0988
182.3169,82.8213,82.4462,73.0988
182.3169,82.8213,82.4462,73.0988
182.3169,82.8213,82.4462,73.0988
182.3169,82.8213,82.4462,73.0988
182.3169,82.8213,82.4462,73.0988
2
0
0
0
0
1
309.3114,71.7631,62.7272,75.1273
309.3114,71.7631,62.7272,75.1273
309.3114,71.7631,62.7272,75.1273
309.3114,71.7631,62.7272,75.1273
309.3114,71.7631,62.7272,75.1273
309.3114,71.7631,62.7272,75.1273
309.3114,71.7631,62.7272,75.1273
309.3114,71.7631,62.7272,75.1273
309.3114,71.7631,62.7272,75.1273
309.3114,71.7631,62.7272,75.1273
309.3114,71.7631,62.7272,75.1273
2
0
0
0
0
1
203.1856,71.8486,83.5787,80.3537
203.1856,71.8486,83.5787,80.3537
203.1856,71.8486,83.5787,80.3537
203.1856,71.8486,83.5787,80.3537
203.1856,71.8486,83.5787,80.3537
203.1856,71.8486,83.5787,80.3537
203.1856,71.8486,83.5787,80.3537
203.1856,71.8486,83.5787,80.3537
203.1856,71.8486,83.5787,80.3537
203.1856,71.8486,83.5787,80.3537
203.1856,71.8486,83.5787,80.3537
203.1856,71.8486,83.5787,80.3537
203.1856,71.8486,83.5787,80.3537
203.1856,71.8486,83.5787,80.3537
203.1856,71.8486,83.5787,80.3537
203.1856,71.8486,83.5787,80.3537
203.1856,71.8486,83.5787,80.3537
203.1856,71.8486,83.5787,80.3537
203.1856,71.8486,83.5787,80.3537
203.1856,71.8486,83.5787,80.3537
203.1856,71.8486,83.5787,80.3537
203.1856,71.8486,83.5787,80.3537
203.1856,71.8486,83.5787,80.3537
203.1856,71.8486,83.5787,80.3537
203.1856,71.8486,83.5787,80.3537
203.1856,71.8486,83.5787,80.3537
203.1856,71.8486,83.5787,80.3537
203.1856,71.8486,83.5787,80.3537
203.1856,71.8486,83.5787,80.3537
203.1856,71.8486,83.5787,80.3537
203.1856,71.8486,83.5787,80.3537
203.1856,71.8486,83.5787,80.3537
203.1856,71.8486,83.5787,80.3537
203.1856,71.8486,83.5787,80.3537
203.1856,71.8486,83.5787,80.3537
203.1856,71.8486,83.5787,80.3537
203.1856,71.8486,83.5787,80.3537
203.1856,71.8486,83.5787,80.3537
203.1856,71.8486,83.5787,80.3537
203.1856,71.8486,83.5787,80.3537
203.1856,71.8486,83.5787,80.3537
203.1856,71.8486,83.5787,80.3537
203.1856,71.8486,83.5787,80.3537
203.1856,71.8486,83.5787,80.3537
203.1856,71.8486,83.5787,80.3537
203.1856,71.8486,83.5787,80.3537
203.1856,71.8486,83.5787,80.3537
203.1856,71.8486,83.5787,80.3537
203.1856,71.8486,83.5787,80.3537
203.1856,71.8486,83.5787,80.3537
203.1856,71.8486,83.5787,80.3537
203.1856,71.8486,83.5787,80.3537
203.1856,71.8486,83.5787,80.3537
203.1856,71.8486,83.5787,80.3537
203.1856,71.8486,83.5787,80.3537
203.1856,71.8486,83.5787,80.3537
203.1856,71.8486,83.5787,80.3537
203.1856,71.8486,83.5787,80.3537
203.1856,71.8486,83.5787,80.3537
203.1856,71.8486,83.5787,80.3537
203.1856,71.8486,83.5787,80.3537
203.1856,71.8486,83.5787,80.3537
203.1856,71.8486,83.5787,80.3537
203.1856,71.8486,83.5787,80.3537
203.1856,71.8486,83.5787,80.3537
203.1856,71.8486,83.5787,80.3537
203.1856,71.8486,83.5787,80.3537
203.1856,71.8486,83.5787,80.3537
203.1856,71.8486,83.5787,80.3537
203.1856,71.8486,83.5787,80.3537
203.1856,71.8486,83.5787,80.3537
203.1856,71.8486,83.5787,80.3537
203.1856,71.8486,83.5787,80.3537
203.1856,71.8486,83.5787,80.3537
203.1856,71.8486,83.5787,80.3537
203.1856,71.8486,83.5787,80.3537
203.1856,71.8486,83.5787,80.3537
203.1856,71.8486,83.5787,80.3537
203.1856,71.8486,83.5787,80.3537
203.1856,71.8486,83.5787,80.3537
203.1856,71.8486,83.5787,80.3537
203.1856,71.8486,83.5787,80.3537
203.1856,71.8486,83.5787,80.3537
203.1856,71.8486,83.5787,80.3537
203.1856,71.8486,83.5787,80.3537
203.1856,71.8486,83.5787,80.3537
203.1856,71.8486,83.5787,80.3537
203.1856,71.8486,83.5787,80.3537
203.1856,71.8486,83.5787,80.3537
203.1856,71.8486,83.5787,80.3537
203.1856,71.8486,83.5787,80.3537
203.1856,71.8486,83.5787,80.3537
203.1856,71.8486,83.5787,80.3537
203.1856,71.8486,83.5787,80.3537
203.1856,71.8486,83.5787,80.3537
203.1856,71.8486,83.5787,80.3537
203.1856,71.8486,83.5787,80.3537
203.1856,71.8486,83.5787,80.3537
203.1856,71.8486,83.5787,80.3537
203.1856,71.8486,83.5787,80.3537
203.1856,71.8486,83.5787,80.3537
203.1856,71.8486,83.5787,80.3537
203.1856,71.8486,83.5787,80.3537
203.1856,71.8486,83.5787,80.3537
203.1856,71.8486,83.5787,80.3537
203.1856,71.8486,83.5787,80.3537
203.1856,71.8486,83.5787,80.3537
203.1856,71.8486,83.5787,80.3537
203.1856,71.8486,83.5787,80.3537
203.1856,71.8486,83.5787,80.3537
203.1856,71.8486,83.5787,80.3537
203.1856,71.8486,83.5787,80.3537
203.1856,71.8486,83.5787,80.3537
203.1856,71.8486,83.5787,80.3537
203.1856,71.8486,83.5787,80.3537
203.1856,71.8486,83.5787,80.3537
203.1856,71.8486,83.5787,80.3537
203.1856,71.8486,83.5787,80.3537
203.1856,71.8486,83.5787,80.3537
203.1856,71.8486,83.5787,80.3537
203.1856,71.8486,83.5787,80.3537
203.1856,71.8486,83.5787,80.3537
203.1856,71.8486,83.5787,80.3537
203.1856,71.8486,83.5787,80.3537
203.1856,71.8486,83.5787,80.3537
203.1856,71.8486,83.5787,80.3537
203.1856,71.8486,83.5787,80.3537
203.1856,71.8486,83.5787,80.3537
203.1856,71.8486,83.5787,80.3537
203.1856,71.8486,83.5787,80.3537
203.1856,71.8486,83.5787,80.3537
203.1856,71.8486,83.5787,80.3537
203.1856,71.8486,83.5787,80.3537
203.1856,71.8486,83.5787,80.3537
203.1856,71.8486,83.5787,80.3537
203.1856,71.8486,83.5787,80.3537
203.1856,71.8486,83.5787,80.3537
203.1856,71.8486,83.5787,80.3537
203.1856,71.8486,83.5787,80.3537
203.1856,71.8486,83.5787,80.3537
203.1856,71.8486,83.5787,80.3537
203.1856,71.8486,83.5787,80.3537
203.1856,71.8486,83.5787,80.3537
203.1856,71.8486,83.5787,80.3537
203.1856,71.8486,83.5787,80.3537
2
0
0
0
0
1
168.3480,92.4665,82.6490,89.7150
168.3480,92.4665,82.6490,89.7150
168.3480,92.4665,82.6490,89.7150
168.3480,92.4665,82.6490,89.7150
168.3480,92.4665,82.6490,89.7150
168.3480,92.4665,82.6490,89.7150
168.3480,92.4665,82.6490,89.7150
168.3480,92.4665,82.6490,89.7150
168.3480,92.4665,82.6490,89.7150
168.3480,92.4665,82.6490,89.7150
168.3480,92.4665,82.6490,89.7150
168.3480,92.4665,82.6490,89.7150
168.3480,92.4665,82.6490,89.7150
2
0
0
0
0
1
282.2756,70.6254,74.2237,85.8717
282.2756,70.6254,74.2237,85.8717
2
0
0
0
0
1
168.5277,125.4582,71.4596,72.5137
168.5277,125.4582,71.4596,72.5137
168.5277,125.4582,71.4596,72.5137
168.5277,125.4582,71.4596,72.5137
168.5277,125.4582,71.4596,72.5137
168.5277,125.4582,71.4596,72.5137
168.5277,125.4582,71.4596,72.5137
168.5277,125.4582,71.4596,72.5137
168.5277,125.4582,71.4596,72.5137
168.5277,125.4582,71.4596,72.5137
168.5277,125.4582,71.4596,72.5137