192.8099
0.0308
0.0230
0.0200
0.0244
0.0274
0.0224
0.0260
0.0290
0.0301
0.0204
0.0253
0.0247
0.0314
0.0213
0.0194
0.0230
0.0344
0.0244
0.0249
0.0239
0.0317
0.0231
0.0197
0.0304
0.0260
0.0258
0.0333
0.0207
0.0214
0.0314
0.0217
0.0204
0.0239
0.0282
0.0300
0.0230
0.0241
0.0307
0.0198
0.0267
0.0304
0.0260
0.0240
0.0241
0.0220
0.0300
0.0252
0.0239
0.0302
0.0201
0.0287
0.0194
0.0264
0.0349
0.0240
0.0290
0.0327
0.0200
0.0190
0.0200
0.0205
0.0300
0.0347
0.0254
0.0254
0.0234
0.0294
0.0274
0.0210
0.0210
0.0250
0.0232
0.0257
0.0284
0.0204
0.0199
0.0202
0.0250
0.0267
0.0251
0.0280
0.0250
0.0280
0.0294
0.0248
0.0259
0.0230
0.0250
0.0274
0.0274
0.0319
0.0340
0.0210
0.0234
0.0254
0.0367
0.0240
0.0269
0.0269
0.0212
0.0230
0.0323
0.0240
0.0264
0.0344
0.0310
0.0269
0.0310
0.0222
0.0239
0.0232
0.0270
0.0210
0.0310
0.0304
0.0321
0.0298
0.0232
0.0267
0.0310
0.0212
0.0259
0.0292
0.0270
0.0200
0.0270
0.0208
0.0213
0.0210
0.0310
0.0231
0.0200
0.0244
0.0254
0.0261
0.0227
0.0267
0.0264
0.0203
0.0209
0.0232
0.0270
0.0240
0.0231
0.0220
0.0280
0.0287
0.0236
0.0244
0.0217
0.0244
0.0343
0.0289
0.0260
0.0272
0.0269
0.0240
0.0260
0.0272
0.0226
0.0283
0.0250
0.0210
0.0301
0.0244
0.0263
0.0284
0.0261
0.0290
0.0242
0.0262
0.0220
0.0260
0.0230
0.0220
0.0211
0.0267
0.0244
0.0214
0.0240
0.0317
0.0287
0.0230
0.0237
0.0209
0.0262
0.0240
0.0240
0.0241
0.0210
0.0272
0.0219
0.0272
0.0219
0.0320
0.0291
0.0271
0.0310
0.0317
0.0214
0.0324
0.0307
0.0357
0.0270
0.0250
0.0232
0.0259
0.0262
0.0280
0.0210
0.0211
0.0299
0.0221
0.0260
0.0276
0.0271
0.0270
0.0269
0.0232
0.0208
0.0272
0.0270
0.0279
0.0272