1
306.0000,138.2137,59.0000,72.0000
306.3723,144.8204,62.0000,70.0000
304.6026,143.6254,63.0000,83.0000
311.1558,149.6981,57.0000,76.0000
309.8415,140.9389,64.0000,90.0000
317.5418,147.1675,55.0000,74.0000
317.2617,142.2571,58.0000,80.0000
317.7635,144.4132,61.0000,78.0000
310.0292,140.8711,68.0000,84.0000
307.1582,140.8712,78.0000,93.0000
315.3171,149.7632,74.0000,77.0000
312.5046,137.0560,84.0000,85.0000
322.0000,135.7774,72.0000,81.0000
329.0000,131.9772,66.0000,79.0000
337.0000,131.5611,61.0000,74.0000
343.9224,128.0820,66.0000,84.0000
341.0935,132.8495,71.0000,86.0000
340.0842,128.3326,75.0000,91.0000
334.0000,116.6868,85.0000,98.0000
325.1107,112.4341,95.0000,94.0000
322.8137,112.2631,106.0000,86.0000
323.1820,103.9110,114.0000,94.0000
330.9601,111.1465,108.0000,86.0000
336.9802,121.8063,120.0000,81.0000
350.0000,131.5548,111.0000,86.0000
365.0000,134.5031,95.0000,90.0000
369.0000,130.5475,92.0000,92.0000
362.0000,115.4839,100.0000,104.0000
355.0000,99.0000,90.0000,107.0000
342.0000,88.0000,90.0000,95.0000
327.0000,79.9981,98.0000,84.0000
313.0000,86.6092,104.0000,84.0000
302.0000,91.0312,113.0000,97.0000
303.0956,99.0000,121.0000,107.0000
317.0000,107.0000,111.0000,103.0000
331.0000,120.0000,111.0000,91.0000
339.0000,132.0000,116.0000,92.0000
343.0000,141.7128,119.0000,100.0000
342.3008,129.0000,122.0000,103.0000
343.0497,120.0000,110.0000,91.0000
354.0000,128.0000,88.0000,71.0000
365.0000,130.7746,72.0000,56.0000
368.0349,119.0000,77.0000,68.0000
361.0000,103.0000,83.0000,85.0000
356.4256,92.6544,84.0000,94.0000
364.5909,100.7056,78.0000,107.0000
371.0000,112.0000,69.0000,118.0000
377.0380,118.1266,87.0000,146.0000
369.1292,134.0000,95.0000,127.0000
373.0000,118.0000,109.0000,143.0000
361.0000,101.0000,102.0000,158.0000
348.0000,91.4993,100.0000,143.0000
353.2482,93.1548,92.0000,125.0000
351.6977,100.4800,79.0000,110.0000
346.9044,109.8110,82.0000,103.0000
338.0195,120.0000,92.0000,106.0000
342.2230,135.0000,83.0000,106.0000
349.0291,149.0000,80.0000,112.0000
341.1078,162.0000,86.0000,119.0000
334.0000,171.0000,92.0000,107.0000
326.0000,156.0000,97.0000,116.0000
314.0000,144.0000,90.0000,101.0000
301.0000,127.0000,94.0000,110.0000
288.0000,109.0000,99.0000,111.0000
282.0000,98.0000,92.0000,101.0000
286.2089,102.0098,87.0000,96.0000
280.5948,106.9405,85.0000,97.0000
282.4792,95.0951,92.0000,125.0000
290.0000,122.0000,76.0000,101.0000
302.0000,129.9322,67.0000,130.0000
301.6322,159.0000,82.0000,113.0000
295.0000,178.0000,99.0000,102.0000
285.0000,179.5257,94.0000,86.0000
278.0000,164.0000,80.0000,88.0000
272.0000,147.0000,75.0000,85.0000
261.0000,131.0000,80.0000,92.0000
249.0000,111.0000,85.0000,107.0000
241.0000,100.0410,90.0000,101.0000
252.0000,117.0000,68.0000,80.0000
258.0000,134.0000,62.0000,71.0000
257.1164,152.0000,71.0000,61.0000
253.5567,169.0000,80.0000,51.0000
249.5929,181.0000,83.0000,44.0000
250.5950,196.9414,92.0000,47.0000
255.8934,200.3122,81.0000,59.0000
255.0296,190.2783,74.0000,67.0000
253.0428,189.1526,56.0000,59.0000
252.8988,191.1007,48.0000,59.0000
249.2543,195.9828,55.0000,58.0000
248.1233,205.1125,62.0000,53.0000
250.5390,213.7939,49.0000,50.0000
242.5717,205.3265,62.0000,58.0000
264.0000,189.0000,46.0000,38.0000
2
0
0
0
0
1
239.0000,197.1441,57.0000,56.0000
244.0000,191.9497,51.0000,60.0000
252.9736,188.0039,50.0000,60.0000
261.4226,200.5356,43.0000,49.0000
267.0000,208.0000,25.0000,28.0000
274.0000,215.8315,20.0000,26.0000
265.2295,201.9450,13.0000,20.0000
268.9484,193.8112,13.0000,30.0000
274.0000,206.2267,8.0000,16.0000
281.0504,199.4241,1.0000,1.0000
2
0
0
0
0
1
253.3857,139.0000,38.0000,34.0000
257.3895,147.0000,31.0000,27.0000
257.1917,134.0831,17.0000,15.0000
252.0000,141.6372,12.0000,12.0000
250.2110,136.5000,17.0000,22.0000
2
0
0
0
0
1
254.0000,156.0000,47.0000,46.0000
242.0000,144.0000,52.0000,38.0000
250.0000,138.3526,55.0000,51.0000
237.0000,123.3651,55.0000,42.0000
238.6978,138.0000,42.0000,31.0000
255.0000,150.0000,28.0000,17.0000
264.0000,158.3241,20.0000,14.0000
272.0000,159.2664,13.0000,17.0000
280.1233,159.4560,9.0000,23.0000
276.2545,172.8450,15.0000,18.0000
274.3239,163.7739,20.0000,31.0000
278.0000,165.0323,18.0000,39.0000
282.2510,163.8298,21.0000,47.0000
283.2486,168.5135,28.0000,60.0000
280.0654,183.0000,32.0000,51.0000
278.0054,173.8705,39.0000,68.0000
272.2648,183.0000,45.0000,57.0000
269.4806,193.7879,35.0000,42.0000
265.3641,179.5708,43.0000,57.0000
263.1197,167.0000,36.0000,61.0000
258.0000,163.3794,41.0000,75.0000
249.0475,153.6744,29.0000,59.0000
240.0944,144.4423,30.0000,49.0000
232.8931,138.5712,39.0000,62.0000
224.6410,159.0000,31.0000,46.0000
220.7385,150.3120,37.0000,60.0000
215.0000,155.6969,49.0000,72.0000
229.0000,139.0000,41.0000,82.0000
220.0000,151.2004,47.0000,90.0000
210.0000,143.5475,53.0000,95.0000
204.0000,149.8253,53.0000,97.0000
196.5894,158.0000,61.0000,87.0000
203.7565,143.0520,69.0000,98.0000
210.6186,149.0280,77.0000,90.0000
217.7586,153.3265,86.0000,99.0000
212.0000,175.0000,73.0000,78.0000
217.8695,169.2312,66.0000,92.0000
225.2815,159.0000,71.0000,102.0000
230.0000,156.3171,78.0000,111.0000
259.0000,180.0000,52.0000,91.0000
264.0000,168.0000,59.0000,78.0000
257.0788,178.7113,78.0000,82.0000
251.0000,184.3871,103.0000,83.0000
244.2439,172.1784,140.0000,96.0000
268.0000,161.0000,146.0000,104.0000
281.0000,146.8253,132.0000,130.0000
286.0000,163.0000,126.0000,106.0000
297.0000,181.0000,133.0000,102.0000
304.0000,177.3324,154.0000,136.0000
314.0000,182.9497,172.0000,180.0000
324.0000,196.0000,186.0000,165.0000
322.8992,209.8607,203.0000,159.0000
328.0000,200.0618,203.0000,173.0000
320.0000,209.5878,209.0000,164.0000
328.9936,201.5551,177.0000,156.0000
317.0000,191.0000,127.0000,106.0000
309.0000,174.0000,153.0000,115.0000
273.0000,161.7289,164.0000,102.0000
287.0000,182.0000,140.0000,92.0000
265.0000,187.8550,179.0000,117.0000
235.0000,196.0000,212.0000,136.0000
206.0000,208.0000,245.0000,147.0000
174.0000,235.0000,206.0000,114.0000
2
0
0
0
0
1
326.0000,174.0000,80.0000,90.0000
331.7020,183.0000,83.0000,98.0000
336.0000,199.0000,76.0000,80.0000
332.9787,180.0000,66.0000,70.0000
331.2830,170.5598,74.0000,86.0000
335.5323,165.4218,64.0000,91.0000
331.4124,150.0000,50.0000,66.0000
342.0000,168.0000,42.0000,52.0000
338.5317,178.0000,57.0000,52.0000
345.0280,186.0000,64.0000,50.0000
339.3877,189.4282,73.0000,64.0000
337.7977,203.1348,80.0000,61.0000
336.1310,195.2031,91.0000,72.0000
326.0000,181.0000,98.0000,73.0000
310.0000,166.0000,80.0000,57.0000
321.0000,164.4002,55.0000,49.0000
314.0000,164.4696,64.0000,59.0000
308.0000,181.0000,59.0000,41.0000
301.2563,173.7429,59.0000,56.0000
299.8184,171.8238,57.0000,68.0000
292.0000,177.1510,38.0000,46.0000
292.6993,186.0851,46.0000,40.0000
291.6374,192.7992,43.0000,37.0000
295.3287,191.7576,36.0000,37.0000
300.3897,188.8708,27.0000,28.0000
300.2929,180.6834,32.0000,30.0000
300.2563,180.4441,31.0000,25.0000
298.9481,178.2780,35.0000,26.0000
300.0019,179.0862,34.0000,28.0000
298.4492,184.9600,38.0000,29.0000
288.0000,192.9834,51.0000,35.0000
271.0000,185.0786,58.0000,49.0000
257.0000,177.1191,78.0000,66.0000
238.0000,181.7957,99.0000,80.0000
216.0000,190.6294,99.0000,96.0000
200.0000,189.8486,94.0000,114.0000
2
0
0
0
0
1
302.7260,176.6549,40.0000,46.0000
302.9653,184.5009,42.0000,43.0000
300.6005,185.2570,48.0000,51.0000
308.2045,200.7675,36.0000,37.0000
310.1649,189.8594,42.0000,48.0000
314.6515,176.5184,35.0000,53.0000
311.7632,174.7687,33.0000,42.0000
309.5058,164.4433,34.0000,44.0000
313.7108,161.7103,27.0000,39.0000
314.1744,158.5464,29.0000,37.0000
318.2780,157.8199,25.0000,36.0000
316.5888,159.2881,30.0000,37.0000
314.9860,163.0255,31.0000,38.0000
310.0112,167.0035,38.0000,38.0000
316.4748,163.5215,31.0000,39.0000
312.9138,148.9265,39.0000,52.0000
316.1574,141.5729,37.0000,43.0000
309.2398,136.7880,43.0000,41.0000
317.2942,135.9403,32.0000,34.0000
317.1966,136.2673,28.0000,36.0000
314.1697,135.5742,30.0000,37.0000
314.0702,138.5304,29.0000,38.0000
310.4726,144.2123,33.0000,40.0000
310.3413,152.3293,31.0000,38.0000
307.7783,142.3342,27.0000,46.0000
304.1203,131.3979,28.0000,51.0000
303.1167,119.3293,27.0000,56.0000
303.8541,125.3156,25.0000,45.0000
301.1160,132.3353,27.0000,35.0000
294.0063,127.5523,35.0000,45.0000
294.4296,120.6427,35.0000,55.0000
290.3156,112.0000,42.0000,70.0000
294.0994,102.8859,38.0000,75.0000
2
0
0
0
0
1
293.2189,155.6099,28.0000,32.0000
296.6909,160.0846,29.0000,33.0000
295.2490,164.3401,33.0000,36.0000
296.1332,164.6211,30.0000,39.0000
291.8118,163.5898,37.0000,36.0000
293.6915,158.9181,31.0000,32.0000
296.0449,150.9804,27.0000,31.0000
295.3424,146.8221,29.0000,31.0000
295.6661,146.0951,33.0000,29.0000
297.2567,151.2001,26.0000,28.0000
300.2662,150.5244,24.0000,33.0000
304.8311,162.0000,16.0000,20.0000
310.0000,171.0000,8.0000,8.0000
306.8751,168.2764,13.0000,14.0000
301.2131,161.0243,21.0000,21.0000
300.0010,151.5973,27.0000,21.0000
301.0101,141.8176,33.0000,27.0000
309.6076,136.8327,25.0000,32.0000
308.2175,137.3055,31.0000,35.0000
314.6081,140.8176,23.0000,35.0000
315.2282,144.8924,22.0000,42.0000
320.0000,158.0000,16.0000,26.0000
320.8613,169.0000,18.0000,10.0000
313.7775,165.8487,20.0000,16.0000
307.3211,159.2900,27.0000,13.0000
308.6287,154.4548,19.0000,14.0000
307.9119,150.2743,25.0000,19.0000
306.6525,147.1078,30.0000,24.0000
313.0000,139.1030,20.0000,12.0000
321.3611,134.4447,16.0000,19.0000
321.4741,132.5782,16.0000,17.0000
326.0000,135.7935,11.0000,17.0000
326.8774,146.6472,12.0000,10.0000
322.9589,143.5242,18.0000,16.0000
328.8614,135.6211,17.0000,26.0000
329.4596,128.0914,22.0000,37.0000
328.3009,117.0000,14.0000,22.0000
323.6833,107.4376,21.0000,37.0000
2
0
0
0
0
1
317.7728,124.8970,34.0000,40.0000
323.3670,135.3159,28.0000,26.0000
317.9368,124.0790,33.0000,36.0000
325.2487,124.2016,24.0000,39.0000
317.9573,119.1854,28.0000,48.0000
317.0435,125.6805,25.0000,54.0000
319.9885,138.0000,23.0000,40.0000
316.7453,139.9539,26.0000,51.0000
312.7012,126.8268,28.0000,60.0000
318.1035,128.2542,20.0000,53.0000
317.0232,124.5354,22.0000,57.0000
325.0555,115.6781,15.0000,44.0000
319.5469,121.4961,19.0000,48.0000
312.0401,116.1669,26.0000,60.0000
310.5765,126.2985,27.0000,54.0000
311.9066,139.7633,27.0000,49.0000
318.7031,154.0000,22.0000,34.0000
311.9344,143.8630,27.0000,43.0000
309.5076,130.1361,33.0000,57.0000
318.4362,131.0950,26.0000,49.0000
318.3898,127.7852,24.0000,54.0000
314.9440,115.0000,13.0000,35.0000
312.6820,128.5059,20.0000,32.0000
312.9182,135.4381,26.0000,36.0000
321.3533,141.3613,27.0000,38.0000
325.0000,146.9066,22.0000,41.0000
332.8148,144.1019,19.0000,44.0000
331.5695,145.0459,21.0000,45.0000
329.9428,146.0149,21.0000,40.0000
326.6685,143.4908,26.0000,47.0000
333.4636,146.2413,21.0000,36.0000
326.9063,144.3891,25.0000,48.0000
326.9063,144.3891,25.0000,48.0000
326.9063,144.3891,25.0000,48.0000
326.9063,144.3891,25.0000,48.0000
331.2144,153.0000,14.0000,25.0000
328.2388,146.5168,14.0000,39.0000
328.7313,161.1991,10.0000,27.0000
325.9196,148.9526,12.0000,40.0000
328.4441,161.8879,7.0000,27.0000
325.8377,148.8070,11.0000,40.0000
323.1181,140.3253,17.0000,48.0000
320.8536,148.2514,21.0000,40.0000
319.0662,150.3729,26.0000,36.0000
316.6468,150.0008,31.0000,39.0000
314.5451,147.1197,23.0000,34.0000
317.0625,162.7410,18.0000,25.0000
318.1418,165.9313,14.0000,22.0000
315.0897,157.3528,18.0000,34.0000
315.0411,145.8505,18.0000,47.0000
315.6209,142.6319,10.0000,30.0000
314.7208,149.5474,13.0000,21.0000
311.0083,151.0788,20.0000,23.0000
316.0685,154.4405,12.0000,20.0000
312.8300,154.6586,19.0000,21.0000
313.0980,166.0767,14.0000,10.0000
314.4985,163.0854,16.0000,15.0000
318.8057,157.0555,9.0000,11.0000
316.4156,151.8551,15.0000,18.0000
312.9808,143.9979,20.0000,29.0000
2
0
0
0
0
1
343.3716,160.4612,37.0000,48.0000
343.1626,172.1374,31.0000,39.0000
352.1560,182.0000,21.0000,25.0000
344.0887,174.9739,15.0000,33.0000
340.6078,173.3445,10.0000,33.0000