193.6457
0.0325
0.0344
0.0330
0.0330
0.0344
0.0357
0.0320
0.0280
0.0332
0.0330
0.0351
0.0330
0.0370
0.0340
0.0340
0.0350
0.0310
0.0360
0.0280
0.0284
0.0344
0.0380
0.0355
0.0350
0.0360
0.0420
0.0530
0.0530
0.0370
0.0430
0.0370
0.0370
0.0330
0.0340
0.0340
0.0360
0.0390
0.0380
0.0360
0.0390
0.0370
0.0460
0.0380
0.0373
0.0364
0.0389
0.0387
0.0404
0.0434
0.0421
0.0395
0.0380
0.0393
0.0341
0.0384
0.0391
0.0367
0.0380
0.0400
0.0380
0.0397
0.0428
0.0420
0.0384
0.0404
0.0403
0.0391
0.0383
0.0384
0.0394
0.0370
0.0391
0.0377
0.0408
0.0400
0.0420
0.0380
0.0370
0.0360
0.0460
0.0480
0.0450
0.0380
0.0370
0.0330
0.0360
0.0370
0.0320
0.0320
0.0340
0.0370
0.0400
0.0400
0.0400
NaN
NaN
NaN
NaN
193.7634
0.0331
0.0320
0.0354
0.0347
0.0370
0.0310
0.0371
0.0273
0.0324
0.0334
0.0304
NaN
NaN
NaN
NaN
192.9051
0.0337
0.0321
0.0283
0.0310
0.0288
0.0310
NaN
NaN
NaN
NaN
255.1215
0.0289
0.0280
0.0324
0.0360
0.0308
0.0343
0.0374
0.0330
0.0360
0.0340
0.0390
0.0400
0.0421
0.0390
0.0440
0.0600
0.1950
0.0930
0.0610
0.0630
0.0570
0.0490
0.0490
0.0450
0.0440
0.0520
0.0472
0.0460
0.0420
0.0420
0.0400
0.0450
0.0490
0.0500
0.0400
0.0460
0.0500
0.0470
0.0480
0.0420
0.0530
0.0480
0.0390
0.0330
0.0380
0.0390
0.0470
0.0410
0.0400
0.0410
0.0450
0.0380
0.0416
0.0360
0.0420
0.0540
0.0420
0.0410
0.0410
0.0410
0.0420
0.0440
0.0410
0.0412
NaN
NaN
NaN
NaN
225.0331
0.0374
0.0373
0.0372
0.0397
0.0391
0.0370
0.0361
0.0370
0.0374
0.0400
0.0380
0.0450
0.0350
0.0370
0.0373
0.0370
0.0407
0.0370
0.0371
0.0410
0.0422
0.0440
0.0420
0.0430
0.0520
0.0550
0.0670
0.0441
0.0380
0.0350
0.0350
0.0360
0.0370
0.0400
0.0500
0.0430
0.0540
NaN
NaN
NaN
NaN
193.1347
0.0354
0.0320
0.0323
0.0360
0.0310
0.0337
0.0340
0.0334
0.0350
0.0360
0.0380
0.0330
0.0340
0.0380
0.0310
0.0353
0.0360
0.0310
0.0330
0.0310
0.0300
0.0350
0.0340
0.0355
0.0400
0.0370
0.0420
0.0590
0.0570
0.0470
0.0400
0.0380
0.0410
0.0360
NaN
NaN
NaN
NaN
193.1211
0.0330
0.0350
0.0410
0.0660
0.0460
0.0390
0.0370
0.0420
0.0610
0.0430
0.0440
0.0380
0.0440
0.0430
0.0450
0.0480
0.0450
0.0470
0.0430
0.0420
0.0470
0.0430
0.0610
0.0650
0.0550
0.0480
0.0570
0.0490
0.0450
0.0460
0.0480
0.0600
0.0520
0.0470
0.0450
0.0400
0.0420
0.0420
0.0390
NaN
NaN
NaN
NaN
192.3360
0.0304
0.0304
0.0364
0.0340
0.0354
0.0327
0.0351
0.0356
0.0317
0.0380
0.0390
0.0380
0.0380
0.0400
0.0400
0.0410
0.0346
0.0364
0.0382
0.0411
0.0407
0.0414
0.0390
0.0411
0.0410
0.0500
0.0630
0.0680
0.0420
0.0370
0.0370
0.0390
0.0400
0.0390
0.0380
0.0410
0.0520
0.0420
0.0390
0.0420
0.0419
0.0344
0.0370
0.0380
0.0362
0.0410
0.0473
0.0493
0.0410
0.0347
0.0342
0.0340
0.0380
0.0373
0.0408
0.0340
0.0430
0.0401
0.0434
0.0447
0.0419
NaN
NaN
NaN
NaN
192.3077
0.0345
0.0344
0.0380
0.0371
0.0370