1
528.8076,49.8076,19.3848,19.3848
528.8076,49.8076,19.3848,19.3848
2
0
0
0
0
1
513.5147,143.5147,17.9706,17.9706
2
0
0
0
0
1
572.0838,204.0838,15.8324,15.8324
2
0
0
0
0
1
608.7581,268.0746,16.3738,14.5008
608.7581,268.0746,16.3738,14.5008
608.7581,268.0746,16.3738,14.5008
608.7581,268.0746,16.3738,14.5008
608.7581,268.0746,16.3738,14.5008
2
0
0
0
0
1
639.8127,267.3127,16.8745,16.8745
639.8127,267.3127,16.8745,16.8745
639.8127,267.3127,16.8745,16.8745
639.8127,267.3127,16.8745,16.8745
639.8127,267.3127,16.8745,16.8745
639.8127,267.3127,16.8745,16.8745
639.8127,267.3127,16.8745,16.8745