193.9461
0.0404
0.0400
0.0513
0.0414
0.0531
0.0460
0.0490
0.0386
0.0426
0.0420
0.0484
0.0584
0.0441
0.0424
0.0414
0.0377
0.0520
0.0410
0.0425
0.0361
0.0440
0.0440
0.0450
0.0424
0.0491
0.0468
0.0487
0.0510
0.0461
0.0399
0.0422
0.0430
0.0381
0.0500
0.0610
0.0368
0.0487
0.0524
0.0430
0.0411
0.0360
0.0413
0.0537
0.0427
0.0494
0.0480
0.0460
0.0515
0.0421
0.0387
0.0397
0.0440
0.0441
0.0394
0.0374
0.0373
0.0490
0.0452
0.0429
0.0504
0.0400
0.0515
0.0417
0.0377
0.0377
0.0473
0.0381
0.0455
0.0373
0.0424
0.0381
0.0451
0.0419
0.0382
0.0400
0.0433
0.0460
0.0438
0.0523
0.0433
0.0475
0.0439
0.0440
0.0387
0.0394
0.0528
0.0434
0.0480
0.0440
0.0488
0.0438
0.0527
0.0524
0.0490
0.0463
0.0482
0.0370
0.0509
0.0552
0.0461
0.0434
0.0460
0.0468
0.0510
0.0491
0.0534
0.0458
0.0480
0.0504
0.0404
0.0394
0.0434
0.0477
0.0380
0.0400
0.0560
0.0371
0.0427
0.0529
0.0478
0.0477
0.0524
0.0505
0.0530
0.0441
0.0474
0.0370
0.0463
0.0460
0.0395
0.0392
0.0397
0.0444
0.0370
0.0507
0.0434
0.0469
0.0418
0.0450
0.0447
0.0460
0.0410
0.0531
0.0447
0.0377
0.0431
0.0480
0.0490
0.0591
0.0469
0.0378
0.0510
0.0430
0.0440
0.0486
0.0547
0.0538
0.0556
0.0537
0.0544
0.0537
0.0537
0.0537
0.0541
0.0547
0.0544
0.0554
0.0537
0.0535
0.0534
0.0547
0.0551
0.0547
0.0546
0.0531
0.0520
0.0530
0.0531
0.0552
0.0531
0.0541
0.0550
0.0541
0.0536
0.0552
0.0540
0.0544
0.0559
0.0548
0.0551
0.0551
0.0574
0.0546
0.0551
0.0560
0.0548
0.0560
0.0535
0.0545
0.0560
0.0563
0.0561
0.0581
0.0549
0.0552
0.0540
0.0540
0.0551
0.0534
0.0563
0.0561
0.0578
0.0558
0.0550
0.0570
0.0557
0.0543
0.0557
0.0540
0.0524
0.0555
0.0540
0.0540
0.0538
0.0550
0.0535
0.0563
0.0541
0.0557
0.0536
0.0548
0.0556
0.0555
0.0560
0.0561
0.0569
0.0548
0.0541
0.0542