381.2380
0.0320
0.0290
0.0270
0.0360
0.0354
0.0353
0.0340
0.0311
0.0370
0.0320
0.0280
0.0364
0.0320
0.0310
0.0271
0.0324
0.0303
0.0336
0.0345
0.0304
0.0333
0.0340
0.0330
0.0299
0.0410
0.0360
0.0361
0.0360
0.0330
0.0351
0.0273
0.0250
0.0257
0.0244
0.0270
0.0280
0.0320
0.0250
0.0277
0.0237
0.0291
0.0233
0.0270
0.0287
0.0320
0.0290
0.0280
0.0283
0.0320
0.0310
0.0330
0.0277
0.0270
0.0270
0.0320
0.0300
0.0300
0.0310
0.0300
0.0310
0.0300
0.0360
0.0330
0.0330
0.0320
0.0350
0.0350
0.0360
0.0360
0.0380
0.0350
0.0450
0.0370
0.0350
0.0410
0.0410
0.0329
0.0301
0.0290
0.0300
0.0400
0.0350
0.0290
0.0308
0.0284
0.0283
0.0304
0.0344
0.0300
0.0324
0.0320
0.0307
0.0314
0.0264
0.0250
0.0290
0.0310
0.0327
0.0340
0.0347
0.0260
0.0270
0.0334
0.0290
0.0321
0.0289
0.0350
0.0331
0.0348
0.0357
0.0348
0.0343
0.0267
0.0310
0.0254
0.0284
0.0307
0.0310
0.0284
0.0260
0.0300
0.0340
0.0370
0.0330
0.0300
0.0360
0.0360
0.0363
0.0338
0.0350
0.0267
0.0347
0.0340
0.0274
0.0280
0.0310
0.0281
0.0300
0.0350
0.0344
0.0322
0.0342
0.0347
0.0244
0.0300
0.0327
0.0321
0.0311
0.0289
0.0298
0.0339
0.0324
0.0310
0.0250
0.0290
0.0308
0.0255
0.0319
0.0254
0.0310
0.0270
0.0269
0.0330
0.0350
0.0320
0.0334
0.0268
0.0304
0.0360
0.0353
0.0360
0.0400
0.0400
0.0370
0.0390
0.0310
0.0310
0.0380
0.0380
0.0310
0.0340
0.0260
0.0360
0.0280
0.0290
0.0260
0.0360
0.0340
0.0350
0.0360
0.0337
0.0310
0.0297
0.0347
0.0263
0.0314
0.0269
0.0268
0.0307
0.0248
0.0260
0.0247
0.0280
0.0300
0.0310
0.0322
0.0243
0.0297
0.0280
0.0294
0.0290
0.0274
0.0270
0.0250
0.0240
0.0272
0.0301
0.0269
0.0411
0.0327
0.0314
0.0280
0.0314
0.0344
0.0394
0.0350
0.0320
0.0291
0.0290
0.0280
0.0310
0.0351
0.0240
0.0300
0.0241
0.0243
0.0297
0.0270
0.0274
0.0354
0.0300
0.0420
0.0370
0.0301
0.0241
0.0373
0.0414
0.0294
0.0244
0.0254
0.0240
0.0251
0.0334
0.0300
0.0302
0.0290
0.0250
0.0290
0.0257
0.0260
0.0257
0.0344
0.0270
0.0260
0.0240
0.0334
0.0277
0.0234
0.0380
0.0320
0.0357
0.0304
0.0310
0.0310
0.0330
0.0311
0.0272
0.0260
0.0247
0.0244
0.0300
0.0274
0.0244
0.0242
0.0290
0.0319
0.0240
0.0249
0.0249
0.0297
0.0260
0.0315
0.0270
0.0267
0.0300
0.0254
0.0307
0.0250
0.0260
0.0241
0.0247
0.0290
0.0300
0.0370
0.0372
0.0290
0.0330
0.0250
0.0250