1
1106.1385,618.7941,28.0000,47.0000
1099.1476,623.0341,30.0000,41.0000
1099.1476,623.0341,30.0000,41.0000
2
0
0
0
0
1
891.4881,617.9961,56.0000,30.0000
880.5365,603.2994,50.0000,43.0000
864.1103,594.5043,52.0000,53.0000
849.6084,590.0631,52.0000,49.0000
839.3868,580.8322,53.0000,47.0000
845.1065,578.2932,38.0000,36.0000
833.2021,578.6811,40.0000,30.0000
824.9964,572.1176,34.0000,34.0000
817.3966,572.8753,24.0000,34.0000
809.7440,572.3762,25.0000,35.0000
800.6063,563.8708,37.0000,42.0000
793.1786,564.0368,46.0000,38.0000
785.2777,567.0767,51.0000,29.0000
793.0008,572.5140,43.0000,21.0000
793.0008,572.5140,43.0000,21.0000
793.0008,572.5140,43.0000,21.0000
793.0008,572.5140,43.0000,21.0000
793.0008,572.5140,43.0000,21.0000
810.3640,561.4947,28.0000,6.0000
808.4761,558.1968,36.0000,6.0000
812.8493,554.7801,27.0000,6.0000
814.5879,548.5692,19.0000,11.0000
814.5879,548.5692,19.0000,11.0000
2
0
0
0
0
1
743.2135,499.5984,38.0000,9.0000
735.2845,495.5875,26.0000,7.0000
718.7489,491.3227,28.0000,5.0000
705.8426,488.5572,14.0000,3.0000
705.8426,488.5572,14.0000,3.0000
2
0
0
0
0
1
503.6370,449.9590,27.0000,22.0000
485.5074,447.0262,16.0000,21.0000
2
0
0
0
0
1
2
0
0
0
0