176.3656
0.0550
0.0630
0.0580
0.0600
0.0610
0.0610
0.0570
0.0620
0.0640
0.0590
0.0530
0.0620
0.0630
0.0750
0.1010
0.0830
0.0610
0.0610
0.0630
0.0890
0.0670
NaN
NaN
NaN
NaN
176.4368
0.0560
0.0610
0.0570
0.0630
0.0620
0.0770
0.0780
0.0630
0.0640
0.0750
0.0770
0.0700
0.2230
0.1820
0.0750
0.6911
0.2965
0.1630
0.1900
0.1580
0.1400
0.1540
0.1190
0.1550
0.1520
0.1760
0.1490
0.1220
0.1160
0.2860
0.1130
0.1330
0.1390
0.2010
0.1470
0.1160
0.1310
0.2510
0.2820
0.1530
0.1120
0.1210
0.1870
0.1300
0.1410
0.3060
0.1550
0.1070
0.1270
0.1410
0.1220
0.1040
0.0930
0.1250
0.1030
0.0940
0.2050
0.1510
0.2660
0.1830
0.0880
0.0870
0.1640
0.1240
0.0850
0.1060
0.1460
0.1060
0.1530
0.1200
0.1410
0.1310
0.0870
0.0750
0.1020
0.0810
0.0720
0.0660
0.0690
0.0820
0.2220
0.0890
0.1020
0.0940
0.1390
0.0760
0.0680
0.0690
0.1190
0.0950
0.0680
0.0700
0.0610
0.0770
0.0780
0.0820
0.0720
0.0780
0.0670
0.0700
0.0850
0.0710
0.0700
0.0640
0.0650
0.0600
0.0860
0.0650
0.0660
0.0630
0.0660
0.0620
0.0770
0.0820
0.0660
0.0740
0.0610
0.0650
0.0900
0.0880
0.1010
0.0760
0.0650
0.0790