194.6699
0.0350
0.0347
0.0320
0.0360
0.0354
0.0474
0.0310
0.0404
0.0345
0.0340
0.0389
0.0345
0.0363
0.0334
0.0378
0.0394
0.0380
0.0385
0.0396
0.0304
0.0367
0.0330
0.0317
0.0311
0.0333
0.0350
0.0444
0.0314
0.0334
0.0373
0.0374
0.0360
0.0407
0.0335
0.0333
0.0360
0.0414
0.0372
0.0392
0.0334
0.0370
0.0321
0.0400
0.0437
0.0440
0.0418
0.0322
0.0313
0.0353
0.0361
0.0314
0.0440
0.0335
0.0403
0.0349
0.0323
0.0345
0.0354
0.0458
0.0381
0.0355
0.0406
0.0390
0.0328
0.0347
0.0400
0.0330
0.0420
0.0415
0.0390
0.0425
0.0374
0.0352
0.0374
0.0424
0.0340
0.0370
0.0352
0.0360
0.0401
0.0390
0.0360
0.0334
0.0400
0.0364
0.0355
0.0385
0.0461
0.0407
0.0331
0.0383
0.0384
0.0377
0.0374
0.0375
0.0380
0.0344
0.0404
0.0345
0.0424
0.0472
0.0400
0.0398
0.0391
0.0317
0.0384
0.0400
0.0395
0.0334
0.0400
0.0377
0.0395
0.0400
0.0354
0.0314
0.0407
0.0364
0.0400
0.0419
0.0383
0.0330
0.0360
0.0370
0.0361
0.0330
0.0331
0.0330
0.0360
0.0398
0.0310