174.5936
0.0360
0.0340
0.0410
0.0420
0.0450
0.0480
0.0450
0.0380
0.0360
0.0360
0.0540
0.0480
0.0510
0.0420
0.0400
0.0420
0.0410
0.0420
0.0720
0.0410
0.0430
0.0420
0.0420
0.0530
0.0600
0.0480
0.0710
0.0540
0.0580
0.0480
0.0430
0.0550
0.0490
0.0470
0.0480
0.0560
0.0440
0.0430
0.0470
0.0490
0.0440
0.0450
0.0440
0.0440
0.0460
NaN
NaN
NaN
NaN
174.5386
0.0400
0.0360
0.0380
0.0390
0.0410
0.0410
0.0440
0.0410
0.0430
0.0470
0.0540
0.0460
0.0430
0.0490
0.0430
0.0420
0.0420
0.0430
0.0480
NaN
NaN
NaN
NaN
174.4426
0.0390
0.0400
0.0430
0.0430
0.0400
0.0430
0.0430
0.0390
0.0420
0.0420
0.0410
0.0540
0.0400
0.0430
0.0390
0.0440
0.0380
0.0480
0.0450
0.0430
0.0420
0.0410
0.0470
0.0770
0.0540
0.0600
0.0480
0.0460
NaN
NaN
NaN
NaN
174.4146
0.0400
0.0420
0.0410
0.0430
0.0380
0.0390
0.0370
0.0400
NaN
NaN
NaN
NaN
174.3426
0.0390
0.0380
0.0430
0.0380
0.0370
0.0400
0.0400
0.0370
0.0370
NaN
NaN
NaN
NaN
174.4136
0.0380
0.0420
0.0420
0.0400
0.0430
0.0410
0.0410
0.0410
0.0410
0.0400
NaN
NaN
NaN
NaN
174.4216
0.0390
0.0390
0.0410
0.0410
0.0400
0.0430
0.0420
0.0400
0.0380
0.0400
0.0420
0.0520
0.0440
0.0390
0.0400
NaN
NaN
NaN
NaN
174.4117
0.0360
0.0320
0.0320
0.0360
0.0350
0.0300
0.0480
0.0460
0.0510
0.0430
0.0410
0.0450
0.0370
0.0440
0.0400
0.0410
0.0420
0.0580
0.0420
0.0410
0.0400
0.0450
0.0410
0.0560
0.0580
0.0530
0.0480
0.0440
0.0430
0.0430
0.0610
0.0560
0.0470
0.0460
0.0490
0.0460
0.0410
0.0460
0.0450
0.0430
0.0440
0.0440
0.0440
0.0430
0.0450
0.0410
0.0450
0.0520
0.0490
0.0470
0.0530
0.0480
0.0450
0.0480
0.0440
0.0450
0.0430
0.0480
0.0460
0.0440
0.0480
0.0490
0.0450
0.0440
0.0430
0.0480
0.0430
0.0440
0.0500
0.0440
0.0470
0.0430
0.0460
0.0470
0.0460
0.0460
0.0680
0.0490
0.0510
0.0600
0.0570
0.0470
0.0490
0.0450
0.0450
0.0460
0.0460
0.0430
0.0450
0.0430
0.0470
0.0460
0.0450
0.0510
0.0470
0.0520
0.0570