1
149.2159,66.5844,45.0000,57.0000
149.6904,66.0655,45.0000,58.0000
148.7251,65.4887,45.0000,58.0000
147.4499,65.3165,45.0000,58.0000
149.6302,66.7090,39.0000,58.0000
149.5846,66.8976,38.0000,58.0000
149.4279,65.6531,39.0000,60.0000
148.4522,62.9346,43.0000,61.0000
148.1536,60.4274,46.0000,61.0000
149.7058,57.2557,48.0000,61.0000
153.3686,56.4648,45.0000,61.0000
156.3996,54.6676,43.0000,63.0000
157.7226,52.0573,43.0000,63.0000
161.6321,48.8996,40.0000,65.0000
163.2698,46.6308,40.0000,67.0000
164.9250,49.0578,41.0000,65.0000
167.6260,48.8169,43.0000,68.0000
171.0790,49.0360,48.0000,74.0000
180.0470,57.9713,52.0000,79.0000
184.0721,55.9501,48.0000,74.0000
187.9650,61.8054,43.0000,68.0000
196.1118,64.7584,40.0000,66.0000
196.3815,65.0591,43.0000,70.0000
197.9226,63.6217,46.0000,75.0000
200.9887,68.3965,48.0000,66.0000
204.0218,71.8903,51.0000,61.0000
204.8664,78.4664,56.0000,59.0000
205.9892,85.0741,62.0000,56.0000
205.8352,86.9652,69.0000,61.0000
209.9795,89.4134,72.0000,61.0000
217.5431,91.1790,62.0000,61.0000
216.4353,98.6887,57.0000,54.0000
218.5094,104.1697,52.0000,47.0000
215.3687,109.0594,52.0000,39.0000
215.3687,109.0594,52.0000,39.0000
184.7437,96.3362,58.0000,41.0000
184.7437,96.3362,58.0000,41.0000
184.7437,96.3362,58.0000,41.0000
184.7437,96.3362,58.0000,41.0000
184.7437,96.3362,58.0000,41.0000
171.2548,92.5038,68.0000,48.0000
171.2548,92.5038,68.0000,48.0000
171.2548,92.5038,68.0000,48.0000
171.2548,92.5038,68.0000,48.0000
2
0
0
0
0
1
90.2561,35.1273,41.0000,45.0000
82.6911,34.4472,42.0000,49.0000
76.4591,31.1697,43.0000,54.0000
72.0404,31.1613,39.0000,47.0000
69.5649,33.5941,40.0000,49.0000
64.2023,33.4160,40.0000,56.0000
56.9452,35.8499,43.0000,65.0000
48.1376,29.3061,48.0000,75.0000
41.0995,30.9952,51.0000,82.0000
39.4555,43.4381,54.0000,78.0000
48.0989,55.3510,48.0000,68.0000
52.9076,53.6915,53.0000,77.0000
58.3510,51.9442,57.0000,83.0000
82.9634,63.0203,52.0000,78.0000
96.5835,64.1159,47.0000,76.0000
111.2440,60.3498,42.0000,79.0000
111.2440,60.3498,42.0000,79.0000
111.2440,60.3498,42.0000,79.0000
2
0
0
0
0
1
210.0000,89.0000,32.0000,49.0000
210.0000,89.0000,32.0000,49.0000
213.9636,102.0415,24.0000,35.0000
206.7387,101.2280,25.0000,42.0000
202.5067,97.3472,29.0000,49.0000
198.5979,94.6049,31.0000,45.0000
191.6997,97.1694,36.0000,39.0000
185.4498,95.5838,40.0000,42.0000
176.6617,89.2579,30.0000,37.0000
168.3012,82.6471,32.0000,38.0000
158.5910,76.7348,31.0000,38.0000
150.5680,71.9063,29.0000,35.0000
140.8735,62.9397,30.0000,44.0000
133.3328,55.0422,30.0000,50.0000
123.8808,46.1312,33.0000,61.0000
114.4873,43.3426,35.0000,64.0000
111.5472,48.2339,30.0000,54.0000
108.7290,53.2773,25.0000,46.0000
106.1536,53.2127,26.0000,51.0000
107.4446,48.3364,31.0000,61.0000
119.3355,44.3698,25.0000,62.0000
125.1072,52.7476,27.0000,70.0000
136.9532,63.3959,24.0000,76.0000
143.4227,72.7771,24.0000,70.0000
160.5023,82.4224,16.0000,46.0000
168.2598,113.4822,12.0000,35.0000
173.7283,121.4213,11.0000,33.0000
2
0
0
0
0
1
233.9724,106.6354,25.0000,22.0000
240.3653,113.0403,16.0000,14.0000
240.3653,113.0403,16.0000,14.0000
240.3653,113.0403,16.0000,14.0000
240.3653,113.0403,16.0000,14.0000
240.3653,113.0403,16.0000,14.0000
240.3653,113.0403,16.0000,14.0000
2
0
0
0
0
1
195.3637,115.2434,47.0000,23.0000
188.1907,110.4961,42.0000,17.0000
188.1907,110.4961,42.0000,17.0000
188.1907,110.4961,42.0000,17.0000
188.1907,110.4961,42.0000,17.0000
188.1907,110.4961,42.0000,17.0000
188.1907,110.4961,42.0000,17.0000
188.1907,110.4961,42.0000,17.0000
2
0
0
0
0
1
100.7697,65.9372,28.0000,37.0000
99.7974,71.1193,28.0000,37.0000
102.0983,81.1699,28.0000,30.0000
104.1039,79.6976,31.0000,36.0000
112.9721,81.6120,27.0000,41.0000
121.6144,85.3587,24.0000,46.0000
133.7359,87.8431,19.0000,53.0000
147.0509,91.1523,13.0000,40.0000
147.0509,91.1523,13.0000,40.0000
2
0
0
0
0
1
225.6583,121.6557,37.0000,30.0000
230.1320,127.3644,35.0000,22.0000
232.8547,131.2763,37.0000,17.0000
241.1044,134.0104,30.0000,12.0000
255.3399,135.1552,25.0000,9.0000
244.7123,139.5743,19.0000,7.0000
245.1014,139.0055,22.0000,10.0000
238.8821,138.6872,27.0000,13.0000
233.7032,137.9188,34.0000,18.0000
226.5249,130.9901,37.0000,21.0000
218.9871,123.8170,31.0000,21.0000
212.2331,115.3161,25.0000,27.0000
208.1700,112.9581,21.0000,19.0000
215.3543,110.6610,15.0000,18.0000
2
0
0
0
0
1
181.7510,38.8573,30.0000,34.0000
183.0645,41.0715,34.0000,40.0000
190.0214,44.0207,37.0000,44.0000
192.3144,48.3789,42.0000,50.0000
201.2121,51.1934,46.0000,48.0000
214.3954,55.5124,39.0000,42.0000
229.9960,58.3382,32.0000,34.0000
234.7366,64.2668,34.0000,31.0000
239.4119,75.6102,36.0000,28.0000
239.5837,76.7344,41.0000,31.0000
244.4467,79.1105,36.0000,25.0000
234.4970,75.1550,40.0000,29.0000
231.5825,69.7562,36.0000,29.0000
228.0498,61.4647,40.0000,36.0000
227.7602,61.7972,34.0000,29.0000
219.5868,61.7769,39.0000,33.0000
216.2419,59.3826,35.0000,35.0000
208.3587,54.8012,39.0000,42.0000
198.9870,51.0949,42.0000,47.0000
198.0346,47.7003,34.0000,38.0000
186.8569,44.8602,37.0000,43.0000
176.3381,47.1572,33.0000,37.0000
164.2912,48.9314,31.0000,34.0000
150.1977,46.4272,34.0000,40.0000
137.6472,45.3106,32.0000,47.0000
128.6944,40.6564,30.0000,56.0000
119.4850,36.5375,33.0000,62.0000
113.3028,33.3063,31.0000,49.0000
102.2569,40.9079,32.0000,44.0000
94.1956,38.3762,31.0000,52.0000
85.4809,32.4575,30.0000,59.0000
78.9209,30.0306,29.0000,64.0000
74.7093,24.6508,29.0000,72.0000
70.5522,23.9063,29.0000,70.0000
69.5600,25.0632,25.0000,73.0000
72.7351,29.5604,19.0000,77.0000
76.7953,40.9426,15.0000,74.0000
82.7834,49.8700,12.0000,57.0000
86.2414,65.6576,11.0000,47.0000
90.3685,77.2859,10.0000,42.0000
94.7743,87.5925,11.0000,38.0000
100.7848,101.7448,10.0000,33.0000
98.2053,118.2042,12.0000,27.0000
102.3900,130.8721,11.0000,18.0000
108.6732,143.6499,8.0000,11.0000
106.7254,146.6382,12.0000,11.0000
111.2931,143.7652,15.0000,18.0000
104.3603,146.8512,20.0000,22.0000
99.0261,147.7938,26.0000,26.0000
97.8101,144.0905,29.0000,32.0000
98.8593,138.8620,30.0000,35.0000
103.0783,138.5835,30.0000,36.0000
109.5189,142.1224,27.0000,33.0000
115.6425,143.1362,24.0000,34.0000
119.2386,144.2997,24.0000,34.0000
123.5923,139.7927,21.0000,37.0000
123.4925,138.8767,21.0000,38.0000
123.9284,139.1804,21.0000,38.0000
121.8573,134.2240,24.0000,44.0000
121.9160,129.9591,25.0000,44.0000
122.7655,128.4564,25.0000,39.0000
124.1289,121.9160,27.0000,43.0000
125.8433,114.2611,27.0000,50.0000
127.0468,109.2651,26.0000,50.0000
126.6718,107.0830,29.0000,49.0000
127.3815,108.0922,32.0000,45.0000
131.8824,108.4133,27.0000,42.0000
135.7338,106.7139,25.0000,43.0000
136.4920,104.5757,29.0000,45.0000
138.3685,104.1378,31.0000,45.0000
141.5315,99.7323,35.0000,48.0000
147.7955,99.8764,33.0000,43.0000
151.6332,95.5447,35.0000,49.0000
155.6806,99.7033,36.0000,42.0000
159.4239,107.2011,38.0000,34.0000
158.8403,108.3952,29.0000,28.0000
160.9911,105.7184,29.0000,32.0000
156.9645,98.6598,33.0000,38.0000
147.7603,89.2665,37.0000,42.0000
144.0836,85.2585,33.0000,45.0000
137.9004,80.0676,30.0000,49.0000
130.1142,70.5958,30.0000,57.0000
122.7409,66.1057,30.0000,64.0000
116.3302,67.3806,28.0000,60.0000
111.2532,71.7155,28.0000,53.0000
109.3238,72.2716,25.0000,53.0000
108.2128,72.6635,24.0000,55.0000
112.7794,80.9437,23.0000,44.0000
110.7299,83.5001,26.0000,36.0000
110.4473,80.6586,26.0000,39.0000
111.0353,74.8316,27.0000,47.0000
111.5430,75.4134,25.0000,51.0000
113.9321,72.9806,24.0000,58.0000
115.5069,80.3395,24.0000,48.0000
114.5188,83.1284,26.0000,43.0000
115.7758,87.5138,26.0000,35.0000
115.5199,87.0136,28.0000,36.0000