194.3558
0.0293
0.0333
0.0292
0.0263
0.0273
0.0264
0.0303
0.0325
0.0374
0.0324
0.0192
0.0293
0.0384
0.0321
0.0292
0.0381
0.0221
0.0302
0.0283
0.0293
0.0243
0.0273
0.0283
0.0333
0.0242
0.0243
0.0252
0.0230
0.0290
0.0247
0.0332
0.0373
0.0242
0.0292
0.0273
0.0313
0.0292
0.0263
0.0263
0.0282
0.0303
0.0342
0.0312
0.0303
0.0303
0.0282
0.0292
0.0273
0.0272
0.0263
0.0252
0.0284
0.0232
0.0242
0.0283
0.0242
0.0253
0.0222
0.0221
0.0272
0.0283
0.0222
0.0243
0.0302
0.0274
0.0314
0.0281
0.0303
0.0273
0.0292
0.0293
0.0283
0.0242
0.0263
0.0273
0.0313
0.0282
0.0313
0.0263
0.0333
0.0352
0.0242
0.0251
0.0181
0.0211
0.0302
0.0283
0.0161
0.0310
0.0220
0.0455
0.0261
0.0313
0.0292
0.0211
0.0283
0.0333
0.0303
0.0303
0.0221
0.0424
0.0282
0.0302
0.0303
0.0303
0.0303
0.0300
0.0292
0.0303
0.0323
0.0302
0.0262
0.0282
0.0292
0.0293
0.0314
0.0231
0.0241
0.0303
0.0302
0.0293
0.0302
0.0292
0.0303
0.0228
0.0302
0.0212
0.0323
0.0241
0.0291
0.0373
0.0331
0.0303
0.0383
0.0262
0.0363
0.0373
0.0354
0.0323
0.0251
0.0333
0.0283
0.0313
0.0242
0.0282
0.0334
0.0292
0.0242
0.0292
0.0322
0.0300
0.0324
0.0292
0.0425
0.0311
0.0282
0.0372
0.0303
0.0312
0.0302
0.0272
0.0282
0.0260