1
270.6376,86.2979,30.7898,46.7988
270.6376,86.2979,30.7898,46.7988
270.6376,86.2979,30.7898,46.7988
270.6376,86.2979,30.7898,46.7988
270.6376,86.2979,30.7898,46.7988
270.6376,86.2979,30.7898,46.7988
270.6376,86.2979,30.7898,46.7988
270.6376,86.2979,30.7898,46.7988
270.6376,86.2979,30.7898,46.7988
270.6376,86.2979,30.7898,46.7988
270.6376,86.2979,30.7898,46.7988
270.6376,86.2979,30.7898,46.7988
270.6376,86.2979,30.7898,46.7988
270.6376,86.2979,30.7898,46.7988
270.6376,86.2979,30.7898,46.7988
270.6376,86.2979,30.7898,46.7988
270.6376,86.2979,30.7898,46.7988
270.6376,86.2979,30.7898,46.7988
2
0
0
0
0
1
242.5014,78.8101,25.1372,51.8257
242.5014,78.8101,25.1372,51.8257
242.5014,78.8101,25.1372,51.8257
242.5014,78.8101,25.1372,51.8257
242.5014,78.8101,25.1372,51.8257
242.5014,78.8101,25.1372,51.8257
242.5014,78.8101,25.1372,51.8257
242.5014,78.8101,25.1372,51.8257
242.5014,78.8101,25.1372,51.8257
242.5014,78.8101,25.1372,51.8257
242.5014,78.8101,25.1372,51.8257
242.5014,78.8101,25.1372,51.8257
242.5014,78.8101,25.1372,51.8257
242.5014,78.8101,25.1372,51.8257
242.5014,78.8101,25.1372,51.8257
242.5014,78.8101,25.1372,51.8257
242.5014,78.8101,25.1372,51.8257
242.5014,78.8101,25.1372,51.8257
242.5014,78.8101,25.1372,51.8257
242.5014,78.8101,25.1372,51.8257
242.5014,78.8101,25.1372,51.8257
242.5014,78.8101,25.1372,51.8257
242.5014,78.8101,25.1372,51.8257
242.5014,78.8101,25.1372,51.8257
242.5014,78.8101,25.1372,51.8257
242.5014,78.8101,25.1372,51.8257
242.5014,78.8101,25.1372,51.8257
242.5014,78.8101,25.1372,51.8257
242.5014,78.8101,25.1372,51.8257
242.5014,78.8101,25.1372,51.8257
242.5014,78.8101,25.1372,51.8257
242.5014,78.8101,25.1372,51.8257
242.5014,78.8101,25.1372,51.8257
242.5014,78.8101,25.1372,51.8257
242.5014,78.8101,25.1372,51.8257
242.5014,78.8101,25.1372,51.8257
242.5014,78.8101,25.1372,51.8257
242.5014,78.8101,25.1372,51.8257
242.5014,78.8101,25.1372,51.8257
242.5014,78.8101,25.1372,51.8257
242.5014,78.8101,25.1372,51.8257
242.5014,78.8101,25.1372,51.8257
242.5014,78.8101,25.1372,51.8257
242.5014,78.8101,25.1372,51.8257
242.5014,78.8101,25.1372,51.8257
242.5014,78.8101,25.1372,51.8257
242.5014,78.8101,25.1372,51.8257
242.5014,78.8101,25.1372,51.8257
242.5014,78.8101,25.1372,51.8257
242.5014,78.8101,25.1372,51.8257
242.5014,78.8101,25.1372,51.8257
242.5014,78.8101,25.1372,51.8257
242.5014,78.8101,25.1372,51.8257
242.5014,78.8101,25.1372,51.8257
242.5014,78.8101,25.1372,51.8257
242.5014,78.8101,25.1372,51.8257
242.5014,78.8101,25.1372,51.8257
242.5014,78.8101,25.1372,51.8257
242.5014,78.8101,25.1372,51.8257
242.5014,78.8101,25.1372,51.8257
242.5014,78.8101,25.1372,51.8257
242.5014,78.8101,25.1372,51.8257
242.5014,78.8101,25.1372,51.8257
242.5014,78.8101,25.1372,51.8257
242.5014,78.8101,25.1372,51.8257
242.5014,78.8101,25.1372,51.8257
242.5014,78.8101,25.1372,51.8257
242.5014,78.8101,25.1372,51.8257
242.5014,78.8101,25.1372,51.8257
242.5014,78.8101,25.1372,51.8257
242.5014,78.8101,25.1372,51.8257
242.5014,78.8101,25.1372,51.8257
242.5014,78.8101,25.1372,51.8257
242.5014,78.8101,25.1372,51.8257
242.5014,78.8101,25.1372,51.8257
242.5014,78.8101,25.1372,51.8257
242.5014,78.8101,25.1372,51.8257
242.5014,78.8101,25.1372,51.8257
242.5014,78.8101,25.1372,51.8257
242.5014,78.8101,25.1372,51.8257
242.5014,78.8101,25.1372,51.8257
242.5014,78.8101,25.1372,51.8257
242.5014,78.8101,25.1372,51.8257
242.5014,78.8101,25.1372,51.8257
242.5014,78.8101,25.1372,51.8257
242.5014,78.8101,25.1372,51.8257
2
0
0
0
0
1
221.9172,67.7190,32.4555,76.3041
221.9172,67.7190,32.4555,76.3041
221.9172,67.7190,32.4555,76.3041
221.9172,67.7190,32.4555,76.3041
221.9172,67.7190,32.4555,76.3041
2
0
0
0
0
1
289.5732,73.5797,21.9136,71.2882
289.5732,73.5797,21.9136,71.2882
289.5732,73.5797,21.9136,71.2882
289.5732,73.5797,21.9136,71.2882
289.5732,73.5797,21.9136,71.2882
289.5732,73.5797,21.9136,71.2882
289.5732,73.5797,21.9136,71.2882
2
0
0
0
0
1
302.2192,84.3486,24.6866,68.4182
302.2192,84.3486,24.6866,68.4182
302.2192,84.3486,24.6866,68.4182
302.2192,84.3486,24.6866,68.4182
302.2192,84.3486,24.6866,68.4182
302.2192,84.3486,24.6866,68.4182
302.2192,84.3486,24.6866,68.4182
302.2192,84.3486,24.6866,68.4182
2
0
0
0
0
1
286.9459,82.2621,24.8082,63.7192
286.9459,82.2621,24.8082,63.7192
286.9459,82.2621,24.8082,63.7192
286.9459,82.2621,24.8082,63.7192
286.9459,82.2621,24.8082,63.7192
286.9459,82.2621,24.8082,63.7192
286.9459,82.2621,24.8082,63.7192
286.9459,82.2621,24.8082,63.7192
286.9459,82.2621,24.8082,63.7192
286.9459,82.2621,24.8082,63.7192
286.9459,82.2621,24.8082,63.7192
286.9459,82.2621,24.8082,63.7192
286.9459,82.2621,24.8082,63.7192
286.9459,82.2621,24.8082,63.7192
286.9459,82.2621,24.8082,63.7192
286.9459,82.2621,24.8082,63.7192
286.9459,82.2621,24.8082,63.7192
286.9459,82.2621,24.8082,63.7192
286.9459,82.2621,24.8082,63.7192
286.9459,82.2621,24.8082,63.7192
2
0
0
0
0
1
321.9877,80.5180,24.2946,57.1111
321.9877,80.5180,24.2946,57.1111
321.9877,80.5180,24.2946,57.1111
321.9877,80.5180,24.2946,57.1111
321.9877,80.5180,24.2946,57.1111
321.9877,80.5180,24.2946,57.1111
321.9877,80.5180,24.2946,57.1111
321.9877,80.5180,24.2946,57.1111
321.9877,80.5180,24.2946,57.1111
321.9877,80.5180,24.2946,57.1111
321.9877,80.5180,24.2946,57.1111
321.9877,80.5180,24.2946,57.1111
321.9877,80.5180,24.2946,57.1111
321.9877,80.5180,24.2946,57.1111
321.9877,80.5180,24.2946,57.1111
321.9877,80.5180,24.2946,57.1111
2
0
0
0
0
1
359.1367,90.2020,23.9965,61.1120
359.1367,90.2020,23.9965,61.1120
359.1367,90.2020,23.9965,61.1120
359.1367,90.2020,23.9965,61.1120
359.1367,90.2020,23.9965,61.1120
359.1367,90.2020,23.9965,61.1120
2
0
0
0
0
1
334.4999,94.2141,21.3301,43.6193
334.4999,94.2141,21.3301,43.6193
334.4999,94.2141,21.3301,43.6193
334.4999,94.2141,21.3301,43.6193
334.4999,94.2141,21.3301,43.6193
334.4999,94.2141,21.3301,43.6193
334.4999,94.2141,21.3301,43.6193
334.4999,94.2141,21.3301,43.6193
334.4999,94.2141,21.3301,43.6193
334.4999,94.2141,21.3301,43.6193
334.4999,94.2141,21.3301,43.6193
334.4999,94.2141,21.3301,43.6193
334.4999,94.2141,21.3301,43.6193
334.4999,94.2141,21.3301,43.6193
2
0
0
0
0
1
351.8241,103.3988,21.6717,43.9374
351.8241,103.3988,21.6717,43.9374
351.8241,103.3988,21.6717,43.9374
351.8241,103.3988,21.6717,43.9374
351.8241,103.3988,21.6717,43.9374
351.8241,103.3988,21.6717,43.9374
351.8241,103.3988,21.6717,43.9374
351.8241,103.3988,21.6717,43.9374
351.8241,103.3988,21.6717,43.9374
351.8241,103.3988,21.6717,43.9374
351.8241,103.3988,21.6717,43.9374
351.8241,103.3988,21.6717,43.9374
351.8241,103.3988,21.6717,43.9374
351.8241,103.3988,21.6717,43.9374
351.8241,103.3988,21.6717,43.9374
351.8241,103.3988,21.6717,43.9374
351.8241,103.3988,21.6717,43.9374
351.8241,103.3988,21.6717,43.9374
351.8241,103.3988,21.6717,43.9374
351.8241,103.3988,21.6717,43.9374
351.8241,103.3988,21.6717,43.9374
351.8241,103.3988,21.6717,43.9374
351.8241,103.3988,21.6717,43.9374
351.8241,103.3988,21.6717,43.9374
351.8241,103.3988,21.6717,43.9374
351.8241,103.3988,21.6717,43.9374
351.8241,103.3988,21.6717,43.9374
351.8241,103.3988,21.6717,43.9374
351.8241,103.3988,21.6717,43.9374
351.8241,103.3988,21.6717,43.9374
351.8241,103.3988,21.6717,43.9374
351.8241,103.3988,21.6717,43.9374
351.8241,103.3988,21.6717,43.9374
351.8241,103.3988,21.6717,43.9374
351.8241,103.3988,21.6717,43.9374
351.8241,103.3988,21.6717,43.9374
351.8241,103.3988,21.6717,43.9374
351.8241,103.3988,21.6717,43.9374
351.8241,103.3988,21.6717,43.9374
351.8241,103.3988,21.6717,43.9374
351.8241,103.3988,21.6717,43.9374
351.8241,103.3988,21.6717,43.9374
351.8241,103.3988,21.6717,43.9374
351.8241,103.3988,21.6717,43.9374
351.8241,103.3988,21.6717,43.9374
351.8241,103.3988,21.6717,43.9374
351.8241,103.3988,21.6717,43.9374
351.8241,103.3988,21.6717,43.9374
351.8241,103.3988,21.6717,43.9374
351.8241,103.3988,21.6717,43.9374
351.8241,103.3988,21.6717,43.9374
351.8241,103.3988,21.6717,43.9374
351.8241,103.3988,21.6717,43.9374
2
0
0
0
0