193.5199
0.0280
0.0310
0.0290
0.0320
0.0300
0.0220
0.0280
0.0310
0.0250
0.0270
0.0270
0.0250
0.0290
0.0250
0.0270
0.0320
0.0320
0.0290
0.0240
0.0210
0.0250
0.0240
0.0350
0.0230
0.0320
0.0220
0.0220
0.0370
0.0300
0.0230
0.0270
0.0290
0.0310
0.0210
0.0220
0.0280
0.0210
0.0250
0.0330
0.0270
0.0320
0.0250
0.0220
0.0280
0.0290
0.0220
0.0220
0.0240
0.0320
0.0210
0.0250
0.0290
0.0290
0.0250
0.0250
0.0210
0.0210
0.0270
0.0280
0.0290
0.0220
0.0284
0.0244
0.0292
0.0220
0.0267
0.0217
0.0262
0.0250
0.0270
0.0280
0.0212
0.0204
0.0260
0.0267
0.0230
0.0283
0.0210
0.0240
0.0351
0.0320
0.0249
0.0279
0.0220
0.0250
0.0271
0.0347
0.0223
0.0330
0.0288
0.0293
0.0274
0.0280
0.0327
0.0300
0.0279
0.0250
0.0212
0.0340
0.0210
0.0287
0.0264
0.0214
0.0331
0.0224
0.0240
0.0232
0.0257
0.0253
0.0220
0.0270
0.0230
0.0284
0.0289
0.0363
0.0371
0.0277
0.0291
0.0229
0.0222
0.0280
0.0249
0.0291
0.0320
0.0229
0.0232
0.0390
0.0257
0.0294
0.0230
0.0232
0.0260
0.0267
0.0260
0.0277
0.0240
0.0332
0.0220
0.0310
0.0245
0.0218
0.0223
0.0263
0.0300
0.0339
0.0280
0.0371
0.0319
0.0292
0.0220
0.0280
0.0280
0.0281
0.0329
0.0322
0.0332
0.0310
0.0357
0.0244
0.0280
0.0220
0.0251
0.0269
0.0280
0.0260
0.0209
0.0210
0.0293
0.0352
0.0277
0.0280
0.0290
0.0327
0.0345
0.0309
0.0302
0.0320
0.0299
0.0280
0.0310
0.0280
0.0320
0.0270
0.0227
0.0220
0.0220
0.0247
0.0240
0.0280
0.0252
0.0219
0.0292
0.0250
0.0280
0.0282
0.0298
0.0310
0.0297
0.0274
0.0260
0.0381
0.0214
0.0325
0.0329
0.0230
0.0321
0.0270
0.0273
0.0373
0.0278
0.0359
0.0322
0.0272
0.0318
0.0251
0.0310
0.0280
0.0280
0.0272
0.0280
0.0250
0.0310
0.0280
0.0290
0.0220
0.0314
0.0220
0.0308
0.0260
0.0220
0.0252
0.0247
0.0331
0.0270
0.0280
0.0310
0.0250
0.0297
0.0220
0.0220
0.0220
0.0280
0.0220
0.0287
0.0280
0.0328
0.0320
0.0320
0.0300
0.0271
0.0229
0.0308
0.0243
0.0361
0.0250
0.0229
0.0222
0.0249
0.0292
0.0300
0.0343
0.0244
0.0287
0.0250
0.0280
0.0270
0.0307
0.0247
0.0234
0.0214
0.0273
0.0274
0.0289
0.0212
0.0240
0.0280
0.0320
0.0259
0.0242
0.0310
0.0269
0.0222
0.0240
0.0277
0.0300
0.0282
0.0230
0.0334
0.0290
0.0252
0.0262
0.0300