194.0485
0.0420
0.0590
0.0480
0.0480
0.0550
0.0420
0.0439
0.0417
0.0618
0.0381
0.0440
0.0484
0.0400
0.0455
0.0477
0.0451
0.0504
0.0480
0.0379
0.0470
0.0450
0.0520
0.0448
0.0435
0.0513
0.0444
0.0601
0.0392
0.0448
0.0498
0.0504
0.0391
0.0457
0.0411
0.0371
0.0480
0.0480
0.0481
0.0529
0.0451
0.0470
0.0439
0.0413
0.0391
0.0424
0.0574
0.0463
0.0504
0.0377
0.0377
0.0420
0.0447
0.0471
0.0455
0.0531
0.0470
0.0484
0.0497
0.0527
0.0394
0.0470
0.0461
0.0468
0.0431
0.0502
0.0382
0.0430
0.0509
0.0434
0.0594
0.0450
0.0451
0.0401
0.0630
0.0413
0.0521
0.0494
0.0465
0.0471
0.0557
0.0421
0.0510
0.0449
0.0511
0.0517
0.0391
0.0400
0.0407
0.0479
0.0400
0.0599
0.0445
0.0450
0.0398
0.0427
0.0447
0.0414
0.0621
0.0523
0.0421
0.0413
0.0480
0.0514
0.0388
0.0391
0.0641
0.0504
0.0423
0.0410
0.0472
0.0440
0.0431
0.0470
0.0471
0.0481
0.0520
0.0384