394.9393
0.0641
0.0748
0.0517
0.0618
0.0510
0.0541
0.0591
0.0507
0.0551
0.0557
0.0671
0.0520
0.0630
0.0741
0.0488
0.0608
0.0519
0.0642
0.0639
0.0634
0.0693
0.0432
0.0732
0.0500
0.0557
0.0624
0.0501
0.0553
0.0490
0.0451
0.0528
0.0546
0.0510
0.0530
0.0589
0.0487
0.0529
0.0509
0.0530
0.0608
0.0601
0.0561
0.0537
0.0627
0.0584
0.0530
0.0399
0.0679
0.0513
0.0750
0.0590
0.0510
0.0520
0.0680
0.0560
0.0610
0.0580
0.0750
0.0490
0.0580
0.0590
0.0390
0.0790
0.0510
0.0660
0.0470
0.0630
0.0490
0.0440
0.0600
0.0690
0.0580
0.0670
0.0780
0.0560
0.0690
0.0540
0.0600
0.0590
0.0590
0.0600
0.0580
0.0520
0.0780
0.0720
0.0520
0.0719
0.0635
0.0540
0.0675
0.0530
0.0508
0.0549
0.0700
0.0610
0.0600
0.0470
0.0540
0.0551
0.0553
0.0469
0.0671
0.0449
0.0667
0.0454
0.0802
0.0548
0.0597
0.0479
0.0560
0.0463
0.0571
0.0460
0.0680
0.0510
0.0820
0.0570
0.0560
0.0654
0.0590
0.0650
0.0720
0.0660
0.0680
0.0480
0.0730
0.0590
0.0510
0.0410
0.0640