1
130.6494,463.9941,24.2562,59.7818
130.6494,463.9941,24.2562,59.7818
2
0
0
0
0
1
159.4213,589.1576,28.4673,55.4949
159.4213,589.1576,28.4673,55.4949
159.4213,589.1576,28.4673,55.4949
159.4213,589.1576,28.4673,55.4949
159.4213,589.1576,28.4673,55.4949
159.4213,589.1576,28.4673,55.4949
159.4213,589.1576,28.4673,55.4949
159.4213,589.1576,28.4673,55.4949
159.4213,589.1576,28.4673,55.4949
159.4213,589.1576,28.4673,55.4949
159.4213,589.1576,28.4673,55.4949
159.4213,589.1576,28.4673,55.4949
159.4213,589.1576,28.4673,55.4949
2
0
0
0
0
1
271.2607,784.1656,42.2385,38.0938
2
0
0
0
0
1
414.6280,852.5254,41.2839,34.0142
414.6280,852.5254,41.2839,34.0142
414.6280,852.5254,41.2839,34.0142
2
0
0
0
0
1
589.4909,767.3269,26.7582,50.7212
589.4909,767.3269,26.7582,50.7212
589.4909,767.3269,26.7582,50.7212
589.4909,767.3269,26.7582,50.7212
589.4909,767.3269,26.7582,50.7212
589.4909,767.3269,26.7582,50.7212
589.4909,767.3269,26.7582,50.7212
589.4909,767.3269,26.7582,50.7212
589.4909,767.3269,26.7582,50.7212
589.4909,767.3269,26.7582,50.7212
589.4909,767.3269,26.7582,50.7212
589.4909,767.3269,26.7582,50.7212
589.4909,767.3269,26.7582,50.7212
589.4909,767.3269,26.7582,50.7212
589.4909,767.3269,26.7582,50.7212
589.4909,767.3269,26.7582,50.7212
589.4909,767.3269,26.7582,50.7212
589.4909,767.3269,26.7582,50.7212
589.4909,767.3269,26.7582,50.7212
589.4909,767.3269,26.7582,50.7212
589.4909,767.3269,26.7582,50.7212
589.4909,767.3269,26.7582,50.7212
589.4909,767.3269,26.7582,50.7212
589.4909,767.3269,26.7582,50.7212
589.4909,767.3269,26.7582,50.7212
589.4909,767.3269,26.7582,50.7212
589.4909,767.3269,26.7582,50.7212
589.4909,767.3269,26.7582,50.7212
589.4909,767.3269,26.7582,50.7212
589.4909,767.3269,26.7582,50.7212
589.4909,767.3269,26.7582,50.7212
589.4909,767.3269,26.7582,50.7212
589.4909,767.3269,26.7582,50.7212
589.4909,767.3269,26.7582,50.7212
2
0
0
0
0
1
542.0973,647.2224,23.1454,60.7252
542.0973,647.2224,23.1454,60.7252
2
0
0
0
0
1
705.4238,667.9255,43.8224,44.4990
705.4238,667.9255,43.8224,44.4990
705.4238,667.9255,43.8224,44.4990
705.4238,667.9255,43.8224,44.4990
705.4238,667.9255,43.8224,44.4990
705.4238,667.9255,43.8224,44.4990
705.4238,667.9255,43.8224,44.4990
705.4238,667.9255,43.8224,44.4990
705.4238,667.9255,43.8224,44.4990
2
0
0
0
0
1
629.0523,797.7921,40.7103,41.3659
629.0523,797.7921,40.7103,41.3659
629.0523,797.7921,40.7103,41.3659
629.0523,797.7921,40.7103,41.3659
629.0523,797.7921,40.7103,41.3659
629.0523,797.7921,40.7103,41.3659
2
0
0
0
0
1
489.1901,862.7252,38.1247,38.3196
489.1901,862.7252,38.1247,38.3196
489.1901,862.7252,38.1247,38.3196
489.1901,862.7252,38.1247,38.3196
489.1901,862.7252,38.1247,38.3196
489.1901,862.7252,38.1247,38.3196
2
0
0
0
0
1
341.9292,783.4804,46.0616,38.1593
341.9292,783.4804,46.0616,38.1593
341.9292,783.4804,46.0616,38.1593
341.9292,783.4804,46.0616,38.1593
341.9292,783.4804,46.0616,38.1593
341.9292,783.4804,46.0616,38.1593
341.9292,783.4804,46.0616,38.1593
341.9292,783.4804,46.0616,38.1593
2
0
0
0
0
1
468.1581,707.3904,49.4389,28.0192
468.1581,707.3904,49.4389,28.0192
2
0
0
0
0
1
335.6400,469.1472,61.7101,29.1306
335.6400,469.1472,61.7101,29.1306
335.6400,469.1472,61.7101,29.1306
2
0
0
0
0
1
253.7271,258.8816,30.8257,46.8569
253.7271,258.8816,30.8257,46.8569
253.7271,258.8816,30.8257,46.8569
2
0
0
0
0
1
319.3594,222.1849,28.4613,56.6153
319.3594,222.1849,28.4613,56.6153
2
0
0
0
0
1
203.1353,324.8552,47.3295,29.6996
203.1353,324.8552,47.3295,29.6996
203.1353,324.8552,47.3295,29.6996
203.1353,324.8552,47.3295,29.6996
2
0
0
0
0
1
186.7662,527.6758,47.4277,28.7883
186.7662,527.6758,47.4277,28.7883
186.7662,527.6758,47.4277,28.7883
186.7662,527.6758,47.4277,28.7883
186.7662,527.6758,47.4277,28.7883
186.7662,527.6758,47.4277,28.7883
186.7662,527.6758,47.4277,28.7883
186.7662,527.6758,47.4277,28.7883
186.7662,527.6758,47.4277,28.7883
186.7662,527.6758,47.4277,28.7883
186.7662,527.6758,47.4277,28.7883
186.7662,527.6758,47.4277,28.7883
186.7662,527.6758,47.4277,28.7883
186.7662,527.6758,47.4277,28.7883
186.7662,527.6758,47.4277,28.7883
186.7662,527.6758,47.4277,28.7883
186.7662,527.6758,47.4277,28.7883
186.7662,527.6758,47.4277,28.7883
186.7662,527.6758,47.4277,28.7883
186.7662,527.6758,47.4277,28.7883
186.7662,527.6758,47.4277,28.7883
186.7662,527.6758,47.4277,28.7883
186.7662,527.6758,47.4277,28.7883
186.7662,527.6758,47.4277,28.7883
186.7662,527.6758,47.4277,28.7883
186.7662,527.6758,47.4277,28.7883
186.7662,527.6758,47.4277,28.7883
186.7662,527.6758,47.4277,28.7883
186.7662,527.6758,47.4277,28.7883
186.7662,527.6758,47.4277,28.7883
186.7662,527.6758,47.4277,28.7883
186.7662,527.6758,47.4277,28.7883
186.7662,527.6758,47.4277,28.7883
186.7662,527.6758,47.4277,28.7883
186.7662,527.6758,47.4277,28.7883
186.7662,527.6758,47.4277,28.7883
186.7662,527.6758,47.4277,28.7883
186.7662,527.6758,47.4277,28.7883
186.7662,527.6758,47.4277,28.7883
186.7662,527.6758,47.4277,28.7883
186.7662,527.6758,47.4277,28.7883
186.7662,527.6758,47.4277,28.7883
186.7662,527.6758,47.4277,28.7883
186.7662,527.6758,47.4277,28.7883
2
0
0
0
0
1
172.2522,638.4646,27.0156,52.5757
172.2522,638.4646,27.0156,52.5757
172.2522,638.4646,27.0156,52.5757
172.2522,638.4646,27.0156,52.5757
172.2522,638.4646,27.0156,52.5757
172.2522,638.4646,27.0156,52.5757
172.2522,638.4646,27.0156,52.5757
172.2522,638.4646,27.0156,52.5757
172.2522,638.4646,27.0156,52.5757
172.2522,638.4646,27.0156,52.5757
172.2522,638.4646,27.0156,52.5757
172.2522,638.4646,27.0156,52.5757
172.2522,638.4646,27.0156,52.5757
172.2522,638.4646,27.0156,52.5757
172.2522,638.4646,27.0156,52.5757
172.2522,638.4646,27.0156,52.5757
172.2522,638.4646,27.0156,52.5757
172.2522,638.4646,27.0156,52.5757
172.2522,638.4646,27.0156,52.5757
172.2522,638.4646,27.0156,52.5757
172.2522,638.4646,27.0156,52.5757
172.2522,638.4646,27.0156,52.5757
172.2522,638.4646,27.0156,52.5757
172.2522,638.4646,27.0156,52.5757
172.2522,638.4646,27.0156,52.5757
172.2522,638.4646,27.0156,52.5757
172.2522,638.4646,27.0156,52.5757
172.2522,638.4646,27.0156,52.5757
172.2522,638.4646,27.0156,52.5757
172.2522,638.4646,27.0156,52.5757
172.2522,638.4646,27.0156,52.5757
172.2522,638.4646,27.0156,52.5757
172.2522,638.4646,27.0156,52.5757
172.2522,638.4646,27.0156,52.5757
172.2522,638.4646,27.0156,52.5757
172.2522,638.4646,27.0156,52.5757
172.2522,638.4646,27.0156,52.5757
172.2522,638.4646,27.0156,52.5757
172.2522,638.4646,27.0156,52.5757
2
0
0
0
0
1
309.3323,737.5975,42.6954,35.8950
309.3323,737.5975,42.6954,35.8950
309.3323,737.5975,42.6954,35.8950
309.3323,737.5975,42.6954,35.8950
2
0
0
0
0
1
373.1221,783.5068,64.7908,24.0514
373.1221,783.5068,64.7908,24.0514
373.1221,783.5068,64.7908,24.0514
373.1221,783.5068,64.7908,24.0514
373.1221,783.5068,64.7908,24.0514
373.1221,783.5068,64.7908,24.0514
2
0
0
0
0
1
583.7880,760.4403,39.9739,35.0095
583.7880,760.4403,39.9739,35.0095
583.7880,760.4403,39.9739,35.0095
2
0
0
0
0
1
491.6508,846.0847,49.8483,27.9755
2
0
0
0
0
1
301.6384,764.2836,32.3582,40.6078
2
0