194.3067
0.0655
0.0724
0.0692
0.0730
0.0772
0.0729
0.0683
0.0697
0.0705
0.0678
0.0700
0.0742
0.0765
0.0676
0.0780
0.0649
0.0723
0.0755
0.0657
0.0814
0.0733
0.0828
0.0676
0.0654
0.0683
0.0805
0.0702
0.0660
0.0692
0.0850
0.0718
0.0712
0.0747
0.0715
0.0710
0.0728
0.0785
0.0756
0.0664
0.0772
0.0681
0.0732
0.0650
0.0761
0.0606
0.0724
0.0667
0.0772
0.0703
0.0720
0.0734
0.0783
0.0738
0.0685
0.0648
0.0791
0.0766
0.0650
0.0718
0.0767
0.0714
0.0668
0.0753
0.0695
0.0731
0.0809
0.0719
0.0827
0.0761
0.0702
0.0700
0.0694
0.0732
0.0687
0.0721
0.0683
0.0717
0.0787
0.0750
0.0719
0.0771
0.0670
0.0660
0.0780
0.0804
0.0848
0.0757
0.0661
0.0792
0.0816
0.0695
0.0711
0.0721
0.0701
0.0635
0.0709
0.0674
0.0734
0.0764
0.0802
0.0746
0.0733
0.0749
0.0683
0.0738
0.0768
0.0730
0.0698
0.0767
0.0714
0.0770
0.0697
0.0745
0.0690
0.0755
0.0789
0.0768
0.0680
0.0665
0.0648
0.0680
0.0695
0.0761
0.0704
0.0762
0.0680
0.0759
0.0700
0.0738
0.0661
0.0770
0.0637
0.0776
0.0763
0.0703
0.0650
0.0834
0.0692
0.0744
0.0722
0.0727
0.0762
0.0717
0.0720
0.0671
0.0747
0.0704
0.0798
0.0724
0.0798
0.0747
0.0728
0.0787
0.0670
0.0740
0.0752
0.0781
0.0833
0.0657
0.0718
0.0748
0.0732
0.0695
0.0691
0.0820
0.0674
0.0710
0.0680
0.0740
0.0700
0.0772
0.0660
0.0785
0.0717
0.0722
0.0790
0.0814
0.0812
0.0800
0.0731
0.0752
0.0781
0.0664
0.0790
0.0690
0.0779
0.0761
0.0732
0.0755
0.0681
0.0660
0.0697
0.0761
0.0745
0.0671
0.0718
0.0682
0.0664
0.0627
0.0882
0.0703
0.0701
0.0684
0.0830
0.0717
0.0762
0.0698
0.0796
0.0753
0.0755
0.0704
0.0654
0.0757
0.0734
0.0744
0.0661
0.0835
0.0707
0.0773
0.0674
0.0688
0.0751
0.0720
0.0726
0.0686
0.0788
0.0667
0.0691
0.0734
0.0632
0.0644
0.0703
0.0733
0.0707
0.0729
0.0680
0.0750
0.0722
0.0733
0.0723
0.0694
0.0707
0.0851
0.0778
0.0810
0.0641
0.0684
0.0844
0.0735
0.0773
0.0780
0.0699
0.0839
0.0700
0.0742
0.0759
0.0726
0.0668
0.0800
0.0808
0.0775
0.0781
0.0815
0.0625
0.0736
0.0831
0.0707
0.0679
0.0798
0.0750
0.0667
0.0798
0.0772
0.0657
0.0761
0.0683
0.0754
0.0791
0.0625
0.0723
0.0714
0.0887
0.0807
0.0755
0.0670
0.0746
0.0795
0.0724
0.0694
0.0844
0.0734
0.0718
0.0810
0.0731
0.0767
0.0682
0.0831
0.0687
0.0710
0.0698
0.0715
0.0734
0.0827
0.0790
0.0681
0.0681
0.0748
0.0721
0.0756
0.0701
0.0800
0.0797
0.0798
0.0811
0.0804
0.0849
0.0837
0.0814
0.0797
0.0825
0.0824
0.0838
0.0836
0.0774
0.0792
0.0812
0.0835
0.0811
0.0822
0.0835
0.0838
0.0821
0.0833
0.0812
0.0831
0.0778
0.0810
0.0800
0.0827
0.0813
0.0843
0.0840
0.0792
0.0801
0.0805
0.0811
0.0821
0.0784
0.0795
0.0830
0.0830
0.0863
0.0805
0.0801
0.0882
0.0829
0.0809
0.0791
0.0838
0.0776
0.0827
0.0793
0.0863
0.0885
0.0848
0.0820
0.0791
0.0837
0.0880
0.0750
0.0834
0.0850
0.0817
0.0789
0.0861
0.0772
0.0767
0.0769
0.0730
0.0681
0.0677
0.0798
0.0707
0.0761
0.0837
0.0642
0.0794
0.0748
0.0692
0.0787
0.0751
0.0654
0.0754
0.0871
0.0730
0.0635
0.0738
0.0630
0.0757