192.5186
0.0432
0.0412
0.0625
0.0516
0.0575
0.0576
0.0536
0.0545
0.0544
0.0584
0.0584
0.0563
0.0605
0.0504
0.0553
0.0585
0.0697
0.0738
0.0666
0.0724
0.0768
0.0677
0.0969
0.1110
0.0584
0.0585
0.0606
0.0493
0.0484
0.0514
0.0453
0.0534
0.0597
0.0626
0.0589
0.0545
0.0534
0.0566
0.0598
0.0746
0.1089
0.0575
0.0606
0.0606
0.0586
0.0515
0.0556
0.0667
0.0566
0.0516
0.0432
0.0585
0.0595
0.0534
0.0565
0.0605
0.0534
0.0485
0.0443
0.0453
0.0506
0.0565
0.0555
0.0495
0.0565
0.0607
0.0555
0.0555
0.0565
0.0606
0.0586
0.0585
0.0584
0.0546
0.0545
0.0514
0.0435
0.0434
0.0402
0.0466
NaN
NaN
NaN
NaN
192.7765
0.0514
0.0589
0.0455
0.0474
0.0494
0.0459
0.0535
0.0453
0.0444
0.0505
0.0453
0.0483
0.0504
0.0364
0.0424
0.0523
0.0485
0.0536
0.0566
0.0678
0.0852
0.0606
0.0607
0.0453
0.0545
NaN
NaN
NaN
NaN
193.1317
0.0566
0.0525
NaN
NaN
NaN
NaN
193.0399
0.0420
0.0440
0.0500
0.0510
0.0520
0.0520
0.0520
0.0460
0.0480
0.0510
0.0480
0.0450
0.0430
0.0470
0.0480
0.0510
0.0470
0.0450
0.0520
0.0540
0.0520
0.0510
0.0680
0.0590
0.0540
0.0440
0.0500
0.0550
0.0510
0.0520
0.0490
0.0520
0.0530
0.0460
0.0460
0.0510
0.0510
0.0440
0.0510
0.0570
0.0500
0.0560
0.0520
0.0530
0.0520
0.0590
0.0540
0.0540
0.0510
0.0590
0.0600
0.0560
0.0520
0.0560
0.0540
0.0540
0.0520
0.0540
0.0480
0.0510
0.0440
0.0420
0.0420
0.0420
0.0500
0.0490
NaN
NaN