1
666.5595,131.9071,23.0000,48.0000
663.3105,140.1826,22.0000,30.0000
659.2689,147.5522,25.0000,28.0000
658.2663,157.3913,25.0000,24.0000
660.3767,155.2567,21.0000,31.0000
660.4487,152.3401,21.0000,30.0000
659.8357,148.2696,23.0000,31.0000
658.3373,149.5633,24.0000,30.0000
655.0369,153.6407,26.0000,30.0000
657.8216,158.3469,20.0000,27.0000
657.1744,158.0238,20.0000,31.0000
655.6589,155.5936,22.0000,31.0000
655.2193,150.1534,20.0000,28.0000
650.8130,144.5928,19.0000,28.0000
644.6300,143.4956,20.0000,30.0000
638.6664,149.9990,20.0000,29.0000
634.3946,160.3017,19.0000,25.0000
631.9952,166.8680,20.0000,25.0000
630.7047,173.0184,21.0000,25.0000
630.6998,168.7839,21.0000,26.0000
631.5347,165.7730,23.0000,27.0000
635.1160,164.8651,21.0000,26.0000
638.1783,164.3648,20.0000,24.0000
639.2891,161.5379,20.0000,28.0000
631.4058,155.8239,31.0000,32.0000
642.0645,159.0081,18.0000,23.0000
640.1314,148.4354,21.0000,28.0000
640.3344,141.7053,21.0000,26.0000
640.9857,143.1202,19.0000,26.0000
633.0783,144.4397,31.0000,30.0000
642.4672,158.7566,19.0000,22.0000
634.9153,148.6742,29.0000,30.0000
640.9151,157.3355,20.0000,26.0000
646.2006,172.6294,18.0000,17.0000
648.3724,177.0018,17.0000,17.0000
645.8294,169.0892,18.0000,21.0000
645.9042,159.0596,18.0000,22.0000
647.0477,148.3445,18.0000,28.0000
644.2266,140.9833,21.0000,30.0000
645.4221,141.1637,18.0000,29.0000
644.0982,142.0986,19.0000,27.0000
643.3743,135.5340,17.0000,28.0000
643.2285,131.9925,17.0000,29.0000
643.2757,136.4921,18.0000,28.0000
643.7090,140.1926,17.0000,28.0000
642.3644,143.5672,18.0000,27.0000
642.8470,144.4575,18.0000,29.0000
641.7227,144.0809,23.0000,29.0000
641.8297,143.1357,23.0000,26.0000
637.6124,140.9853,28.0000,27.0000
641.8624,147.6854,24.0000,26.0000
639.7087,147.9069,28.0000,28.0000
639.9949,149.1297,26.0000,28.0000
640.0383,147.8077,26.0000,28.0000
640.1942,146.8412,25.0000,27.0000
639.5674,150.8425,26.0000,27.0000
639.7906,158.0658,26.0000,24.0000
639.9011,160.9365,26.0000,24.0000
641.8360,164.2957,25.0000,25.0000
643.2497,163.8596,26.0000,26.0000
644.6832,163.2856,24.0000,24.0000
643.1221,162.4771,25.0000,25.0000
642.3623,162.8063,25.0000,23.0000
642.8075,162.5429,25.0000,24.0000
646.1074,162.8623,24.0000,25.0000
656.3548,165.1042,15.0000,22.0000
652.0292,167.1261,25.0000,23.0000
659.0663,173.0852,19.0000,21.0000
658.7571,167.6992,22.0000,23.0000
659.7888,166.1489,22.0000,18.0000
660.7167,160.5474,22.0000,18.0000
662.2296,155.8206,22.0000,18.0000
663.2158,157.8289,20.0000,18.0000
662.2958,153.7950,20.0000,22.0000
662.9185,147.2036,17.0000,17.0000
660.8116,146.3649,19.0000,22.0000
665.2076,155.0046,15.0000,18.0000
663.6043,165.1522,19.0000,14.0000
671.5423,180.3319,2.0000,1.0000
2
0
0
0
0
1
660.9757,144.7652,19.0000,33.0000
668.6679,154.2416,6.0000,8.0000
668.6679,154.2416,6.0000,8.0000
668.6679,154.2416,6.0000,8.0000
668.6679,154.2416,6.0000,8.0000
668.6679,154.2416,6.0000,8.0000
668.6679,154.2416,6.0000,8.0000
668.6679,154.2416,6.0000,8.0000
668.6679,154.2416,6.0000,8.0000
668.6679,154.2416,6.0000,8.0000
668.6679,154.2416,6.0000,8.0000
668.6679,154.2416,6.0000,8.0000
668.6679,154.2416,6.0000,8.0000
668.6679,154.2416,6.0000,8.0000
668.6679,154.2416,6.0000,8.0000
668.6679,154.2416,6.0000,8.0000
668.6679,154.2416,6.0000,8.0000
668.6679,154.2416,6.0000,8.0000
668.6679,154.2416,6.0000,8.0000
668.6679,154.2416,6.0000,8.0000
668.6679,154.2416,6.0000,8.0000
668.6679,154.2416,6.0000,8.0000
668.6679,154.2416,6.0000,8.0000
668.6679,154.2416,6.0000,8.0000
2
0
0
0
0
1
645.7701,185.4845,14.0000,39.0000
2
0
0
0
0
1
637.6366,163.9408,28.0000,59.0000
636.7357,160.3416,27.0000,58.0000
636.7720,161.9845,27.0000,58.0000
637.1919,162.9606,24.0000,57.0000
638.4461,164.3932,24.0000,56.0000
639.0082,164.6175,22.0000,55.0000
639.1964,166.3940,20.0000,48.0000
651.3353,186.2410,5.0000,28.0000
651.3353,186.2410,5.0000,28.0000
651.3353,186.2410,5.0000,28.0000
651.3353,186.2410,5.0000,28.0000
651.3353,186.2410,5.0000,28.0000
651.3353,186.2410,5.0000,28.0000
651.3353,186.2410,5.0000,28.0000
651.3353,186.2410,5.0000,28.0000
651.3353,186.2410,5.0000,28.0000
651.3353,186.2410,5.0000,28.0000
651.3353,186.2410,5.0000,28.0000
651.3353,186.2410,5.0000,28.0000
651.3353,186.2410,5.0000,28.0000
651.3353,186.2410,5.0000,28.0000
651.3353,186.2410,5.0000,28.0000
651.3353,186.2410,5.0000,28.0000
651.3353,186.2410,5.0000,28.0000
651.3353,186.2410,5.0000,28.0000
651.3353,186.2410,5.0000,28.0000
651.3353,186.2410,5.0000,28.0000
651.3353,186.2410,5.0000,28.0000
651.3353,186.2410,5.0000,28.0000
651.3353,186.2410,5.0000,28.0000
651.3353,186.2410,5.0000,28.0000
651.3353,186.2410,5.0000,28.0000
651.3353,186.2410,5.0000,28.0000
651.3353,186.2410,5.0000,28.0000
651.3353,186.2410,5.0000,28.0000
651.3353,186.2410,5.0000,28.0000
651.3353,186.2410,5.0000,28.0000
651.3353,186.2410,5.0000,28.0000
651.3353,186.2410,5.0000,28.0000
651.3353,186.2410,5.0000,28.0000
651.3353,186.2410,5.0000,28.0000
651.3353,186.2410,5.0000,28.0000
651.3353,186.2410,5.0000,28.0000
651.3353,186.2410,5.0000,28.0000
651.3353,186.2410,5.0000,28.0000
651.3353,186.2410,5.0000,28.0000
651.3353,186.2410,5.0000,28.0000
651.3353,186.2410,5.0000,28.0000
651.3353,186.2410,5.0000,28.0000
651.3353,186.2410,5.0000,28.0000
651.3353,186.2410,5.0000,28.0000
651.3353,186.2410,5.0000,28.0000
651.3353,186.2410,5.0000,28.0000
651.3353,186.2410,5.0000,28.0000
651.3353,186.2410,5.0000,28.0000
651.3353,186.2410,5.0000,28.0000
651.3353,186.2410,5.0000,28.0000
651.3353,186.2410,5.0000,28.0000
651.3353,186.2410,5.0000,28.0000
651.3353,186.2410,5.0000,28.0000
651.3353,186.2410,5.0000,28.0000
651.3353,186.2410,5.0000,28.0000
651.3353,186.2410,5.0000,28.0000
651.3353,186.2410,5.0000,28.0000
651.3353,186.2410,5.0000,28.0000
2
0
0