192.9064
0.0461
NaN
NaN
NaN
NaN
192.7088
0.0489
0.0440
0.0490
0.0490
NaN
NaN
NaN
NaN
192.8613
0.0470
NaN
NaN
NaN
NaN
193.3170
0.0494
0.0480
0.0488
0.0541
0.0469
0.0510
0.0461
NaN
NaN
NaN
NaN
193.1509
0.0520
0.0546
NaN
NaN
NaN
NaN
193.4273
0.0428
0.0564
0.0526
NaN
NaN
NaN
NaN
193.4342
0.0480
0.0600
0.0510
0.0490
NaN
NaN
NaN
NaN
193.3764
0.0424
0.0470
0.0484
0.0473
0.0492
NaN
NaN
NaN
NaN
193.4767
0.0586
0.0610
0.0605
0.0599
0.0574
0.0598
NaN
NaN
NaN
NaN
193.0645
0.0458
0.0430
0.0475
0.0443
0.0544
0.0434
0.0447
0.0487
0.0411
NaN
NaN
NaN
NaN
193.3327
0.0388
0.0423
NaN
NaN
NaN
NaN
193.2241
0.0430
0.0390
NaN
NaN
NaN
NaN
192.7470
0.0394
0.0458
0.0414
0.0404
0.0474
0.0410
0.0495
0.0461
NaN
NaN
NaN
NaN
193.1172
0.0448
0.0454
0.0428
0.0477
NaN
NaN
NaN
NaN
193.8391