1
2
0
0
0
0
1
290.7485,469.2707,13.0000,23.0000
288.0716,458.5556,15.0000,23.0000
299.9096,458.9082,7.0000,9.0000
2
0
0
0
0
1
2
0
0
0
0
1
374.6673,378.0937,14.0000,43.0000
367.0444,373.8490,12.0000,34.0000
360.9005,369.3436,4.0000,13.0000
358.7706,364.1315,5.0000,15.0000
356.7411,356.8277,7.0000,4.0000
353.2497,354.9900,2.0000,2.0000
2
0
0
0
0
1
412.6524,255.7878,16.0000,30.0000
2
0
0
0
0
1
423.9983,316.0049,25.0000,46.0000
410.5335,322.2674,15.0000,27.0000
2
0
0
0
0
1
261.1877,262.1755,21.0000,69.0000
250.1816,257.7388,14.0000,71.0000
245.7545,245.0651,21.0000,69.0000
2
0
0
0
0
1
349.3395,330.4454,17.0000,44.0000
353.7082,349.7288,17.0000,42.0000
353.9769,368.0000,15.0000,20.0000
348.6228,392.0309,5.0000,3.0000
2
0
0
0
0
1
294.4524,337.3506,19.0000,67.0000
298.8632,335.7477,18.0000,69.0000
296.8944,328.2254,18.0000,63.0000
287.2901,334.6292,15.0000,68.0000
293.2719,342.4214,15.0000,61.0000
2
0
0
0
0
1
302.6084,343.8663,18.0000,70.0000
309.3686,344.0534,17.0000,50.0000
322.6551,349.2267,12.0000,58.0000
326.0971,364.8461,14.0000,54.0000
339.5827,367.2975,6.0000,31.0000
344.6667,365.5371,3.0000,24.0000
343.7134,348.9275,6.0000,48.0000
348.5394,340.6875,3.0000,21.0000
2
0
0
0
0
1
416.9358,308.9239,17.0000,55.0000
2
0
0
0
0
1
498.0521,302.2749,13.0000,32.0000
2
0
0
0
0
1
584.5563,213.4694,19.0000,48.0000
592.3280,211.6145,17.0000,38.0000
603.7099,213.4358,14.0000,29.0000
611.5453,209.8183,13.0000,41.0000
604.3559,208.2412,17.0000,29.0000
595.6625,204.9084,4.0000,14.0000
593.8935,220.1802,2.0000,4.0000
2
0
0
0
0
1
449.5254,150.3143,18.0000,28.0000
457.8726,161.7652,16.0000,31.0000
470.8165,180.4468,9.0000,27.0000
2
0
0
0
0
1