172.8634
0.0960
0.0970
0.0960
0.0980
NaN
NaN
NaN
NaN
173.4564
0.1140
0.0940
NaN
NaN
NaN
NaN
173.5847
0.1010
0.1060
0.1090
0.1020
0.1100
0.1030
0.1120
0.1020
0.1070
0.1390
0.1340
0.1050
0.1100
0.1050
0.1020
0.1060
0.1120
0.1090
0.1140
0.1110
0.1120
0.1130
0.1180
0.1300
0.1280
0.1320
0.1140
NaN
NaN
NaN
NaN
173.8322
0.1110
0.1110
0.1060
0.1010
0.1100
0.1060
0.1130
0.1090
0.1070
0.1650
0.1410
NaN
NaN
NaN
NaN
174.5764
0.0960
0.0960
0.0980
0.0960
0.0920
0.0970
0.1060
0.1280
0.1030
0.1250
0.1310
0.1200
0.1010
0.1030
0.1030
0.1050
0.1200
0.1320
0.1160
0.1190
0.1150
0.1170
0.1130
0.1160
0.1060
0.1110
0.1150
0.1190
0.1110
0.1130
0.1630
0.1250
0.1120
0.1050
NaN
NaN
NaN
NaN
173.6851
0.0980
0.0950
0.0980
0.1020
0.1070
0.1080
0.0990
0.1030
0.1090