1
665.4732,688.3118,36.0000,13.0000
671.3972,688.3207,25.0000,4.0000
691.3783,686.5980,7.0000,1.0000
2
0
0
0
0
1
684.7180,616.7161,34.0000,6.0000
2
0
0
0
0
1
710.5818,537.4059,30.0000,35.0000
714.9027,525.9602,28.0000,41.0000
718.7676,514.9506,25.0000,48.0000
724.5595,506.7845,18.0000,50.0000
727.5665,502.7192,18.0000,51.0000
727.5178,496.9405,19.0000,51.0000
728.4492,495.5390,22.0000,46.0000
728.6971,494.5806,27.0000,42.0000
730.8051,495.5207,30.0000,34.0000
732.6323,493.7830,36.0000,30.0000
737.0111,492.7462,38.0000,25.0000
743.6060,490.1234,39.0000,24.0000
751.5971,488.0866,38.0000,20.0000
757.9396,485.3900,39.0000,20.0000
761.6008,481.3738,39.0000,21.0000
764.9687,474.0361,37.0000,26.0000
775.0257,468.0406,29.0000,29.0000
783.0607,454.7144,24.0000,45.0000
792.9053,445.5623,19.0000,50.0000
803.5760,435.9123,13.0000,50.0000
811.2879,428.1420,9.0000,49.0000
814.2153,422.1682,10.0000,47.0000
814.8397,417.8977,14.0000,43.0000
808.0837,396.4103,26.0000,57.0000
796.2171,361.2463,37.0000,86.0000
781.2932,317.1422,52.0000,110.0000
2
0
0
0
0
1
840.0454,398.5047,26.0000,32.0000
846.7134,397.8088,22.0000,32.0000
853.0253,397.3819,19.0000,32.0000
860.0506,396.5073,16.0000,32.0000
866.9121,405.5343,11.0000,14.0000
872.5492,409.5839,7.0000,8.0000
876.7911,410.6743,3.0000,8.0000
878.3906,414.6832,3.0000,5.0000
878.3906,414.6832,3.0000,5.0000
878.3906,414.6832,3.0000,5.0000
2
0
0
0
0
1
848.3113,462.5260,11.0000,14.0000
844.1525,466.2553,11.0000,14.0000
838.6179,469.1148,11.0000,15.0000
833.0187,474.3915,11.0000,14.0000
826.5407,476.9311,12.0000,14.0000
820.0232,480.8017,11.0000,13.0000
813.6262,481.3391,12.0000,13.0000
806.5457,483.6282,13.0000,12.0000
799.1132,484.2233,13.0000,12.0000
792.4139,484.0949,13.0000,12.0000
785.3272,483.5328,15.0000,13.0000
778.2278,486.8399,14.0000,10.0000
769.5487,484.3556,13.0000,9.0000
761.5058,483.0131,13.0000,9.0000
753.5455,481.5712,13.0000,8.0000
747.3149,478.7469,13.0000,10.0000
740.6843,477.5618,12.0000,9.0000
734.3718,474.8182,11.0000,10.0000
728.4315,471.9326,12.0000,11.0000
721.5402,468.4521,12.0000,10.0000
711.8928,466.8401,12.0000,10.0000
706.9268,462.3980,10.0000,11.0000
700.2804,461.3155,11.0000,10.0000
693.1461,455.0563,14.0000,11.0000
684.5234,450.0373,22.0000,14.0000
675.8373,444.6406,36.0000,24.0000
648.0655,429.4134,45.0000,31.0000
625.6977,408.0382,65.0000,62.0000
595.3762,380.8781,94.0000,93.0000
553.4350,343.6470,137.0000,139.0000
495.0147,294.3469,200.0000,208.0000
413.2912,231.3960,290.0000,312.0000
283.8512,186.3220,416.0000,455.0000
2
0
0
0
0
1
633.7156,404.3445,16.0000,14.0000
632.1412,401.2518,16.0000,14.0000
631.7944,398.4746,15.0000,14.0000
631.7416,395.1116,15.0000,13.0000
631.4179,392.8570,15.0000,13.0000
631.4078,390.0888,15.0000,13.0000
631.6972,387.7436,15.0000,13.0000
631.9202,385.3507,15.0000,13.0000
633.1543,382.9632,15.0000,14.0000