193.4529
0.0335
0.0400
0.0304
0.0261
0.0330
0.0280
0.0241
0.0400
0.0299
0.0300
0.0302
0.0254
0.0280
0.0287
0.0360
0.0291
0.0280
0.0250
0.0350
0.0371
0.0270
0.0301
0.0264
0.0303
0.0370
0.0240
0.0280
0.0280
0.0282
0.0310
0.0290
0.0236
0.0250
0.0320
0.0328
0.0233
0.0327
0.0281
0.0343
0.0320
0.0320
0.0284
0.0273
0.0290
0.0310
0.0302
0.0300
0.0310
0.0300
0.0297
0.0334
0.0274
0.0340
0.0300
0.0367
0.0295
0.0288
0.0362
0.0320
0.0277
0.0330
0.0250
0.0301
0.0260
0.0251
0.0240
0.0244
0.0299
0.0279
0.0307
0.0361
0.0249
0.0307
0.0346
0.0311
0.0290
0.0360
0.0351
0.0291
0.0280
0.0310
0.0347
0.0294
0.0293
0.0290
0.0247
0.0280
0.0420
0.0320
0.0278
0.0334
0.0254
0.0380
0.0397
0.0358
0.0249
0.0390
0.0289
0.0294
0.0314
0.0350
0.0300
0.0360
0.0281
0.0320
0.0257
0.0251
0.0313
0.0344
0.0423
0.0238
0.0290
0.0264
0.0309
0.0252
0.0280
0.0272
0.0310
0.0273