1
26.6334,599.8082,84.5532,52.0136
26.6334,599.8082,84.5532,52.0136
26.6334,599.8082,84.5532,52.0136
26.6334,599.8082,84.5532,52.0136
26.6334,599.8082,84.5532,52.0136
2
0
0
0
0
1
302.4621,594.0853,138.4258,52.0794
302.4621,594.0853,138.4258,52.0794
302.4621,594.0853,138.4258,52.0794
302.4621,594.0853,138.4258,52.0794
2
0
0
0
0
1
575.5000,592.5000,141.0000,56.0000
575.5000,592.5000,141.0000,56.0000
575.5000,592.5000,141.0000,56.0000
575.5000,592.5000,141.0000,56.0000
575.5000,592.5000,141.0000,56.0000
575.5000,592.5000,141.0000,56.0000
575.5000,592.5000,141.0000,56.0000
2
0
0
0
0
1
728.5913,395.4176,82.2074,83.3248
728.5913,395.4176,82.2074,83.3248
728.5913,395.4176,82.2074,83.3248
728.5913,395.4176,82.2074,83.3248
728.5913,395.4176,82.2074,83.3248
728.5913,395.4176,82.2074,83.3248
728.5913,395.4176,82.2074,83.3248
728.5913,395.4176,82.2074,83.3248
728.5913,395.4176,82.2074,83.3248
728.5913,395.4176,82.2074,83.3248
728.5913,395.4176,82.2074,83.3248
728.5913,395.4176,82.2074,83.3248
728.5913,395.4176,82.2074,83.3248
728.5913,395.4176,82.2074,83.3248
728.5913,395.4176,82.2074,83.3248
728.5913,395.4176,82.2074,83.3248
728.5913,395.4176,82.2074,83.3248
728.5913,395.4176,82.2074,83.3248
728.5913,395.4176,82.2074,83.3248
728.5913,395.4176,82.2074,83.3248
728.5913,395.4176,82.2074,83.3248
728.5913,395.4176,82.2074,83.3248
728.5913,395.4176,82.2074,83.3248
728.5913,395.4176,82.2074,83.3248
728.5913,395.4176,82.2074,83.3248
728.5913,395.4176,82.2074,83.3248
728.5913,395.4176,82.2074,83.3248
728.5913,395.4176,82.2074,83.3248
728.5913,395.4176,82.2074,83.3248
728.5913,395.4176,82.2074,83.3248
728.5913,395.4176,82.2074,83.3248
728.5913,395.4176,82.2074,83.3248
728.5913,395.4176,82.2074,83.3248
728.5913,395.4176,82.2074,83.3248
728.5913,395.4176,82.2074,83.3248
728.5913,395.4176,82.2074,83.3248
728.5913,395.4176,82.2074,83.3248
728.5913,395.4176,82.2074,83.3248
728.5913,395.4176,82.2074,83.3248
728.5913,395.4176,82.2074,83.3248
728.5913,395.4176,82.2074,83.3248
2
0
0
0
0
1
444.7375,364.0792,97.2500,39.0916
444.7375,364.0792,97.2500,39.0916
444.7375,364.0792,97.2500,39.0916
444.7375,364.0792,97.2500,39.0916
444.7375,364.0792,97.2500,39.0916
444.7375,364.0792,97.2500,39.0916
444.7375,364.0792,97.2500,39.0916
444.7375,364.0792,97.2500,39.0916
444.7375,364.0792,97.2500,39.0916
2
0
0
0
0
1
718.6201,338.5551,94.8497,71.5097
718.6201,338.5551,94.8497,71.5097
718.6201,338.5551,94.8497,71.5097
718.6201,338.5551,94.8497,71.5097
2
0
0
0
0
1
829.4601,241.1933,69.4499,87.8483
829.4601,241.1933,69.4499,87.8483
829.4601,241.1933,69.4499,87.8483
829.4601,241.1933,69.4499,87.8483
829.4601,241.1933,69.4499,87.8483
829.4601,241.1933,69.4499,87.8483
829.4601,241.1933,69.4499,87.8483
829.4601,241.1933,69.4499,87.8483
829.4601,241.1933,69.4499,87.8483
829.4601,241.1933,69.4499,87.8483
829.4601,241.1933,69.4499,87.8483
829.4601,241.1933,69.4499,87.8483
2
0
0
0
0
1
930.2730,134.4562,59.9190,66.1477
930.2730,134.4562,59.9190,66.1477
930.2730,134.4562,59.9190,66.1477
930.2730,134.4562,59.9190,66.1477
930.2730,134.4562,59.9190,66.1477
930.2730,134.4562,59.9190,66.1477
930.2730,134.4562,59.9190,66.1477
930.2730,134.4562,59.9190,66.1477
930.2730,134.4562,59.9190,66.1477
2
0
0
0
0
1
797.7163,124.4847,51.6375,27.7707
797.7163,124.4847,51.6375,27.7707
797.7163,124.4847,51.6375,27.7707
797.7163,124.4847,51.6375,27.7707
2
0
0
0
0
1
680.5022,125.9985,83.5055,25.4230
680.5022,125.9985,83.5055,25.4230
680.5022,125.9985,83.5055,25.4230
680.5022,125.9985,83.5055,25.4230
680.5022,125.9985,83.5055,25.4230
680.5022,125.9985,83.5055,25.4230
680.5022,125.9985,83.5055,25.4230
2
0
0