193.6598
0.0267
0.0240
0.0241
0.0200
0.0310
0.0262
0.0310
0.0217
0.0297
0.0300
0.0250
0.0240
0.0334
0.0260
0.0270
0.0261
0.0244
0.0207
0.0277
0.0260
0.0237
0.0360
0.0207
0.0254
0.0240
0.0310
0.0290
0.0300
0.0240
0.0231
0.0197
0.0297
0.0214
0.0263
0.0210
0.0262
0.0250
0.0200
0.0270
0.0270
0.0242
0.0199
0.0272
0.0310
0.0240
0.0200
0.0309
0.0210
0.0270
0.0279
0.0212
0.0229
0.0262
0.0301
0.0267
0.0264
0.0207
0.0307
0.0251
0.0210
0.0240
0.0314
0.0237
0.0240
0.0314
0.0260
0.0200
0.0208
0.0263
0.0304
0.0209
0.0250
0.0210
0.0267
0.0224
0.0287
0.0280
0.0244
0.0299
0.0232
0.0289
0.0258
0.0214
0.0200
0.0320
0.0291
0.0227
0.0234
0.0264
0.0350
0.0230
0.0290
0.0229
0.0309
0.0300
0.0317
0.0290
0.0317
0.0250
0.0269
0.0202
0.0250
0.0274
0.0210
0.0212
0.0222
0.0280
0.0284
0.0328
0.0274
0.0230
0.0280
0.0292
0.0320
0.0220
0.0320
0.0270
0.0252
0.0270
0.0348
0.0222
0.0317
0.0322
0.0320
0.0251
0.0350
0.0227
0.0314
0.0280
0.0210
0.0271
0.0290
0.0300
0.0294
0.0321
0.0220
0.0280
0.0259
0.0369
0.0242
0.0290
0.0269
0.0289
0.0234
0.0217
0.0230
0.0268
0.0298
0.0212
0.0310
0.0260
0.0272
0.0329
0.0267
0.0270
0.0280
0.0321
0.0240
0.0281
0.0309
0.0220
0.0259
0.0270
0.0308
0.0304
0.0272
0.0292
0.0231
0.0207
0.0270
0.0220
0.0260
0.0210
0.0211
0.0217
0.0210
0.0257
0.0240
0.0221
0.0220
0.0220
0.0215
0.0223
0.0267
0.0280
0.0280
0.0312
0.0300
0.0217
0.0264
0.0214
0.0240
0.0312
0.0269
0.0330
0.0250
0.0269
0.0310
0.0220
0.0240
0.0254
0.0300
0.0279
0.0212
0.0290
0.0270
0.0220
0.0267
0.0207
0.0227
0.0227
0.0250
0.0270
0.0310
0.0300
0.0220
0.0272
0.0207
0.0304
0.0210
0.0230
0.0324
0.0270
0.0220
0.0361
0.0310
0.0267
0.0221
0.0217
0.0289
0.0240
0.0300
0.0240
0.0310
0.0212
0.0233
0.0207
0.0220
0.0320
0.0252
0.0267
0.0219
0.0313
0.0312
0.0270
0.0257
0.0230
0.0260
0.0294
0.0210
0.0281
0.0304
0.0350
0.0234
0.0217
0.0220
0.0220
0.0300
0.0271
0.0318
0.0289
0.0260
0.0310
0.0210
0.0231
0.0241