393.6246
0.0675
0.0693
0.0687
0.0643
0.0582
0.0580
0.0821
0.0610
0.0556
0.0677
0.0642
0.0580
0.0524
0.0574
0.0611
0.0647
0.0530
0.0484
0.0634
0.0547
0.0634
0.0651
0.0643
0.0717
0.0463
0.0642
0.0490
0.0661
0.0751
0.0581
0.0539
0.0633
0.0499
0.0594
0.0684
0.0679
0.0738
0.0567
0.0530
0.0684
0.0581
0.0481
0.0587
0.0591
0.0730
0.0690
0.0600
0.0694
0.0590
0.0493
0.0612
0.0628
0.0534
0.0517
0.0560
0.0619
0.0624
0.0789
0.0510
0.0540
0.0567
0.0696
0.0535
0.0727
0.0436
0.0605
0.0714
0.0745
0.0681
0.0627
0.0587
0.0664
0.0495
0.0682
0.0702
0.0521
0.0600
0.0394
0.0667
0.0461
0.0661
0.0671
0.0499
0.0733
0.0577
0.0677
0.0507
0.0695
0.0530
0.0572
0.0663
0.0597
0.0584
0.0773
0.0416
0.0707
0.0371
0.0550
0.0544
0.0807
0.0531
0.0567
0.0807
0.0512
0.0740
0.0794
0.0690
0.0550
0.0680
0.0500
0.0730
0.0760
0.0500
0.0680
0.0550
0.0590
0.0600
0.0750
0.0600
0.0620
0.0590
0.0590
0.0800
0.0540
0.0580
0.0380
0.0740
0.0440
0.0710
0.0520
0.0630
0.0830
0.0670
0.0760
0.0610
0.0510
0.0470
0.0640
0.0640
0.0630
0.0720
0.0440
0.0810
0.0627
0.0640
0.0591
0.0660
0.0551
0.0644
0.0512
0.0612
0.0571
0.0631
0.0674
0.0528
0.0461
0.0401
0.0664
0.0531
0.0688
0.0411
0.0694
0.0440
0.0811
0.0391
0.0717
0.0495
0.0571
0.0550
0.0611
0.0609
0.0572
0.0540
0.0625
0.0653
0.0664
0.0617
0.0637
0.0694
0.0620
0.0570
0.0601
0.0557
0.0531
0.0599
0.0575
0.0527
0.0441
0.0640
0.0508
0.0777
0.0609
0.0644
0.0497
0.0751
0.0794
0.0521
0.0703
0.0851
0.0592
0.0690
0.0531
0.0589
0.0592
0.0601
0.0492
0.0564
0.0554
0.0550
0.0440
0.0680
0.0441
0.0737
0.0424
0.0701
0.0470
0.0758
0.0414
0.0787
0.0677
0.0585
0.0490
0.0651
0.0664
0.0530
0.0778
0.0601
0.0587
0.0551
0.0671
0.0501
0.0577
0.0510
0.0568
0.0471
0.0739
0.0563
0.0589
0.0594
0.0604
0.0514
0.0560
0.0594
0.0477
0.0424
0.0764
0.0560
0.0744
0.0567
0.0491
0.0650
0.0524
0.0490
0.0592
0.0543
0.0560
0.0641
0.0621
0.0594
0.0611
0.0550
0.0804
0.0734
0.0618
0.0511
0.0574
0.0581
0.0583
0.0607
0.0634
0.0540
0.0558
0.0510
0.0400
0.0829
0.0605
0.0498
0.0655
0.0650
0.0504
0.0707
0.0477
0.0563
0.0527
0.0495
0.0647
0.0628
0.0641
0.0502
0.0720
0.0438
0.0734
0.0561
0.0634
0.0640
0.0531
0.0557
0.0557
0.0597
0.0562
0.0427
0.0753
0.0648
0.0517
0.0681
0.0518
0.0501
0.0580
0.0431
0.0689
0.0612
0.0708
0.0710
0.0527
0.0724
0.0421
0.0714
0.0417
0.0720
0.0461
0.0781
0.0511
0.0647
0.0531
0.0511
0.0494
0.0697
0.0461
0.0727
0.0518
0.0580
0.0425
0.0740
0.0451
0.0654
0.0478
0.0687
0.0471
0.0747
0.0540
0.0595
0.0467
0.0684
0.0510
0.0677
0.0581
0.0570
0.0450
0.0754
0.0548
0.0650
0.0525
0.0574
0.0637