194.5368
0.0368
0.0371
0.0324
0.0360
0.0350
0.0281
0.0410
0.0348
0.0320
0.0354
0.0350
0.0307
0.0454
0.0294
0.0334
0.0367
0.0383
NaN
NaN
NaN
NaN
192.5727
0.0428
0.0349
0.0388
0.0487
0.0427
0.0430
0.0320
0.0400
0.0447
0.0450
0.0411
0.0430
0.0380
0.0380
0.0431
0.0421
0.0410
0.0309
0.0341
0.0291
0.0349
0.0465
0.0370
0.0464
0.0480
0.0457
0.0421
0.0467
0.0517
0.0564
0.0343
0.0421
0.0360
0.0377
0.0390
0.0348
0.0390
0.0324
0.0297
0.0340
0.0374
0.0350
0.0397
0.0360
0.0385
0.0440
0.0320
0.0360
0.0330
0.0302
0.0310
0.0360
0.0327
0.0425
0.0383
0.0354
0.0354
0.0310
0.0310
NaN
NaN
NaN
NaN
192.4375
0.0340
0.0330
0.0340
0.0280
0.0320
0.0320
0.0330
0.0290
0.0340
0.0330
0.0380
0.0310
0.0390
0.0370
0.0290
0.0380
0.0330
0.0430
0.0300
0.0290
0.0400
0.0390
0.0380
0.0410
0.0400
0.0470
0.0500
0.0510
0.0370
0.0380
0.0300
0.0350
0.0290
0.0280
0.0420
0.0380
0.0430
0.0370
0.0400
0.0380
0.0340
0.0340
0.0350
0.0340
0.0400
0.0340
0.0330
0.0360
0.0420
0.0370
0.0380
0.0370
0.0340
0.0320
0.0260
0.0370
0.0260
0.0320
0.0380
0.0380
0.0360
0.0370
0.0420
0.0390
0.0370
0.0400
0.0370
0.0330
0.0360
0.0440
0.0340
0.0380
0.0380
0.0420
0.0420
0.0410
0.0350
0.0360
0.0320
0.0340
0.0360
0.0400
0.0490
0.0500
0.0420
0.0410
0.0390
0.0370
0.0400
0.0460
0.0390
0.0400
0.0390
0.0450
0.0410
0.0400
0.0400
0.0410
0.0400
0.0380
0.0360
0.0340
0.0370
0.0360
0.0400
0.0420
0.0380
0.0410
0.0390
0.0360
0.0370
0.0320
0.0350
0.0390
0.0370
0.0410
0.0400
0.0360
0.0400
0.0420
0.0370
0.0320
0.0300
0.0380
0.0350
0.0360
0.0400
0.0390
0.0360
0.0350
0.0340
NaN
NaN
NaN
NaN
192.2578
0.0365
0.0274
0.0390
0.0337
0.0292
0.0336
0.0344
0.0300
0.0330
0.0361
0.0431
0.0384
0.0326
0.0326
0.0402
0.0377
0.0350
0.0400
0.0312
0.0316
0.0380
NaN
NaN
NaN
NaN
192.7789
0.0328
0.0304
0.0350
0.0281
0.0364
0.0350
0.0417
0.0347
0.0334
0.0330
0.0280
0.0351
0.0294
0.0334
0.0400
0.0314
0.0410
0.0364
0.0327
0.0344
0.0354
0.0424
0.0374
0.0347
0.0434
0.0430
0.0485
NaN
NaN
NaN
NaN
192.2598
0.0392
0.0390
0.0390
0.0399
0.0379
0.0385
0.0384
0.0391
0.0401
0.0399
0.0391
0.0397
0.0400
0.0411
0.0397
0.0414
0.0520
0.0478
0.0497
0.0421
0.0375
0.0390
0.0390
0.0371
0.0353
0.0369
0.0332
0.0367
0.0411
0.0450
0.0401
0.0411
0.0370
0.0351
0.0377
0.0380
0.0394
0.0440
0.0416
0.0402
0.0340
0.0353
0.0351
0.0350
0.0384
0.0437
0.0360
0.0391
0.0388
0.0447
0.0364
0.0394
0.0430
0.0401
0.0380
0.0331
0.0354
0.0327
0.0407
0.0350
0.0340
0.0448
0.0418
0.0397
0.0360
0.0410
0.0395
0.0394
0.0344
NaN
NaN
NaN
NaN
193.3769
0.0320
0.0300
0.0330
0.0300
0.0290
0.0320
0.0360
0.0280
0.0340
NaN