193.8239
0.0364
0.0348
0.0430
0.0394
0.0350
0.0411
0.0380
0.0420
0.0501
0.0440
0.0380
0.0380
0.0420
0.0393
0.0400
0.0367
0.0427
0.0414
0.0417
0.0384
0.0470
0.0560
0.0560
0.0430
0.0460
0.0420
0.0360
0.0420
0.0420
0.0430
0.0450
0.0420
0.0390
0.0480
0.0470
0.0450
0.0440
0.0400
0.0454
0.0474
0.0457
0.0460
0.0458
0.0454
0.0517
0.0441
0.0380
0.0380
0.0434
0.0410
0.0402
0.0460
0.0440
0.0418
0.0451
0.0434
0.0390
0.0443
0.0451
0.0474
0.0451
0.0373
0.0410
0.0417
0.0444
0.0446
0.0434
0.0430
0.0451
0.0609
0.0525
0.0486
0.0440
0.0440
0.0364
0.0371
0.0349
0.0438
0.0384
0.0434
0.0444
0.0416
0.0471
0.0451
0.0423
0.0407
0.0424
0.0444
0.0421
0.0437
0.0469
0.0400
0.0453
0.0483
0.0433
0.0513
0.0461
0.0401
0.0451
0.0413
0.0434
0.0410
0.0414
0.0434
0.0430
0.0421
0.0384
0.0410
0.0450
0.0417
0.0410
0.0441
0.0419
0.0409
0.0440
0.0438
0.0420
0.0420
0.0641
0.0481
0.0497
0.0443
0.0364
0.0354
0.0430
0.0341
0.0403
0.0370
0.0424
0.0394