193.8573
0.0260
0.0275
0.0251
0.0257
0.0244
0.0374
0.0244
0.0280
0.0250
0.0247
0.0247
0.0240
0.0255
0.0290
0.0290
0.0280
0.0252
0.0303
0.0247
0.0260
0.0264
0.0250
0.0250
0.0249
0.0254
0.0243
0.0240
0.0290
0.0245
0.0250
0.0244
0.0239
0.0312
0.0310
0.0249
0.0307
0.0254
0.0240
0.0264
0.0250
0.0251
0.0257
0.0270
0.0284
0.0300
0.0331
0.0237
0.0234
0.0239
0.0258
0.0290
0.0247
0.0307
0.0300
0.0280
0.0264
0.0314
0.0314
0.0313
0.0282
0.0320
0.0258
0.0252
0.0280
0.0347
0.0250
0.0290
0.0270
0.0364
0.0260
0.0258
0.0354
0.0258
0.0311
0.0257
0.0254
0.0260
0.0260
0.0283
0.0262
0.0354
0.0263
0.0364
0.0264
0.0261
0.0247
0.0265
0.0257
0.0254
0.0260
0.0294
0.0269
0.0254
0.0290
0.0253
0.0255
0.0300
0.0347
0.0259
0.0364
0.0314
0.0260
0.0252
0.0260
0.0269
0.0287
0.0252
0.0314
0.0384
0.0324
0.0257
0.0264
0.0320
0.0314
0.0270
0.0247
0.0260
0.0265
0.0280
0.0250
0.0261
0.0254
0.0260
0.0264
0.0314
0.0250
0.0314
0.0294
0.0274
0.0261
0.0300
0.0327
0.0264
0.0310
0.0284
0.0320
0.0254
0.0274
0.0314
0.0257
0.0260
0.0260
0.0257
0.0267
0.0277
0.0254
0.0324
0.0258
0.0257
0.0250
0.0260
0.0267
0.0257
0.0257
0.0250
0.0320
0.0317
0.0290
0.0323
0.0318
0.0317
0.0290
0.0254
0.0320
0.0294
0.0270
0.0311
0.0330
0.0264
0.0313
0.0294
0.0257
0.0290
0.0260
0.0270
0.0254
0.0260
0.0342
0.0280
0.0257
0.0250
0.0247
0.0260
0.0267
0.0254
0.0252
0.0260
0.0259
0.0264
0.0330
0.0317
0.0271
0.0250
0.0250
0.0273
0.0252
0.0317
0.0253
0.0257
0.0253
0.0254
0.0260
0.0281
0.0254
0.0310
0.0257
0.0260
0.0252
0.0350
0.0260
0.0318
0.0264
0.0320
0.0250
0.0318
0.0250
0.0314
0.0248
0.0254
0.0252
0.0303
0.0314
0.0247
0.0257
0.0316
0.0317
0.0314
0.0304
0.0247
0.0249
0.0257
0.0273
0.0254
0.0257
0.0250
0.0287
0.0321
0.0250
0.0311
0.0317
0.0310
0.0311
0.0317
0.0250
0.0264
0.0285
0.0370
0.0253
0.0260
0.0260
0.0250
0.0284
0.0314
0.0320
0.0271
0.0250
0.0250
0.0274
0.0284
0.0267
0.0261
0.0257
0.0317
0.0337
0.0247
0.0270
0.0258
0.0257
0.0355
0.0264
0.0315
0.0302
0.0267
0.0260
0.0314
0.0249
0.0288
0.0320
0.0257
0.0254
0.0253
0.0323
0.0257
0.0280
0.0253
0.0319
0.0253
0.0264
0.0314
0.0270
0.0252
0.0304
0.0309
0.0260
0.0261
0.0310
0.0261
0.0317
0.0320
0.0254
0.0264
0.0337
0.0247
0.0254
0.0259
0.0313
0.0289
0.0272
0.0280
0.0277
0.0320
0.0258
0.0290
0.0320
0.0290
0.0300
0.0334
0.0354
0.0270
0.0310
0.0361
0.0287
0.0284
0.0247
0.0303
0.0254
0.0314
0.0320
0.0260
0.0250
0.0280
0.0250
0.0260
0.0251
0.0250
0.0250
0.0260
0.0254
0.0264
0.0264
0.0257
0.0250
0.0320
0.0250
0.0271
0.0252
0.0290
0.0260
0.0250
0.0254
0.0273
0.0294
0.0314
0.0267
0.0260
0.0316
0.0260
0.0250
0.0298
0.0310
0.0254
0.0247
0.0254
0.0260
0.0317
0.0250
0.0258
0.0317
0.0248
0.0308
0.0260
0.0256
0.0314
0.0270
0.0259
0.0312
0.0280
0.0317
0.0255
0.0322
0.0260
0.0257
0.0250
0.0310
0.0310
0.0250
0.0254
0.0270
0.0270
0.0290
0.0280
0.0254
0.0247
0.0254
0.0260
0.0317
0.0260
0.0270
0.0310
0.0250
0.0310
0.0261
0.0317
0.0260
0.0250
0.0290
0.0250
0.0257
0.0261
0.0247
0.0270
0.0244
0.0294
0.0260
0.0307
0.0304
0.0254
0.0252
0.0300
0.0307
0.0257
0.0314
0.0313
0.0260
0.0320
0.0307
0.0254
0.0252
0.0260
0.0271
0.0343
0.0250
0.0347
0.0261
0.0290
0.0247
0.0320
0.0264
0.0279
0.0252
0.0248
0.0317
0.0261
0.0324
0.0320
0.0310
0.0257
0.0270
0.0250
0.0307
0.0254
0.0284
0.0254
0.0258
0.0255
0.0313
0.0254
0.0257
0.0253
0.0252
0.0288
0.0260
0.0260
0.0297
0.0310
0.0321
0.0284
0.0317
0.0252
0.0249
0.0247
0.0264
0.0254
0.0261
0.0303
0.0294
0.0270
0.0320
0.0255
0.0259
0.0314
0.0257
0.0304
0.0254
0.0260
0.0257
0.0247
0.0260
0.0277
0.0310
0.0254
0.0310
0.0260
0.0304
0.0311
0.0320
0.0318
0.0260
0.0264
0.0320
0.0260
0.0252
0.0260
0.0252
0.0267
0.0304
0.0270
0.0254
0.0264
0.0319
0.0257
0.0254
0.0270
0.0254
0.0260
0.0247
0.0263
0.0259
0.0262
0.0280
0.0260
0.0304
0.0257
0.0320
0.0300
0.0371
0.0360
0.0311
0.0260
0.0254
0.0329
0.0310
0.0312
0.0301
0.0258
0.0289
0.0320
0.0301
0.0264
0.0257
0.0257
0.0307
0.0261
0.0280
0.0320
0.0252
0.0290
0.0265
0.0254
0.0273
0.0249
0.0294
0.0317
0.0271
0.0313
0.0320
0.0259
0.0312
0.0252
0.0320
0.0259
0.0314
0.0350
0.0251
0.0303
0.0253
0.0300
0.0260
0.0300
0.0250
0.0314
0.0310
0.0294
0.0319
0.0250
0.0317
0.0253
0.0257
0.0314
0.0270
0.0300
0.0260
0.0309
0.0312
0.0254
0.0250
0.0290
0.0253
0.0267
0.0250
0.0260
0.0280
0.0318
0.0264
0.0317
0.0310
0.0304
0.0350
0.0261
0.0260
0.0257
0.0273
0.0317
0.0260
0.0290
0.0281
0.0260
0.0260
0.0248
0.0254
0.0270
0.0264
0.0258
0.0320
0.0250
0.0307
0.0261
0.0260
0.0249
0.0259
0.0257
0.0261
0.0280
0.0254
0.0264
0.0257
0.0310
0.0260
0.0252
0.0279
0.0270
0.0308
0.0314
0.0250
0.0257
0.0310
0.0250
0.0310
0.0249
0.0264
0.0264
0.0260
0.0310
0.0254
0.0270
0.0260
0.0317
0.0261
0.0322
0.0259
0.0251
0.0254
0.0250
0.0254
0.0320
0.0261
0.0320
0.0257
0.0266
0.0262
0.0250
0.0254
0.0263
0.0260
0.0357
0.0260
0.0300
0.0325
0.0300
0.0312
0.0320
0.0350
0.0251
0.0257
0.0259
0.0259
0.0319
0.0350
0.0260
0.0260
0.0270
0.0310
0.0250
0.0260
0.0262
0.0260
0.0261
0.0260
0.0311
0.0320
0.0257
0.0260
0.0280
0.0259
0.0269
0.0310
0.0258
0.0257
0.0290
0.0291
0.0260
0.0271
0.0284
0.0267
0.0261
0.0259
0.0284
0.0321
0.0250
0.0320
0.0259
0.0252
0.0260
0.0261
0.0264
0.0317
0.0360
0.0324
0.0291
0.0270
0.0320
0.0373
0.0260
0.0310
0.0284
0.0260
0.0257
0.0261
0.0324
0.0290
0.0323
0.0254
0.0257
0.0331
0.0257
0.0320
0.0300
0.0261
0.0309
0.0317
0.0257