175.2620
0.0950
0.1010
0.1040
0.1020
0.1010
0.1110
0.1020
0.1190
0.0980
0.1450
0.1410
0.1070
0.0960
0.1200
0.1340
0.1170
0.1140
0.1400
0.1300
0.1250
0.1740
0.1520
0.1270
0.1160
0.1230
0.1330
0.0950
0.1080
0.2080
0.1200
0.1080
0.1010
0.1180
0.1270
0.1160
0.1080
0.1370
0.1200
0.1200
0.1140
0.1230
0.1200
0.1180
0.1080
0.1210
0.1130
0.1080
0.1080
0.2230
0.1060
0.0960
0.1050
0.1320
0.1190
0.1090
0.1010
0.1090
0.1250
0.1340
0.1140
0.1490
0.1290
0.1210
0.1090
0.1080
0.1020
0.1070
0.1350
0.1430
0.1110
0.1250
0.1250
0.1070
0.1090
0.1150
0.1060
0.1060
0.1050
0.1130
0.1060
0.1110
0.1130
0.1080
0.1110
0.1090
0.1220
0.1040
0.1020
0.1310
0.1680
0.1110
0.1120
0.1280
0.1140
0.1050
0.1090
0.1100
0.1280
0.1030
0.1020
0.1070
0.1060
0.1400
0.1160
0.1040
0.1160
0.1200
0.1130
0.1110
0.1550
0.1240
0.0980
0.1030
0.1140
0.0960
0.1070
0.1170
0.1200
0.1090
0.1170
0.1040
0.1060
0.1200
0.1100
0.1050
0.1110
0.1180
0.1060
0.1030
0.1150