174.6986
0.0690
0.0460
0.0450
0.0460
0.0460
0.0430
0.0410
0.0400
0.0420
0.0530
0.0660
0.0390
0.0390
0.0400
0.0450
0.0420
0.0470
0.0490
0.0530
0.0810
0.0610
0.0600
0.0520
0.0480
0.0460
0.0470
0.0490
0.0500
0.0520
0.0470
0.0490
0.0520
0.0460
0.0530
0.0480
0.0480
0.0520
0.0490
0.0570
0.0570
0.0490
0.0490
0.0510
0.0480
0.0490
0.0500
0.0510
0.0510
0.0520
0.0540
0.0640
0.0500
0.0470
0.0470
0.0490
0.0520
0.0480
0.0490
0.0510
0.0510
0.0610
0.0510
0.0520
0.0530
0.0540
0.1100
0.0740
0.0590
0.0470
0.0480
0.0480
0.0500
0.0690
0.0460
0.0490
0.0440
0.0480
0.0470
0.0460
0.0640
0.0640
0.0650
0.0770
0.0510
0.0540
0.0530
0.0520
0.0520
0.0540
0.0520
0.0520
0.0490
0.0520
0.0520
0.0540
0.0530
0.0510
0.0500
0.0560
0.0500
0.0560
0.0520
0.0480
0.0480
0.0460
0.0480
0.0490
0.0460
0.1600
0.0630
0.0650
0.0640
0.0520
0.0500
0.0510
0.0520
0.0580
0.0490
0.0520
0.0510
0.0580
0.0520
0.0550
0.0500
0.0510
0.0470
0.0480
0.0520
0.0500
0.0510
0.0520
0.0490
0.0510
0.0560
0.0500
0.0690
0.0560
0.0510
0.0700
0.0520
0.0490
0.0580
0.0570
0.0820
0.0610
0.0530
0.0500
0.0460
0.0520
0.0540
0.0630
0.0530
0.1680
0.0820
0.0670
0.0580
0.0570
0.0610
0.0550
0.0520
0.0520
0.0570
0.0550
0.0570
0.0530
0.0510
0.0540
0.0510
0.0590
0.0570
0.0590
0.0630
0.0530
0.0500
0.0520
0.0560
0.0550
0.0500
0.0450
0.0450
0.0480
0.0440
0.0730
0.0480
0.0650
0.0560
0.0500
0.0580
0.0570
0.0490
0.0520
0.0540
0.0550
0.0510
0.0550
0.1030
0.0620
0.0510
0.0520
0.0510
0.0460
0.0480
0.0500
0.0510
0.0790
0.0620
0.0650
0.0620
0.0580
0.0510
0.0530
0.0470
0.0540
0.0470
0.0560
0.0520
0.0530
0.0500
0.0520
0.0490
0.0530
0.0550
0.0520
0.0530
0.0540
0.0500
0.0560
0.0470
0.0570
0.0570
0.0570
0.0910
0.0500
0.0470
0.0510
0.0490
0.0480
0.0520
0.0500
0.1170
0.0860
0.0610
0.0500
NaN
NaN
NaN
NaN
174.4826
0.0470
0.0450
0.0430
0.0520
0.0460
0.0460
0.0480
0.0460
0.0450
0.0460
0.0470
0.0480
0.0420
0.0480
0.0440
0.0490
0.0450
0.0420
0.0430
0.0460
0.0520
0.0810
0.0860
0.0580
0.0540
0.0480
0.0480
0.0490
0.0480
0.0510
0.0520
0.0530
0.0520
0.0450
0.0480
0.0530
0.0500
0.0520
0.0510
0.0580
0.0620
0.0510
0.0500
0.0630
0.0500
0.0620
0.0520
0.0540
0.0540
0.0520
0.0500
0.0540
0.0480
0.0480
0.0500
0.0510
0.0470
0.0550
0.0620
0.0540
0.0520
0.0500
0.0480
0.0470
NaN
NaN
NaN
NaN
174.5656
0.0380
0.0420
0.0400
0.0400
0.0390
0.0410
0.0380
0.0530
0.0570
0.0600
0.0460
0.0450
NaN
NaN
NaN
NaN
174.3977
0.0420
0.0450
0.0410
0.0410
0.0430
0.0420
0.0480
0.0490
0.0540
0.0440
0.0460
0.0450
0.0530
0.0490
0.0470
0.0440
0.0460
0.0450
NaN
NaN
NaN
NaN
174.4567
0.0460
0.0470
0.0500
0.0470
0.0460
NaN
NaN
NaN
NaN
174.4307
0.0380
0.0760
0.0410
0.0420
0.0420
0.0400
0.0460
0.0440
0.0500