177.6258
0.1150
0.1070
0.1190
0.1080
0.1300
0.1050
0.1070
0.1030
0.1120
0.1860
0.1380
0.1230
0.1290
0.1240
0.1260
0.1110
0.1170
0.0940
0.1070
0.1030
0.1100
0.1100
0.1070
0.1040
0.1140
0.1130
0.1200
NaN
NaN
NaN
NaN
175.5953
0.3170
0.3212
0.3022
0.2710
0.2490
0.2300
0.3530
0.4000
NaN
NaN
NaN
NaN
179.9884
0.3630
0.1490
0.7380
0.1980
0.7640
0.7400
0.5080
0.2210
0.4850
0.8300
0.2590
0.3160
0.4910
0.1640
0.5160
0.1910
0.2050
0.7840
0.2540
0.1350
0.3280
0.6300
0.9630
0.8380
0.2950
0.8200
0.6840
0.7990
0.2990
0.6840
0.9930
0.2750
0.1600
0.2070
0.3960
0.2960
0.9080
0.1400
0.1460
0.5990
0.6630
0.1660
NaN
NaN
NaN
NaN
178.1091
1.0260
0.2560
0.2860
0.1860
0.3150
0.2060
0.3760
0.1270
0.3640
0.2760
0.1420
0.1610
0.2540
NaN
NaN
NaN
NaN
176.9134
0.4140
0.2420
0.1810
0.2150
0.3890
0.4060
0.2520
0.1270
0.2420
0.1940
0.2510
0.7960
0.2670
0.3460
0.2520
0.9750
0.2250
0.1850
0.4030
0.1650
0.1560
0.1310
0.8140
0.4010
0.5200
0.2650
0.2870
0.2360
0.3060
0.6650
NaN
NaN
NaN
NaN
175.0804
0.1090
0.1180
0.1040
NaN
NaN
NaN
NaN
175.1204
0.1070
0.1230
0.1230
0.1130
0.1110
NaN
NaN
NaN
NaN
175.3254
0.1330
0.1300
0.1130
0.1240
NaN
NaN
NaN
NaN
176.5215
0.1010
0.1190
0.1140
0.1110
0.1130
0.1230
0.1080
0.1250
0.1710
NaN
NaN
NaN
NaN
176.8374
0.0990
0.1070
0.1120
NaN
NaN
NaN
NaN
176.3804
0.1180
0.1080
0.1150
0.1070
0.1190
0.1140
0.1040
0.1140
0.1690
0.1440
0.1200
0.1300
0.1190
0.1200
0.1150
0.1230
0.1630
0.1450
0.1330
0.1160
0.1380
0.1340
0.1560
0.1440
NaN
NaN
NaN
NaN
178.0794
0.1090
0.1040
0.1190
0.1140
0.1270
0.1160
0.1160
0.1670
0.1390
0.1180
0.1370
0.1460
0.1560
0.1380
0.1420
0.1590
0.1310
0.1470
0.1290
0.1290
0.1370
0.1370
0.1440
0.1260
0.1890
0.1500
0.1190
0.1420
0.1360
0.1230
0.1240
0.1300
0.1230
0.1550
0.1460
0.1340
0.1100
0.1330
0.1500
0.1340
0.1180
0.1660
0.1260
0.1320
0.1500
0.1410
0.1110
0.1280
0.1280
0.1430
0.1410
0.1140
0.1260
0.1310
0.1340
0.1340
0.1330
0.1370
NaN
NaN
NaN
NaN
177.2903
0.1340
0.1340
0.1470
0.1600
0.1420
0.1480
0.1280
NaN
NaN
NaN
NaN
178.2518
0.1180
0.1240
0.1130
0.1270
0.1270
0.1390
0.1270
0.1240
0.1750
0.1480
0.1290
0.1150
0.1330
0.1290
0.1410
0.1450
0.1990
0.1420
0.1410
NaN
NaN
NaN
NaN
176.9144
0.1290
0.1210