1
129.1675,469.2041,23.0000,62.0000
137.4360,511.0271,23.0000,54.0000
155.8916,572.2231,19.0000,33.0000
158.5844,583.0460,24.0000,46.0000
154.5913,584.8026,26.0000,63.0000
155.7362,582.9694,23.0000,63.0000
157.2994,582.8939,23.0000,63.0000
158.2464,581.1565,28.0000,63.0000
155.6703,580.7621,35.0000,63.0000
157.4582,584.0439,36.0000,60.0000
157.7138,583.9318,35.0000,61.0000
157.0596,584.2821,36.0000,61.0000
149.3835,578.0033,41.0000,63.0000
147.1627,579.8736,41.0000,63.0000
147.4941,579.3210,40.0000,63.0000
147.4941,579.3210,40.0000,63.0000
152.2798,586.7819,34.0000,62.0000
162.5040,599.1571,30.0000,63.0000
164.2712,608.8108,26.0000,63.0000
159.7287,629.1681,26.0000,62.0000
163.1470,633.6919,22.0000,63.0000
168.9231,650.7081,23.0000,61.0000
179.0126,674.5340,23.0000,58.0000
196.5919,712.5630,21.0000,45.0000
211.4588,734.9837,17.0000,33.0000
211.4588,734.9837,17.0000,33.0000
2
0
0
0
0
1
409.8150,858.1490,37.0000,30.0000
410.1238,851.5308,43.0000,36.0000
420.6439,859.2132,44.0000,25.0000
426.5300,859.6922,49.0000,26.0000
455.0679,855.0744,44.0000,16.0000
493.5663,856.9125,28.0000,15.0000
493.5663,856.9125,28.0000,15.0000
2
0
0
0
0
1
566.6226,740.0190,23.0000,62.0000
566.4993,743.1860,24.0000,60.0000
562.7664,744.5174,27.0000,60.0000
561.6735,746.8222,29.0000,60.0000
560.3293,747.6094,33.0000,59.0000
562.4251,745.9395,34.0000,59.0000
562.8251,743.8785,32.0000,61.0000
563.7433,741.6797,30.0000,63.0000
571.0207,746.5081,23.0000,58.0000
573.1367,745.2676,23.0000,58.0000
574.2069,746.8023,24.0000,58.0000
570.5813,734.3599,22.0000,66.0000
567.4253,726.5144,23.0000,69.0000
565.3562,724.6827,25.0000,69.0000
564.9943,727.7248,24.0000,66.0000
564.1623,725.2932,24.0000,67.0000
559.4115,722.2040,28.0000,67.0000
557.2537,719.7973,30.0000,65.0000
557.1818,724.8850,30.0000,61.0000
549.2499,715.3354,35.0000,57.0000
549.2499,715.3354,35.0000,57.0000
553.1246,730.6333,37.0000,53.0000
553.1246,730.6333,37.0000,53.0000
553.1246,730.6333,37.0000,53.0000
552.6912,734.4773,35.0000,55.0000
551.7826,732.5932,35.0000,54.0000
559.2409,727.4792,27.0000,55.0000
560.0907,729.8063,25.0000,56.0000
555.2814,734.1693,31.0000,55.0000
552.9691,735.7057,33.0000,53.0000
550.5629,732.4926,33.0000,54.0000
548.7678,726.6369,35.0000,59.0000
544.6428,719.2374,37.0000,63.0000
544.6428,719.2374,37.0000,63.0000
544.6428,719.2374,37.0000,63.0000
535.0803,694.4845,33.0000,66.0000
535.0783,667.9381,25.0000,69.0000
540.6040,639.6980,24.0000,69.0000
548.7981,628.8949,27.0000,65.0000
548.7981,628.8949,27.0000,65.0000
548.7981,628.8949,27.0000,65.0000
2
0
0
0
0
1
716.4423,688.3426,48.0000,43.0000
722.4267,693.5826,39.0000,38.0000
719.4850,700.6170,43.0000,46.0000
719.9314,704.2330,40.0000,42.0000
721.8016,706.6728,36.0000,40.0000
721.8016,706.6728,36.0000,40.0000
721.9582,697.4189,38.0000,55.0000
724.0311,709.2563,26.0000,52.0000
715.6676,720.0865,26.0000,58.0000
697.2374,733.2001,26.0000,56.0000
697.2374,733.2001,26.0000,56.0000
697.2374,733.2001,26.0000,56.0000
2
0
0
0
0
1
596.6307,816.9683,38.0000,35.0000
585.5862,823.2043,35.0000,37.0000
560.6974,840.1905,38.0000,24.0000
536.7758,847.1206,38.0000,18.0000
514.4989,847.2418,33.0000,19.0000
498.2220,855.2525,33.0000,26.0000
494.8739,863.9864,35.0000,36.0000
486.9491,862.9470,38.0000,37.0000
485.9353,862.5315,39.0000,37.0000
484.6313,860.3500,40.0000,37.0000
477.0254,858.2890,48.0000,32.0000
471.6182,857.0428,50.0000,22.0000
455.1372,849.2201,53.0000,19.0000
438.0052,852.2939,52.0000,15.0000
418.3285,846.0803,54.0000,15.0000
404.5591,836.8199,54.0000,18.0000
374.0915,826.9581,54.0000,19.0000
353.5679,817.4855,40.0000,20.0000
364.1295,810.8948,22.0000,19.0000
373.1227,793.3330,22.0000,21.0000
357.5206,785.3505,23.0000,18.0000
343.6649,787.9905,31.0000,16.0000
331.4706,784.3297,42.0000,21.0000
298.6016,786.3583,51.0000,27.0000
317.9989,788.3553,31.0000,10.0000
349.5511,783.0501,17.0000,20.0000
357.7181,765.8446,19.0000,30.0000
362.0881,747.9979,24.0000,35.0000
362.0881,747.9979,24.0000,35.0000
2
0
0
0
0
1
481.1760,656.7425,32.0000,40.0000
462.9858,627.6862,40.0000,36.0000
2
0
0
0
0
1
313.5201,453.8097,28.0000,27.0000
301.0470,445.1945,45.0000,48.0000
297.7413,427.3692,32.0000,38.0000
296.8846,412.5625,14.0000,20.0000
2
0
0
0
0
1
297.2518,225.8295,28.0000,54.0000
297.2518,225.8295,28.0000,54.0000
297.2518,225.8295,28.0000,54.0000
2
0
0
0
0
1
257.5425,278.6387,57.0000,28.0000
243.4134,303.7747,44.0000,18.0000
223.1764,321.3287,28.0000,9.0000
210.1673,324.0149,36.0000,13.0000
174.7629,327.3983,61.0000,22.0000
202.0081,311.5405,62.0000,34.0000
212.0269,309.6248,47.0000,39.0000
206.9144,328.9684,49.0000,42.0000
2
0
0
0
0
1
243.0000,491.0000,30.0000,44.0000
243.0000,491.0000,30.0000,44.0000
2
0
0
0
0
1
139.8673,513.2282,53.0000,32.0000
140.0069,514.4329,53.0000,30.0000
139.1382,518.0759,55.0000,25.0000
136.2698,518.0949,60.0000,24.0000
138.7788,518.7426,57.0000,22.0000
138.4361,518.8334,57.0000,22.0000
139.2556,519.8368,55.0000,22.0000
138.0442,519.1550,55.0000,21.0000
136.1360,513.7248,54.0000,26.0000
139.2287,512.0248,51.0000,28.0000
142.9828,519.3772,52.0000,20.0000
140.1536,524.4920,52.0000,20.0000
140.1762,525.8398,52.0000,23.0000
139.7675,528.1537,52.0000,21.0000
137.5593,530.1839,52.0000,19.0000
140.5191,528.8778,52.0000,17.0000
137.3446,529.8672,53.0000,19.0000
138.5341,529.6655,53.0000,18.0000
140.2763,527.6342,52.0000,26.0000
147.3860,518.2988,48.0000,21.0000
177.0175,513.9903,27.0000,42.0000
178.2192,511.5546,26.0000,57.0000
178.3754,512.9029,27.0000,58.0000
2
0
0
0
0
1
164.6874,512.6639,26.0000,52.0000
161.7213,509.1824,27.0000,48.0000
166.5416,513.4185,25.0000,50.0000
169.9788,515.4077,24.0000,45.0000
169.9788,515.4077,24.0000,45.0000
169.9788,515.4077,24.0000,45.0000
169.9788,515.4077,24.0000,45.0000
193.1555,547.3669,10.0000,26.0000
195.1180,563.3419,13.0000,24.0000
194.4794,556.4562,19.0000,37.0000
197.5997,558.0145,21.0000,45.0000
196.2445,570.6901,23.0000,51.0000
185.6998,594.5397,25.0000,50.0000
180.4533,626.6338,27.0000,37.0000
168.4055,639.0821,31.0000,41.0000
167.0396,632.6254,32.0000,56.0000
166.9651,634.1096,30.0000,58.0000
168.1511,634.2313,31.0000,55.0000
168.4592,635.6933,31.0000,50.0000
166.9511,635.6079,33.0000,50.0000
166.5605,633.3751,25.0000,37.0000
158.3230,625.0539,45.0000,39.0000
147.4162,634.1427,52.0000,39.0000
149.0628,634.6804,47.0000,45.0000
156.8603,632.9070,40.0000,49.0000
154.7666,638.9439,39.0000,49.0000
157.6840,637.5843,35.0000,49.0000
157.2710,636.2865,37.0000,49.0000
157.6234,635.5832,37.0000,49.0000
161.7122,636.1771,33.0000,52.0000
161.7135,639.7463,31.0000,48.0000
160.7935,637.1404,34.0000,51.0000
160.3636,641.1254,34.0000,47.0000
160.8507,636.7449,36.0000,52.0000
160.2252,638.2283,37.0000,49.0000
161.4019,637.9266,35.0000,49.0000
162.3696,640.2738,35.0000,49.0000
162.8552,640.6382,33.0000,51.0000
163.1034,642.8495,32.0000,48.0000
165.9545,640.6967,29.0000,53.0000
174.6234,631.2048,21.0000,57.0000
178.3126,627.6441,21.0000,53.0000
177.2993,625.8532,28.0000,54.0000
177.2993,625.8532,28.0000,54.0000
177.2993,625.8532,28.0000,54.0000
177.2993,625.8532,28.0000,54.0000
177.2993,625.8532,28.0000,54.0000
185.8043,651.7957,14.0000,36.0000
182.8514,655.8901,24.0000,21.0000
175.0015,653.8230,40.0000,26.0000
166.9937,656.1004,54.0000,25.0000
164.1973,655.1766,59.0000,25.0000
162.2754,652.3954,61.0000,29.0000
162.2754,652.3954,61.0000,29.0000
162.2754,652.3954,61.0000,29.0000
162.2754,652.3954,61.0000,29.0000
162.2754,652.3954,61.0000,29.0000
2
0
0
0
0
1
360.1813,764.8625,48.0000,36.0000
372.8413,771.2524,33.0000,32.0000
369.6049,777.1417,49.0000,35.0000
381.1456,764.4802,49.0000,56.0000
389.4972,728.3173,53.0000,68.0000
395.5147,705.3881,37.0000,87.0000
2
0
0
0
0
1
408.1773,733.6057,45.0000,44.0000
433.1102,727.2207,47.0000,37.0000
447.9961,718.5458,52.0000,37.0000
466.4874,709.1284,58.0000,42.0000
497.5648,725.4159,56.0000,32.0000
533.3948,738.4068,46.0000,27.0000
589.1760,763.3990,25.0000,23.0000
601.7342,787.9610,19.0000,19.0000
604.1469,803.9968,19.0000,24.0000
595.2683,810.4039,31.0000,46.0000
586.8010,806.3244,28.0000,64.0000
565.1673,808.9068,37.0000,51.0000
541.4284,822.3437,48.0000,46.0000
528.5744,824.9265,48.0000,45.0000
514.7294,832.8385,46.0000,45.0000
491.6155,847.9285,50.0000,34.0000
454.8529,830.5980,41.0000,30.0000
425.0426,843.5265,30.0000,31.0000
2
0
0
0
0
1
270.1322,703.4073,26.0000,23.0000
257.6847,694.7631,45.0000,41.0000