194.4247
0.0323
0.0353
0.0353
0.0343
0.0394
0.0363
0.0343
0.0363
0.0323
0.0363
0.0323
0.0343
0.0303
0.0333
0.0353
0.0355
0.0374
0.0352
0.0350
0.0340
0.0360
0.0360
0.0330
0.0350
0.0350
0.0360
0.0350
0.0370
0.0350
0.0370
0.0350
0.0370
0.0350
0.0370
0.0330
0.0360
0.0340
0.0370
0.0360
0.0350
0.0350
0.0360
0.0420
0.0350
0.0360
0.0350
0.0350
0.0360
0.0350
0.0370
0.0350
0.0360
0.0360
0.0360
0.0360
0.0370
0.0350
0.0390
0.0340
0.0380
0.0380
0.0380
0.0370
0.0360
0.0370
0.0360
0.0390
0.0360
0.0360
0.0450
0.0360
0.0380
0.0350
0.0370
0.0350
0.0380
0.0360
0.0360
0.0395
0.0373
0.0415
0.0363
0.0384
0.0384
0.0363
0.0363
0.0324
0.0372
0.0382
0.0415
0.0384
0.0324
0.0374
0.0353
0.0405
0.0353
0.0363
0.0323
0.0363