1
521.2462,199.6106,54.6577,30.1738
521.2462,199.6106,54.6577,30.1738
521.2462,199.6106,54.6577,30.1738
521.2462,199.6106,54.6577,30.1738
2
0
0
0
0
1
418.3424,179.3984,36.3602,41.6632
418.3424,179.3984,36.3602,41.6632
418.3424,179.3984,36.3602,41.6632
418.3424,179.3984,36.3602,41.6632
2
0
0
0
0
1
310.4340,160.9566,42.6521,35.5268
310.4340,160.9566,42.6521,35.5268
310.4340,160.9566,42.6521,35.5268
310.4340,160.9566,42.6521,35.5268
2
0
0
0
0
1
218.8490,164.1997,44.6420,24.2556
218.8490,164.1997,44.6420,24.2556
218.8490,164.1997,44.6420,24.2556
218.8490,164.1997,44.6420,24.2556
218.8490,164.1997,44.6420,24.2556
2
0
0
0
0
1
139.0464,175.0130,39.8023,31.3240
139.0464,175.0130,39.8023,31.3240
139.0464,175.0130,39.8023,31.3240
139.0464,175.0130,39.8023,31.3240
139.0464,175.0130,39.8023,31.3240
139.0464,175.0130,39.8023,31.3240
139.0464,175.0130,39.8023,31.3240
139.0464,175.0130,39.8023,31.3240
139.0464,175.0130,39.8023,31.3240
139.0464,175.0130,39.8023,31.3240
139.0464,175.0130,39.8023,31.3240
139.0464,175.0130,39.8023,31.3240
139.0464,175.0130,39.8023,31.3240
139.0464,175.0130,39.8023,31.3240
139.0464,175.0130,39.8023,31.3240
139.0464,175.0130,39.8023,31.3240
139.0464,175.0130,39.8023,31.3240
139.0464,175.0130,39.8023,31.3240
139.0464,175.0130,39.8023,31.3240
139.0464,175.0130,39.8023,31.3240
139.0464,175.0130,39.8023,31.3240
139.0464,175.0130,39.8023,31.3240
139.0464,175.0130,39.8023,31.3240
139.0464,175.0130,39.8023,31.3240
2
0
0
0
0
1
195.7507,187.8834,35.0836,40.7531
195.7507,187.8834,35.0836,40.7531
195.7507,187.8834,35.0836,40.7531
195.7507,187.8834,35.0836,40.7531
195.7507,187.8834,35.0836,40.7531
195.7507,187.8834,35.0836,40.7531
195.7507,187.8834,35.0836,40.7531
195.7507,187.8834,35.0836,40.7531
195.7507,187.8834,35.0836,40.7531
195.7507,187.8834,35.0836,40.7531
195.7507,187.8834,35.0836,40.7531
2
0
0
0
0
1
236.7552,220.9443,44.4147,44.8615
236.7552,220.9443,44.4147,44.8615
236.7552,220.9443,44.4147,44.8615
236.7552,220.9443,44.4147,44.8615
236.7552,220.9443,44.4147,44.8615
236.7552,220.9443,44.4147,44.8615
236.7552,220.9443,44.4147,44.8615
236.7552,220.9443,44.4147,44.8615
236.7552,220.9443,44.4147,44.8615
236.7552,220.9443,44.4147,44.8615
236.7552,220.9443,44.4147,44.8615
236.7552,220.9443,44.4147,44.8615
236.7552,220.9443,44.4147,44.8615
236.7552,220.9443,44.4147,44.8615
236.7552,220.9443,44.4147,44.8615
236.7552,220.9443,44.4147,44.8615
2
0
0
0
0
1
270.7484,275.0111,46.6632,42.3779
270.7484,275.0111,46.6632,42.3779
270.7484,275.0111,46.6632,42.3779
270.7484,275.0111,46.6632,42.3779
270.7484,275.0111,46.6632,42.3779
270.7484,275.0111,46.6632,42.3779
270.7484,275.0111,46.6632,42.3779
270.7484,275.0111,46.6632,42.3779
270.7484,275.0111,46.6632,42.3779
270.7484,275.0111,46.6632,42.3779
270.7484,275.0111,46.6632,42.3779
270.7484,275.0111,46.6632,42.3779
270.7484,275.0111,46.6632,42.3779
270.7484,275.0111,46.6632,42.3779
270.7484,275.0111,46.6632,42.3779
270.7484,275.0111,46.6632,42.3779
270.7484,275.0111,46.6632,42.3779
270.7484,275.0111,46.6632,42.3779
270.7484,275.0111,46.6632,42.3779
270.7484,275.0111,46.6632,42.3779
270.7484,275.0111,46.6632,42.3779
270.7484,275.0111,46.6632,42.3779
270.7484,275.0111,46.6632,42.3779
2
0
0
0
0
1
242.7942,343.9311,53.5216,28.2079
242.7942,343.9311,53.5216,28.2079
242.7942,343.9311,53.5216,28.2079
242.7942,343.9311,53.5216,28.2079
242.7942,343.9311,53.5216,28.2079
242.7942,343.9311,53.5216,28.2079
242.7942,343.9311,53.5216,28.2079
242.7942,343.9311,53.5216,28.2079
242.7942,343.9311,53.5216,28.2079
242.7942,343.9311,53.5216,28.2079
242.7942,343.9311,53.5216,28.2079
242.7942,343.9311,53.5216,28.2079
242.7942,343.9311,53.5216,28.2079
242.7942,343.9311,53.5216,28.2079
242.7942,343.9311,53.5216,28.2079
242.7942,343.9311,53.5216,28.2079
242.7942,343.9311,53.5216,28.2079
242.7942,343.9311,53.5216,28.2079