393.6869
0.0327
0.0460
0.0393
0.0366
0.0428
0.0350
0.0390
0.0460
0.0280
0.0400
0.0320
0.0340
0.0389
0.0371
0.0324
0.0403
0.0344
0.0400
0.0531
0.0336
0.0397
0.0370
0.0350
0.0537
0.0314
0.0377
0.0403
0.0384
0.0349
0.0460
0.0340
0.0417
0.0514
0.0347
0.0294
0.0400
0.0354
0.0540
0.0328
0.0463
0.0450
0.0371
0.0374
0.0401
0.0325
0.0460
0.0370
0.0383
0.0364
0.0384
0.0494
0.0371
0.0319
0.0274
0.0370
0.0363
0.0454
0.0348
0.0364
0.0353
0.0351
0.0450
0.0377
0.0309
0.0510
0.0407
0.0447
0.0380
0.0452
0.0429
0.0478
0.0483
0.0391
0.0363
0.0480
0.0526
0.0450
0.0468
0.0421
0.0410
0.0334
0.0487
0.0340
0.0511
0.0377
0.0310
0.0480
0.0412
0.0378
0.0374
0.0300
0.0292
0.0470
0.0430
0.0320
0.0454
0.0371
0.0581
0.0427
0.0352
0.0420
0.0421
0.0417
0.0347
0.0427
0.0384
0.0270
0.0458
0.0427
0.0290
0.0420
0.0334
0.0420
0.0451
0.0314
0.0544
0.0341
0.0420
0.0347
0.0386
0.0450
0.0349
0.0402
0.0310
0.0400
0.0356
0.0358
0.0500
0.0291
0.0501
0.0343
0.0508
0.0389
0.0368
0.0421
0.0436
0.0430
0.0300
0.0347
0.0300
0.0570
0.0335
0.0554
0.0321
0.0314
0.0457
0.0380
0.0557
0.0390
0.0450
0.0510
0.0354
0.0434
0.0440
0.0435
0.0417
0.0469
0.0411
0.0324
0.0363
0.0324
0.0344
0.0320
0.0394
0.0339
0.0510
0.0360
0.0350
0.0357
0.0437
0.0418
0.0340
0.0424
0.0482
0.0319
0.0369
0.0290
0.0491
0.0347
0.0410
0.0351
0.0350
0.0530
0.0424
0.0420
0.0410
0.0458
0.0383
0.0331
0.0550
0.0437
0.0374
0.0360
0.0469
0.0359
0.0421
0.0301
0.0350
0.0437
0.0324
0.0402
0.0340
0.0450
0.0409
0.0399
0.0317
0.0404
0.0380
0.0420
0.0357
0.0577
0.0407
0.0344
0.0394
0.0330
0.0299
0.0387
0.0354
0.0307
0.0427
0.0344
0.0436
0.0402
0.0332
0.0370
0.0414
0.0423
0.0359
0.0373
0.0423
0.0344
0.0440
0.0388
0.0270
0.0510
0.0477
0.0368
0.0370
0.0441
0.0398
0.0438
0.0361
0.0400
0.0410
0.0468
0.0331
0.0329
0.0362
0.0312
0.0532
0.0327
0.0281
0.0465
0.0357
0.0410
0.0281
0.0334
0.0490
0.0301
0.0360
0.0494
0.0321
0.0420
0.0501
0.0379
0.0467
0.0410
0.0425
0.0380
0.0429
0.0450
0.0500
0.0341
0.0420
0.0477
0.0584
0.0288
0.0357
0.0444
0.0441
0.0390
0.0280
0.0412
0.0412
0.0350
0.0371
0.0380
0.0291
0.0407
0.0391
0.0320
0.0410
0.0289
0.0418
0.0401
0.0574
0.0324
0.0472
0.0392
0.0402
0.0401
0.0490
0.0372
0.0401
0.0322
0.0390
0.0344
0.0317
0.0330
0.0361
0.0323
0.0551
0.0441
0.0309
0.0317
0.0464
0.0414
0.0280
0.0361
0.0379
0.0412
0.0368
0.0343
0.0361
0.0411