1
54.2833,579.3292,45.0000,42.0000
76.6519,592.1813,47.0000,40.0000
101.3143,600.6404,49.0000,43.0000
127.0025,610.5250,49.0000,41.0000
153.2143,618.8708,49.0000,41.0000
178.8050,626.4775,51.0000,45.0000
202.5394,630.3983,51.0000,54.0000
225.5280,636.8662,59.0000,49.0000
258.6658,643.8679,55.0000,51.0000
287.1877,639.4832,55.0000,77.0000
304.5225,633.9850,67.0000,98.0000
333.8256,631.2492,85.0000,115.0000
354.0014,620.7690,119.0000,143.0000
368.7620,618.2904,167.0000,169.0000
404.5002,607.7977,236.0000,184.0000
452.3547,526.6283,335.0000,204.0000
442.1642,434.6928,478.0000,248.0000
377.0242,331.9089,687.0000,327.0000
390.0382,206.1530,720.0000,439.0000
2
0
0
0
0
1
750.2786,599.3140,52.0000,59.0000
770.2578,596.3338,51.0000,58.0000
790.4668,591.2624,50.0000,59.0000
809.7183,588.4910,50.0000,60.0000
825.6729,586.7417,50.0000,59.0000
843.6604,582.8875,50.0000,55.0000
861.9280,581.4300,46.0000,51.0000
877.8835,581.5776,46.0000,49.0000
892.1127,577.5720,46.0000,52.0000
908.9257,571.7219,46.0000,53.0000
926.4368,570.0516,41.0000,50.0000
940.3499,573.9994,40.0000,42.0000
954.0334,574.0875,40.0000,41.0000
966.1649,566.3327,41.0000,51.0000
970.1339,560.5056,50.0000,58.0000
972.0432,553.0942,61.0000,67.0000
974.2231,533.1551,78.0000,97.0000
974.2231,533.1551,78.0000,97.0000
1002.9731,519.9624,66.0000,86.0000
999.9252,528.9927,82.0000,65.0000
999.9252,528.9927,82.0000,65.0000
999.9252,528.9927,82.0000,65.0000
999.9252,528.9927,82.0000,65.0000
999.9252,528.9927,82.0000,65.0000
999.9252,528.9927,82.0000,65.0000
2
0
0
0
0
1
1069.7888,450.8280,30.0000,23.0000
1073.0672,450.4102,30.0000,18.0000
1073.0672,450.4102,30.0000,18.0000
1073.0672,450.4102,30.0000,18.0000
2
0
0
0
0
1
1077.5514,393.3014,18.0000,8.0000
1072.5142,388.5791,25.0000,7.0000
1076.0099,385.1577,21.0000,3.0000
1076.0099,385.1577,21.0000,3.0000
2
0
0
0
0
1
1059.4813,339.5564,24.0000,13.0000
1059.2454,336.2151,24.0000,13.0000
1059.4828,333.8673,23.0000,13.0000
1060.3756,332.2661,22.0000,13.0000
1064.2182,332.5584,19.0000,13.0000
1065.6585,334.4271,20.0000,11.0000
1068.7568,336.1853,17.0000,10.0000
1071.2395,337.5442,17.0000,10.0000
1072.9877,339.6769,18.0000,10.0000
1075.9058,342.4810,17.0000,9.0000
1079.7908,345.6073,16.0000,9.0000
1084.9279,345.9738,16.0000,10.0000
1091.9751,344.5059,13.0000,11.0000
1097.1059,344.5291,13.0000,11.0000
1101.1634,346.2507,14.0000,10.0000
1105.0772,345.6554,13.0000,10.0000
1110.9129,341.2458,11.0000,11.0000
1116.0479,338.4658,11.0000,10.0000
1122.4173,336.1566,9.0000,9.0000
1125.8576,331.4712,9.0000,9.0000
1130.8638,328.4658,8.0000,8.0000
1132.1362,325.6973,9.0000,8.0000
1133.7296,322.4501,9.0000,9.0000
1133.7296,322.4501,9.0000,9.0000
1133.7296,322.4501,9.0000,9.0000
1133.7296,322.4501,9.0000,9.0000
1133.7296,322.4501,9.0000,9.0000
1133.7296,322.4501,9.0000,9.0000
1133.7296,322.4501,9.0000,9.0000
1133.7296,322.4501,9.0000,9.0000
1133.7296,322.4501,9.0000,9.0000
2
0
0
0
0
1
1101.1019,313.4907,19.0000,9.0000
1101.0183,315.1442,19.0000,8.0000
1101.8052,316.1823,20.0000,7.0000
1102.4127,315.9870,20.0000,9.0000
1104.8143,315.7179,19.0000,9.0000
1106.9629,316.8500,19.0000,10.0000
1107.5742,320.6848,21.0000,10.0000
1109.9076,323.6726,21.0000,9.0000
1112.2924,323.3714,21.0000,10.0000
1115.3926,320.3477,21.0000,12.0000
1118.9022,319.0515,19.0000,11.0000
1120.3437,316.6336,21.0000,12.0000
1122.4266,313.3454,22.0000,12.0000
1122.8914,310.5681,24.0000,13.0000
1122.0254,307.5489,26.0000,14.0000
1122.1086,305.2367,27.0000,15.0000
1121.4167,302.4311,29.0000,16.0000
1118.9690,298.0503,33.0000,20.0000
1120.9072,288.5230,35.0000,33.0000
1120.9072,288.5230,35.0000,33.0000
1120.9072,288.5230,35.0000,33.0000
1120.9072,288.5230,35.0000,33.0000
1120.9072,288.5230,35.0000,33.0000
2
0
0
0
0
1
1102.5257,299.0859,17.0000,12.0000
1099.7391,297.0909,17.0000,12.0000
1097.3709,295.5865,17.0000,12.0000
1094.0383,294.2566,17.0000,12.0000