173.9449
0.1140
0.1150
0.1200
0.1240
0.1290
0.1160
0.1210
0.1210
0.1680
0.1450
0.1240
0.1250
0.1300
0.1280
0.1360
0.1450
0.1810
0.1350
0.1290
0.1570
NaN
NaN
NaN
NaN
173.3958
0.1080
0.1110
0.1160
0.1120
0.1160
0.1180
0.1130
0.1450
0.1620
0.1360
0.1170
0.1260
0.1550
0.1350
0.1500
0.1350
0.1370
0.1400
0.1580
0.1610
0.1280
0.1790
0.1630
0.1240
0.1360
0.1610
NaN
NaN
NaN
NaN
174.8439
0.1080
0.1210
0.1110
0.1150
0.1160
NaN
NaN
NaN
NaN
178.4323
0.1060
0.1110
0.1200
0.1190
0.1140
NaN
NaN
NaN
NaN
173.9509
0.1060
0.1090
0.1180
0.1090
0.1200
0.1270
0.1190
0.1390
0.1620
0.1170
0.1220
0.1270
0.1300
0.1600
0.1300
0.1200
0.1250
0.1310
0.1380
0.1290
0.1260
0.1210
0.1220
0.1280
0.1240
0.1150
0.1680
0.1290
0.1090
0.1190
0.1310
0.1110
NaN
NaN
NaN
NaN
173.5594
0.1030
0.1140
0.1070
0.1040
0.1120
0.1030
0.1100
0.1190
0.1100
0.1520
0.1340
0.1150
0.1130
0.1200
0.1240
0.1230
0.1220
0.1210
0.1280
0.1220
0.1240
0.1130
0.1250
0.1270
NaN
NaN
NaN
NaN
172.7194
0.1040
0.1160
0.1190
0.1100