174.6338
0.0590
0.0620
0.0580
0.0540
0.0630
0.0630
0.0630
0.0590
0.0570
0.0570
0.0510
0.0570
0.0550
0.0570
0.0560
0.0630
0.0680
0.1410
0.0820
0.0760
0.0550
0.0610
0.0600
0.0600
0.0600
0.0630
0.0660
0.0750
0.0750
0.0750
0.0670
0.0710
0.0650
0.0680
0.0650
0.0610
0.0710
0.0680
0.0730
0.1110
0.1100
0.0850
0.0880
0.0970
0.0790
0.0700
0.0680
0.0690
0.0780
0.0730
0.1230
0.0960
0.0720
0.0590
0.0640
0.0700
0.0760
0.0690
0.0600
0.0760
0.0670
0.0780
0.0790
0.0750
0.0830
0.0730
0.0730
0.0970
0.1000
0.0730
0.0850
0.0930
0.1100
0.0730
0.0900
0.0900
0.1180
0.0810
0.1360
0.0810
0.1546
0.0780
0.0710
0.0610
0.0760
0.0720
0.0680
0.0660
0.0610
0.0670
0.0650
0.0660
0.0610
0.0640
0.0930
0.0740
0.0640
0.0800
0.0660
0.0690
0.0670
0.0710
0.0660
0.0620
0.0680
0.0640
0.0610
0.0720
0.0640
0.0860
0.0700
0.0700
0.0660
0.0820
0.1090
0.0730
0.0630
0.0680
0.0620
0.0580
0.0650
0.0690
0.0620
0.1020
0.0690
0.0820
0.0620
0.0620
0.0700
0.0680
0.0680
0.0710
0.0630
0.0670
0.0930
0.0720
0.0710
0.0670
0.0750
0.0860
0.1470
0.0860
0.0650
0.0680
0.0700
0.0700
0.0810
0.1430
0.0730
0.0750
0.0790
0.0730
0.0890
0.0740
0.0750
0.0690
0.0640
0.0660
0.0780
0.0690
0.0650
0.0860
0.0650
0.0660
0.0680
0.0750
0.0690
0.0710
0.0760
0.0710
0.0640
0.0600
0.0930
0.0880
0.0690
0.0700
0.0660
0.0770
0.0770
0.1340
0.0870
0.0700
0.0610
0.0630
0.0640
NaN
NaN
NaN
NaN
177.5690
0.0650
0.0610
0.0610
0.0650
0.0600
NaN
NaN
NaN
NaN
174.8060
0.0600
0.0570
0.0600
0.0590
0.0590
0.0520
0.0540
0.0620
0.0610
0.0570
0.0550
0.0580
0.0590
0.0540
0.0620
0.0570
0.0670
0.0770
0.0850
0.0850
0.0650
0.0590
0.0610
0.0610
0.0660
0.0630
0.0590
0.0620
0.0620
0.0650
NaN
NaN
NaN
NaN
173.9102
0.0700
0.0570
0.0630
0.0590
0.0530
0.0540
0.0650
0.0870
0.0640
0.0890
0.0750
0.0650
0.0730
0.0710
0.0950
0.0890
0.0750
0.0590
0.0580
0.0650
0.0620
0.0610
0.0650
0.0660
0.0680
0.0640
0.0680
0.0710
0.0680
0.1660
0.0670
0.0710
0.1100
0.0670
0.0850
0.1510
0.0930
0.1150
0.0820
0.0660
0.0560
0.0620
0.0750
0.0690
0.0800
0.3210
0.1430
0.0780
0.0930
0.0980
NaN
NaN
NaN
NaN
174.0448
0.0590