1
142.4231,141.8506,83.0000,164.0000
137.4242,136.9773,89.0000,172.0000
135.1737,158.3848,82.0000,123.0000
147.0875,175.7379,60.0000,97.0000
143.9548,215.6024,51.0000,78.0000
146.8476,216.6967,44.0000,76.0000
118.6679,217.2519,46.0000,70.0000
119.3011,229.0392,42.0000,60.0000
117.8471,221.6591,32.0000,57.0000
115.3315,222.8223,25.0000,34.0000
119.3761,239.3874,17.0000,20.0000
120.5531,237.4536,11.0000,24.0000
116.2026,233.4179,14.0000,34.0000
110.8760,229.9613,17.0000,44.0000
105.7117,227.8424,22.0000,53.0000
107.6819,236.6567,12.0000,38.0000
102.4587,232.4884,21.0000,53.0000
104.2356,239.1688,13.0000,39.0000
99.7467,235.6700,22.0000,48.0000
103.7138,242.6405,12.0000,37.0000
98.7360,240.0147,21.0000,46.0000
102.5049,247.0292,12.0000,35.0000
97.8272,240.4046,21.0000,50.0000
101.3345,247.6561,12.0000,36.0000
96.4011,244.2107,21.0000,45.0000
100.6057,249.8095,13.0000,35.0000
96.2593,245.6588,22.0000,45.0000
101.5742,251.1808,12.0000,35.0000
97.0101,247.5081,21.0000,44.0000
100.0898,256.6947,16.0000,28.0000
102.9166,260.3617,13.0000,28.0000
101.0160,258.1978,18.0000,36.0000
100.1322,251.8874,21.0000,48.0000
102.8362,254.5180,13.0000,36.0000
98.9826,250.6803,22.0000,45.0000
105.0267,257.9371,14.0000,36.0000
101.1503,250.8449,22.0000,51.0000
104.2176,256.0502,15.0000,40.0000
100.3442,249.5963,24.0000,55.0000
104.4159,256.2355,14.0000,39.0000
100.8315,253.0705,22.0000,47.0000
104.9960,259.5676,15.0000,37.0000
101.0773,252.2592,23.0000,52.0000
103.5413,256.5631,14.0000,38.0000
100.7463,253.1496,21.0000,46.0000
99.2391,245.5315,25.0000,60.0000
98.2450,238.2551,25.0000,70.0000
97.9095,232.2786,24.0000,78.0000
98.0315,230.2283,26.0000,80.0000
102.6402,227.3943,30.0000,72.0000
103.9850,227.1705,39.0000,65.0000
105.5133,223.6111,46.0000,72.0000
102.4744,224.6651,56.0000,78.0000
101.2994,216.6963,73.0000,93.0000
90.3832,210.3342,101.0000,106.0000
90.4909,200.3509,140.0000,120.0000
94.1298,182.9823,160.0000,139.0000
93.3848,173.2820,166.0000,143.0000
100.6296,173.6513,163.0000,136.0000
97.9640,162.9382,168.0000,150.0000
103.2739,162.1935,145.0000,147.0000
102.7350,171.7117,129.0000,142.0000
113.5924,178.2394,115.0000,127.0000
113.6737,186.2494,122.0000,119.0000
110.8386,187.7837,131.0000,117.0000
108.8484,193.8586,124.0000,113.0000
102.2817,189.7253,120.0000,126.0000
98.0833,186.0093,114.0000,137.0000
97.5829,183.4470,117.0000,145.0000
98.6799,185.3265,115.0000,147.0000
142.2919,146.1956,118.0000,142.0000
142.4077,149.9131,108.0000,142.0000
142.7573,151.3374,111.0000,142.0000
144.1159,150.4412,107.0000,142.0000
100.2659,193.5414,110.0000,139.0000
144.6676,148.8698,108.0000,143.0000
100.5158,192.6220,109.0000,140.0000
107.4455,188.5252,103.0000,144.0000
105.0133,188.5464,106.0000,144.0000
104.3349,188.6946,106.0000,146.0000
105.3885,190.8690,104.0000,143.0000
103.9808,189.2230,104.0000,147.0000
118.6256,176.8212,104.0000,142.0000
100.3659,193.5749,105.0000,146.0000
103.3042,197.4248,103.0000,141.0000
103.2014,197.5738,104.0000,141.0000
105.1469,198.6248,102.0000,143.0000
104.0798,202.0993,103.0000,138.0000
106.5283,200.7503,101.0000,142.0000
106.4153,203.3219,101.0000,139.0000
107.8441,203.2426,99.0000,141.0000
108.7255,206.2915,97.0000,138.0000
110.0424,204.7937,97.0000,142.0000
110.5817,206.0438,97.0000,142.0000
110.8436,205.2073,98.0000,142.0000
113.7331,201.8544,96.0000,148.0000
115.4274,206.0293,94.0000,141.0000
116.6246,201.4290,94.0000,152.0000
116.2663,210.3576,94.0000,137.0000
117.4587,204.0929,95.0000,151.0000
117.3680,211.5352,93.0000,139.0000
119.6945,206.1001,93.0000,149.0000
121.8230,212.6899,85.0000,139.0000
125.3679,211.1501,81.0000,141.0000
126.1649,213.0773,79.0000,138.0000
127.7535,212.7884,76.0000,138.0000
126.9512,216.9038,73.0000,127.0000
127.8098,211.0577,76.0000,138.0000
127.7822,215.4885,76.0000,127.0000
129.5499,214.2593,76.0000,132.0000
128.5591,219.5718,74.0000,121.0000
128.6206,213.5143,76.0000,136.0000
128.3916,216.8628,74.0000,129.0000
126.2396,214.2028,76.0000,135.0000
129.0941,218.1539,72.0000,128.0000
128.9476,215.3622,75.0000,132.0000
128.2331,219.2539,75.0000,127.0000
131.1479,218.9852,72.0000,127.0000
131.4924,219.3644,73.0000,123.0000
132.1242,216.9940,71.0000,128.0000
131.0405,219.1920,73.0000,124.0000
133.9958,220.3065,71.0000,122.0000
135.1524,222.0558,69.0000,122.0000
133.0993,221.3905,71.0000,123.0000
138.3163,227.8034,65.0000,109.0000
137.0739,221.6346,70.0000,120.0000
134.2054,218.9396,73.0000,127.0000
135.6150,216.1869,71.0000,127.0000
137.6497,220.1413,69.0000,119.0000
139.5022,222.3140,67.0000,113.0000
140.6393,228.1693,61.0000,98.0000
133.5018,233.6405,72.0000,108.0000
137.7124,232.1904,67.0000,99.0000
142.0233,237.9682,61.0000,90.0000
146.7683,247.9483,51.0000,80.0000
146.0018,251.7026,51.0000,68.0000
149.9672,257.4172,43.0000,55.0000
149.9672,257.4172,43.0000,55.0000
149.9672,257.4172,43.0000,55.0000
149.9672,257.4172,43.0000,55.0000
149.9672,257.4172,43.0000,55.0000
149.9672,257.4172,43.0000,55.0000
149.9672,257.4172,43.0000,55.0000
149.9672,257.4172,43.0000,55.0000
149.9672,257.4172,43.0000,55.0000
126.0731,227.5453,35.0000,36.0000
115.6312,218.9174,45.0000,45.0000
112.7156,218.4751,47.0000,54.0000
112.7156,218.4751,47.0000,54.0000
112.7156,218.4751,47.0000,54.0000
112.7156,218.4751,47.0000,54.0000
112.7156,218.4751,47.0000,54.0000
112.7156,218.4751,47.0000,54.0000
112.7156,218.4751,47.0000,54.0000
100.3250,205.6157,38.0000,62.0000
97.0866,199.5098,45.0000,75.0000
97.0866,199.5098,45.0000,75.0000
98.1608,199.7233,45.0000,79.0000
100.5315,204.1576,44.0000,75.0000
99.7064,204.7835,45.0000,73.0000
101.0096,204.5240,40.0000,70.0000
98.9436,203.9756,41.0000,71.0000
100.8208,205.5455,40.0000,67.0000
101.7252,206.3002,40.0000,64.0000
104.3275,207.1479,39.0000,62.0000
103.0694,211.7777,45.0000,54.0000
109.2602,211.5289,36.0000,45.0000
108.8110,207.0377,34.0000,42.0000
111.2868,203.7412,28.0000,38.0000
111.3913,203.7361,20.0000,33.0000
108.9547,205.4281,11.0000,41.0000
102.0261,194.0902,12.0000,36.0000
91.3843,198.9317,19.0000,43.0000
92.3610,200.1711,15.0000,44.0000
93.3806,205.9801,8.0000,32.0000
89.4184,212.7509,13.0000,30.0000
87.3801,218.4260,13.0000,27.0000
85.0901,229.9920,12.0000,17.0000
82.3124,237.4526,13.0000,10.0000
84.6095,239.1478,4.0000,7.0000
82.6976,237.7664,7.0000,11.0000
82.6976,237.7664,7.0000,11.0000
82.6976,237.7664,7.0000,11.0000
82.6976,237.7664,7.0000,11.0000
2
0
0
0
0
1
22.8049,133.1678,114.0000,78.0000
28.6464,127.7307,92.0000,68.0000
28.6464,127.7307,92.0000,68.0000
28.6464,127.7307,92.0000,68.0000
2
0
0
0
0
1
57.9774,114.2578,93.0000,124.0000
57.9774,114.2578,93.0000,124.0000
57.9774,114.2578,93.0000,124.0000
57.9774,114.2578,93.0000,124.0000
57.9774,114.2578,93.0000,124.0000
57.9774,114.2578,93.0000,124.0000
57.9774,114.2578,93.0000,124.0000
57.9774,114.2578,93.0000,124.0000
57.9774,114.2578,93.0000,124.0000
57.9774,114.2578,93.0000,124.0000
57.9774,114.2578,93.0000,124.0000
57.9774,114.2578,93.0000,124.0000
57.9774,114.2578,93.0000,124.0000
57.9774,114.2578,93.0000,124.0000
57.9774,114.2578,93.0000,124.0000
57.9774,114.2578,93.0000,124.0000
57.9774,114.2578,93.0000,124.0000
57.9774,114.2578,93.0000,124.0000
57.9774,114.2578,93.0000,124.0000
57.9774,114.2578,93.0000,124.0000
57.9774,114.2578,93.0000,124.0000
57.9774,114.2578,93.0000,124.0000
57.9774,114.2578,93.0000,124.0000
57.9774,114.2578,93.0000,124.0000
57.9774,114.2578,93.0000,124.0000
57.9774,114.2578,93.0000,124.0000
57.9774,114.2578,93.0000,124.0000
57.9774,114.2578,93.0000,124.0000
57.9774,114.2578,93.0000,124.0000
2
0
0
0
0
1
188.8079,148.8511,54.0000,109.0000
194.3466,149.3908,50.0000,110.0000
206.1375,164.2672,43.0000,77.0000
206.1375,164.2672,43.0000,77.0000
206.1375,164.2672,43.0000,77.0000
206.1375,164.2672,43.0000,77.0000
206.1375,164.2672,43.0000,77.0000
206.1375,164.2672,43.0000,77.0000
206.1375,164.2672,43.0000,77.0000
206.1375,164.2672,43.0000,77.0000
206.1375,164.2672,43.0000,77.0000
206.1375,164.2672,43.0000,77.0000
206.1375,164.2672,43.0000,77.0000
206.1375,164.2672,43.0000,77.0000
206.1375,164.2672,43.0000,77.0000
206.1375,164.2672,43.0000,77.0000
206.1375,164.2672,43.0000,77.0000
206.1375,164.2672,43.0000,77.0000
206.1375,164.2672,43.0000,77.0000
206.1375,164.2672,43.0000,77.0000
206.1375,164.2672,43.0000,77.0000
206.1375,164.2672,43.0000,77.0000
206.1375,164.2672,43.0000,77.0000
206.1375,164.2672,43.0000,77.0000
206.1375,164.2672,43.0000,77.0000
206.1375,164.2672,43.0000,77.0000
206.1375,164.2672,43.0000,77.0000
216.5768,216.7722,56.0000,59.0000
198.2443,207.9543,77.0000,46.0000
193.6123,196.0684,83.0000,53.0000
190.0385,189.2390,88.0000,62.0000
183.8873,181.8327,96.0000,69.0000
183.3610,172.8306,89.0000,79.0000
185.3737,165.3629,79.0000,92.0000
176.8768,162.9872,86.0000,106.0000
176.8768,162.9872,86.0000,106.0000
176.8768,162.9872,86.0000,106.0000
176.8768,162.9872,86.0000,106.0000
176.8768,162.9872,86.0000,106.0000
176.8768,162.9872,86.0000,106.0000
176.8768,162.9872,86.0000,106.0000
176.8768,162.9872,86.0000,106.0000
176.8768,162.9872,86.0000,106.0000
176.8768,162.9872,86.0000,106.0000
176.8768,162.9872,86.0000,106.0000
176.8768,162.9872,86.0000,106.0000
176.8768,162.9872,86.0000,106.0000
176.8768,162.9872,86.0000,106.0000
176.8768,162.9872,86.0000,106.0000
2
0
0
0
0
1
474.0811,267.5399,140.0000,112.0000