1
291.0000,135.0000,107.0000,106.0000
278.0000,127.0000,101.0000,107.0000
284.9071,114.0000,94.0000,108.0000
290.0000,95.0000,85.0000,108.0000
297.0000,80.0000,75.0000,104.0000
301.1207,70.0667,67.0000,107.0000
301.9311,69.9419,60.0000,110.0000
309.8489,74.1179,54.0000,106.0000
315.0000,84.0441,49.0000,104.0000
324.0000,83.0868,46.0000,105.0000
328.0000,92.5677,50.0000,100.0000
321.7967,99.0000,52.0000,98.0000
314.0000,112.0000,53.0000,94.0000
310.3081,120.0000,55.0000,94.0000
310.6128,128.5685,55.0000,95.0000
308.3664,122.9177,56.0000,95.0000
301.0000,128.8551,56.0000,90.0000
293.0000,128.1798,58.0000,92.0000
283.0000,121.9388,58.0000,87.0000
270.0000,113.4162,63.0000,88.0000
259.0000,109.8699,66.0000,83.0000
250.0000,112.0825,68.0000,83.0000
240.0000,118.0000,68.0000,76.0000
230.0000,124.0000,70.0000,74.0000
225.0000,133.0575,71.0000,72.0000
223.9977,141.1003,69.0000,68.0000
220.7912,151.3821,72.0000,69.0000
219.5149,157.0000,72.0000,66.0000
210.6073,168.0000,75.0000,61.0000
205.6369,178.0000,73.0000,59.0000
213.8561,186.0000,71.0000,60.0000
217.2693,192.0000,71.0000,62.0000
212.7080,198.0000,69.0000,62.0000
210.9528,204.0000,70.0000,62.0000
218.4321,207.1397,70.0000,66.0000
223.2109,200.0000,68.0000,63.0000
219.4906,190.0000,70.0000,64.0000
225.1526,183.0000,67.0000,64.0000
230.1218,174.0676,65.0000,63.0000
230.2874,167.9955,65.0000,62.0000
234.9800,158.4388,62.0000,61.0000
239.0000,157.5836,59.0000,60.0000
245.0000,158.4467,56.0000,61.0000
251.4292,158.7901,54.0000,62.0000
257.6886,151.2482,53.0000,62.0000
264.3364,142.8188,50.0000,65.0000
263.8434,138.7046,49.0000,63.0000
257.0000,137.5969,49.0000,64.0000
253.6964,126.0000,48.0000,62.0000
245.7689,113.0000,47.0000,60.0000
239.0736,106.0000,47.0000,58.0000
237.9295,99.0000,46.0000,56.0000
245.2216,84.0000,46.0000,59.0000
253.7867,75.0000,43.0000,52.0000
248.6477,72.3903,43.0000,55.0000
242.4704,74.8298,43.0000,53.0000
250.5693,72.7705,43.0000,51.0000
251.7616,83.5258,45.0000,50.0000
245.9720,94.0000,45.0000,42.0000
242.9219,105.0000,47.0000,31.0000
236.8510,116.0000,48.0000,19.0000
238.4452,125.0000,29.0000,10.0000
235.4253,134.8649,22.0000,3.0000
229.0000,134.8063,19.0000,4.0000
224.0000,133.2064,23.0000,7.0000
216.5605,129.9982,31.0000,12.0000
209.0000,123.3309,35.0000,21.0000
199.0000,116.0397,39.0000,29.0000
188.0000,115.5925,36.0000,36.0000
177.0000,109.1977,34.0000,43.0000
168.0000,100.0000,39.0000,51.0000
159.0000,91.0000,49.0000,62.0000
151.0000,82.0341,57.0000,61.0000
143.0264,84.3800,62.0000,61.0000
139.6500,93.4443,67.0000,64.0000
144.8654,93.3642,67.0000,68.0000
153.3897,94.5175,67.0000,69.0000
157.9938,97.0574,65.0000,69.0000
158.1043,89.6728,63.0000,67.0000
154.2605,99.1582,63.0000,69.0000
150.4267,106.0000,62.0000,66.0000
145.2952,107.5117,62.0000,67.0000
149.4422,95.7476,60.0000,64.0000
154.3073,93.7113,60.0000,64.0000
156.4036,97.8228,60.0000,63.0000
159.9433,97.1434,60.0000,64.0000
163.2639,99.9876,61.0000,64.0000
170.0362,102.2371,62.0000,64.0000
175.2774,107.3800,65.0000,62.0000
177.5199,114.6104,68.0000,61.0000
184.5863,123.0587,69.0000,61.0000
189.1632,128.0582,69.0000,61.0000
193.0000,132.4923,69.0000,59.0000
199.0000,134.9021,69.0000,59.0000
202.1442,141.0000,67.0000,57.0000
198.9394,150.0000,65.0000,54.0000
201.9222,153.2190,66.0000,57.0000
208.9164,141.9775,61.0000,54.0000
201.5892,138.0502,62.0000,54.0000
196.0000,135.1614,62.0000,53.0000
191.3402,131.3692,62.0000,53.0000
192.2658,130.5508,62.0000,54.0000
190.2333,133.4025,62.0000,55.0000
188.0837,135.3357,62.0000,56.0000
183.4094,139.2140,64.0000,57.0000
178.9281,146.8976,65.0000,59.0000
179.2381,144.5074,67.0000,61.0000
183.0000,133.4602,68.0000,61.0000
194.0000,124.4588,65.0000,63.0000
194.3776,119.4425,69.0000,63.0000
188.0000,110.2109,69.0000,65.0000
179.0166,102.0000,70.0000,66.0000
172.7083,87.0000,71.0000,71.0000
162.0000,77.0000,72.0000,65.0000
147.0000,68.0000,72.0000,69.0000
137.0000,59.0000,75.0000,69.0000
138.4547,51.0000,75.0000,71.0000
140.6096,54.3577,77.0000,71.0000
131.0000,63.0976,81.0000,74.0000
119.0000,68.6474,84.0000,75.0000
111.0706,74.0000,87.0000,77.0000
116.0000,83.0000,91.0000,79.0000
122.0000,89.0000,91.0000,81.0000
130.2493,100.1008,93.0000,83.0000
128.1057,95.5719,94.0000,83.0000
128.7784,92.8800,98.0000,86.0000
135.0000,89.6287,98.0000,88.0000
142.0000,82.5412,101.0000,88.0000
149.1220,80.3229,102.0000,90.0000
145.3278,82.7968,102.0000,90.0000
145.8225,82.3992,102.0000,91.0000
149.6732,78.1644,102.0000,92.0000
149.1919,75.7134,103.0000,93.0000
142.0150,73.7229,104.0000,94.0000
137.5002,67.5230,104.0000,98.0000
141.2867,68.3234,105.0000,98.0000
141.9530,71.7646,108.0000,98.0000
139.6413,75.4898,109.0000,99.0000
139.1969,81.5262,112.0000,102.0000
146.1257,87.5406,112.0000,100.0000
149.7293,86.2794,115.0000,103.0000
146.3923,75.0162,115.0000,104.0000
151.5262,70.3808,116.0000,105.0000
160.0000,61.3033,114.0000,103.0000
164.0000,60.6813,117.0000,104.0000
156.3516,61.6043,117.0000,107.0000
148.1198,64.0929,117.0000,107.0000
156.5668,65.4774,120.0000,107.0000
163.9299,69.5837,120.0000,108.0000
159.0974,78.4684,123.0000,111.0000
153.0901,86.9424,123.0000,112.0000
151.0824,90.6014,124.0000,113.0000
158.3763,94.7158,124.0000,113.0000
165.7903,101.7013,127.0000,114.0000
170.0000,105.3727,127.0000,112.0000
164.7113,106.5632,127.0000,113.0000
156.0000,113.6249,128.0000,118.0000
159.5256,115.6897,126.0000,114.0000
167.0000,106.1343,124.0000,114.0000
172.0000,96.3751,127.0000,114.0000
166.0594,87.4110,127.0000,115.0000
159.0000,89.9348,128.0000,116.0000
158.6288,94.4237,128.0000,116.0000
164.0000,95.4578,128.0000,116.0000
170.0000,91.6821,130.0000,116.0000
178.9762,90.8043,130.0000,116.0000
175.9755,89.8424,130.0000,119.0000
171.1952,92.5113,134.0000,120.0000
163.9733,93.9070,131.0000,120.0000
155.2173,100.0017,133.0000,121.0000
152.2109,103.1545,135.0000,119.0000
146.5114,101.5822,135.0000,122.0000
143.6952,105.9303,135.0000,123.0000
146.2568,110.2019,135.0000,121.0000
146.4499,111.1933,135.0000,119.0000
141.2361,107.1826,135.0000,122.0000
139.3530,107.7098,135.0000,120.0000
147.6276,104.5762,135.0000,121.0000
154.4557,100.9534,137.0000,121.0000
157.5570,102.1402,132.0000,121.0000
153.6369,103.5916,134.0000,121.0000
154.0794,99.6242,134.0000,121.0000
154.9952,97.9466,136.0000,121.0000
151.3631,98.9037,136.0000,121.0000
147.9569,97.9391,133.0000,122.0000
147.1428,95.1889,135.0000,120.0000
148.1078,94.9838,135.0000,120.0000
148.4142,97.1345,135.0000,120.0000
149.1802,99.8734,132.0000,121.0000
145.6383,103.2955,134.0000,122.0000
143.9528,108.1897,134.0000,122.0000
146.2785,110.0166,134.0000,120.0000
146.8166,110.4187,136.0000,120.0000
147.5508,111.1023,133.0000,121.0000
146.6717,109.9038,137.0000,122.0000