192.8140
0.0380
0.0344
0.0450
0.0352
0.0368
0.0370
0.0360
0.0353
0.0372
0.0340
0.0326
0.0360
0.0337
0.0369
0.0360
0.0440
0.0428
0.0336
0.0360
0.0331
0.0352
0.0330
0.0340
0.0370
0.0518
0.0628
0.0421
0.0330
0.0380
0.0300
0.0314
0.0347
0.0312
0.0358
0.0340
0.0309
0.0334
0.0340
0.0370
0.0370
0.0350
0.0420
0.0342
0.0370
0.0332
0.0330
0.0337
0.0330
0.0359
0.0344
0.0344
0.0350
0.0333
0.0357
0.0367
0.0382
0.0340
0.0370
0.0331
0.0309
0.0411
0.0338
0.0386
0.0338
0.0327
0.0344
0.0337
0.0390
0.0350
0.0773
0.0400
0.0459
0.0348
0.0337
0.0371
0.0369
0.0323
0.0327
0.0340
0.0340
0.0370
0.0350
0.0370
0.0450
0.0372
0.0396
0.0360
0.0336
0.0347
0.0350
0.0360
0.0334
0.0420
0.0364
0.0350
0.0370
0.0357
0.0350
0.0390
0.0361
0.0328
0.0312
0.0340
0.0350
0.0363
0.0371
0.0333
0.0390
0.0360
0.0360
0.0400
0.0360
0.0370
0.0320
0.0313
0.0327
0.0330
0.0358
0.0324
0.0327
0.0338
0.0364
0.0345
0.0330
0.0400
0.0350
0.0410
0.0410
0.0364
0.0340
0.0354
0.0350
0.0342
0.0350
0.0341
0.0340
0.0350
0.0448
0.0386
0.0400
0.0360
0.0350
0.0374
0.0333
0.0370
0.0342
0.0330
0.0350
0.0344
0.0430
0.0390
0.0380
0.0454
0.0376
0.0360
0.0350
0.0382
0.0549
0.0505
0.0400
0.0330
0.0370
0.0350
0.0370
0.0370
0.0350
0.0320
0.0329
0.0377
0.0379
0.0389
0.0381
0.0385
0.0411
0.0376
0.0390
0.0390
0.0300
0.0340
0.0312
0.0360
0.0330
0.0340
0.0352
0.0300
0.0380
0.0420
0.0360
0.0320
0.0340
0.0350
0.0310
0.0350
0.0320
0.0342