1
713.6300,239.9425,16.0000,8.0000
709.7436,247.4922,11.0000,2.0000
2
0
0
0
0
1
726.3425,234.0565,14.0000,17.0000
726.3425,234.0565,14.0000,17.0000
726.3425,234.0565,14.0000,17.0000
726.3425,234.0565,14.0000,17.0000
726.3425,234.0565,14.0000,17.0000
720.1460,242.5084,7.0000,6.0000
720.1460,242.5084,7.0000,6.0000
720.1460,242.5084,7.0000,6.0000
720.1460,242.5084,7.0000,6.0000
720.1460,242.5084,7.0000,6.0000
720.1460,242.5084,7.0000,6.0000
720.1460,242.5084,7.0000,6.0000
720.1460,242.5084,7.0000,6.0000
720.1460,242.5084,7.0000,6.0000
720.1460,242.5084,7.0000,6.0000
720.1460,242.5084,7.0000,6.0000
720.1460,242.5084,7.0000,6.0000
720.1460,242.5084,7.0000,6.0000
720.1460,242.5084,7.0000,6.0000
720.1460,242.5084,7.0000,6.0000
720.1460,242.5084,7.0000,6.0000
720.1460,242.5084,7.0000,6.0000
720.1460,242.5084,7.0000,6.0000
2
0
0
0
0
1
669.6291,229.4534,23.0000,22.0000
669.6291,229.4534,23.0000,22.0000
669.6291,229.4534,23.0000,22.0000
669.6291,229.4534,23.0000,22.0000
669.6291,229.4534,23.0000,22.0000
669.6291,229.4534,23.0000,22.0000
2
0
0
0
0
1
661.2802,243.9249,16.0000,5.0000
661.2802,243.9249,16.0000,5.0000
661.2802,243.9249,16.0000,5.0000
2
0
0
0
0
1
699.9195,236.0392,21.0000,19.0000
2
0
0
0
0
1
731.1209,242.8277,16.0000,13.0000
731.1209,242.8277,16.0000,13.0000
731.1209,242.8277,16.0000,13.0000
731.1209,242.8277,16.0000,13.0000
731.1209,242.8277,16.0000,13.0000
731.1209,242.8277,16.0000,13.0000
731.1209,242.8277,16.0000,13.0000
731.1209,242.8277,16.0000,13.0000
731.1209,242.8277,16.0000,13.0000
731.1209,242.8277,16.0000,13.0000
731.1209,242.8277,16.0000,13.0000
731.1209,242.8277,16.0000,13.0000
731.1209,242.8277,16.0000,13.0000
731.1209,242.8277,16.0000,13.0000
731.1209,242.8277,16.0000,13.0000
731.1209,242.8277,16.0000,13.0000
731.1209,242.8277,16.0000,13.0000
731.1209,242.8277,16.0000,13.0000
731.1209,242.8277,16.0000,13.0000
2
0
0
0
0
1
664.6732,245.7301,20.0000,15.0000
664.6732,245.7301,20.0000,15.0000
664.6732,245.7301,20.0000,15.0000
664.6732,245.7301,20.0000,15.0000
664.6732,245.7301,20.0000,15.0000
664.6732,245.7301,20.0000,15.0000
664.6732,245.7301,20.0000,15.0000
664.6732,245.7301,20.0000,15.0000
664.6732,245.7301,20.0000,15.0000
664.6732,245.7301,20.0000,15.0000
664.6732,245.7301,20.0000,15.0000
664.6732,245.7301,20.0000,15.0000
2
0
0
0
0
1
719.6742,243.1454,18.0000,21.0000
719.6742,243.1454,18.0000,21.0000
719.6742,243.1454,18.0000,21.0000
719.6742,243.1454,18.0000,21.0000
719.6742,243.1454,18.0000,21.0000
719.6742,243.1454,18.0000,21.0000
719.6742,243.1454,18.0000,21.0000
2
0
0
0
0
1
741.6458,248.0345,26.0000,15.0000
741.6458,248.0345,26.0000,15.0000
741.6458,248.0345,26.0000,15.0000
741.6458,248.0345,26.0000,15.0000
741.6458,248.0345,26.0000,15.0000
741.6458,248.0345,26.0000,15.0000
741.6458,248.0345,26.0000,15.0000
741.6458,248.0345,26.0000,15.0000
741.6458,248.0345,26.0000,15.0000
741.6458,248.0345,26.0000,15.0000
741.6458,248.0345,26.0000,15.0000
2
0
0
0
0
1
686.5625,243.2744,29.0000,15.0000
686.5625,243.2744,29.0000,15.0000
686.5625,243.2744,29.0000,15.0000
2
0
0
0
0
1
661.0000,240.0000,27.0000,27.0000
661.0000,240.0000,27.0000,27.0000
661.0000,240.0000,27.0000,27.0000
2
0
0
0
0
1
720.0000,244.0000,25.0000,27.0000
732.9193,252.5402,17.0000,10.0000
732.9193,252.5402,17.0000,10.0000
732.9193,252.5402,17.0000,10.0000
732.9193,252.5402,17.0000,10.0000
732.9193,252.5402,17.0000,10.0000
732.9193,252.5402,17.0000,10.0000
732.9193,252.5402,17.0000,10.0000
732.9193,252.5402,17.0000,10.0000
2
0
0
0
0
1
754.1866,256.9458,17.0000,10.0000
754.1866,256.9458,17.0000,10.0000
754.1866,256.9458,17.0000,10.0000
754.1866,256.9458,17.0000,10.0000
754.1866,256.9458,17.0000,10.0000
754.1866,256.9458,17.0000,10.0000
754.1866,256.9458,17.0000,10.0000
754.1866,256.9458,17.0000,10.0000
2
0
0
0
0
1
706.7202,248.5259,18.0000,17.0000
706.7202,248.5259,18.0000,17.0000
706.7202,248.5259,18.0000,17.0000
2
0
0
0
0
1
648.7780,245.5761,36.0000,18.0000
648.7780,245.5761,36.0000,18.0000
2
0
0
0
0
1
693.2673,257.3535,16.0000,2.0000
693.2673,257.3535,16.0000,2.0000
693.2673,257.3535,16.0000,2.0000
2
0
0
0
0
1
722.8035,246.3811,21.0000,22.0000
730.1092,251.9948,4.0000,2.0000
730.1092,251.9948,4.0000,2.0000
730.1092,251.9948,4.0000,2.0000
730.1092,251.9948,4.0000,2.0000
730.1092,251.9948,4.0000,2.0000
730.1092,251.9948,4.0000,2.0000
730.1092,251.9948,4.0000,2.0000
730.1092,251.9948,4.0000,2.0000
730.1092,251.9948,4.0000,2.0000
730.1092,251.9948,4.0000,2.0000
730.1092,251.9948,4.0000,2.0000
730.1092,251.9948,4.0000,2.0000
730.1092,251.9948,4.0000,2.0000
730.1092,251.9948,4.0000,2.0000
730.1092,251.9948,4.0000,2.0000
730.1092,251.9948,4.0000,2.0000
2
0
0
0
0
1
679.6596,252.3788,21.0000,10.0000
679.6596,252.3788,21.0000,10.0000
679.6596,252.3788,21.0000,10.0000
679.6596,252.3788,21.0000,10.0000
679.6596,252.3788,21.0000,10.0000
679.6596,252.3788,21.0000,10.0000
2
0
0
0
0
1
657.2248,239.8846,22.0000,13.0000
657.2248,239.8846,22.0000,13.0000
657.2248,239.8846,22.0000,13.0000
657.2248,239.8846,22.0000,13.0000
657.2248,239.8846,22.0000,13.0000
657.2248,239.8846,22.0000,13.0000
657.2248,239.8846,22.0000,13.0000
657.2248,239.8846,22.0000,13.0000
657.2248,239.8846,22.0000,13.0000
657.2248,239.8846,22.0000,13.0000
657.2248,239.8846,22.0000,13.0000
657.2248,239.8846,22.0000,13.0000
657.2248,239.8846,22.0000,13.0000
657.2248,239.8846,22.0000,13.0000
657.2248,239.8846,22.0000,13.0000
657.2248,239.8846,22.0000,13.0000
2
0
0
0
0
1
685.0000,235.0000,30.0000,32.0000
685.0000,235.0000,30.0000,32.0000
685.0000,235.0000,30.0000,32.0000
685.0000,235.0000,30.0000,32.0000
685.0000,235.0000,30.0000,32.0000
685.0000,235.0000,30.0000,32.0000
685.0000,235.0000,30.0000,32.0000
685.0000,235.0000,30.0000,32.0000
685.0000,235.0000,30.0000,32.0000
685.0000,235.0000,30.0000,32.0000
685.0000,235.0000,30.0000,32.0000
685.0000,235.0000,30.0000,32.0000
685.0000,235.0000,30.0000,32.0000
685.0000,235.0000,30.0000,32.0000
685.0000,235.0000,30.0000,32.0000
685.0000,235.0000,30.0000,32.0000
685.0000,235.0000,30.0000,32.0000
2
0
0
0
0
1
687.4807,230.5693,39.0000,35.0000
687.4271,219.6357,47.0000,46.0000
686.2258,222.3469,49.0000,44.0000
690.1898,222.6103,39.0000,43.0000
708.3773,214.3953,40.0000,36.0000
705.7720,211.7680,57.0000,45.0000
706.4380,182.4877,61.0000,63.0000
684.1662,222.2704,57.0000,51.0000
689.4460,217.4238,52.0000,52.0000
692.5484,229.5933,41.0000,41.0000
690.2770,228.4711,48.0000,46.0000
685.6241,231.2296,55.0000,34.0000
691.2316,231.5870,62.0000,41.0000
717.8838,210.3080,68.0000,28.0000
712.1025,198.7132,87.0000,39.0000
2
0
0
0
0
1
690.0000,228.0000,35.0000,38.0000
690.0000,228.0000,35.0000,38.0000
687.5700,238.3801,32.0000,22.0000
687.5700,238.3801,32.0000,22.0000
687.5700,238.3801,32.0000,22.0000
687.5700,238.3801,32.0000,22.0000
687.5700,238.3801,32.0000,22.0000
687.5700,238.3801,32.0000,22.0000
687.5700,238.3801,32.0000,22.0000
687.5700,238.3801,32.0000,22.0000
687.5700,238.3801,32.0000,22.0000
687.5700,238.3801,32.0000,22.0000
687.5700,238.3801,32.0000,22.0000
687.5700,238.3801,32.0000,22.0000
687.5700,238.3801,32.0000,22.0000
687.5700,238.3801,32.0000,22.0000
687.5700,238.3801,32.0000,22.0000
687.5700,238.3801,32.0000,22.0000
687.5700,238.3801,32.0000,22.0000
687.5700,238.3801,32.0000,22.0000
687.5700,238.3801,32.0000,22.0000
687.5700,238.3801,32.0000,22.0000
687.5700,238.3801,32.0000,22.0000
687.5700,238.3801,32.0000,22.0000
687.5700,238.3801,32.0000,22.0000
687.5700,238.3801,32.0000,22.0000
687.5700,238.3801,32.0000,22.0000
687.5700,238.3801,32.0000,22.0000
687.5700,238.3801,32.0000,22.0000
687.5700,238.3801,32.0000,22.0000
687.5700,238.3801,32.0000,22.0000
687.5700,238.3801,32.0000,22.0000