176.2110
0.0990
0.1050
0.1120
NaN
NaN
NaN
NaN
174.4862
0.1100
0.1060
0.1060
0.1110
0.1120
0.1080
0.1070
0.1090
0.2000
0.1160
0.1150
0.1120
0.1300
0.1120
0.1210
0.1060
0.1280
0.1110
0.1180
0.1270
0.1150
0.1150
0.1130
0.1140
NaN
NaN
NaN
NaN
177.1677
0.1070
0.1160
0.1090
0.1100
0.1020
0.1130
0.1150
NaN
NaN
NaN
NaN
174.5480
0.1300
0.1120
0.1361
0.1380
NaN
NaN
NaN
NaN
177.3355
0.1130
0.1100
NaN
NaN
NaN
NaN
174.8067
0.1070
0.1000
0.1030
0.1050
0.1070
0.1200
0.1100
0.1070
0.1490
0.1440
0.1100
0.1220
0.1290
0.1220
0.1170
0.1140
0.1210
0.1190
0.1140
0.1170
NaN
NaN
NaN
NaN
173.9487
0.1080
0.1050
0.1000
0.1070
0.1100
0.1110
0.0990
0.1120
0.1430
0.1510
0.1150
0.1200
0.1230
NaN
NaN
NaN
NaN
172.5767
0.1020
0.1080
0.1110
0.1010
0.1040
0.1110
0.1000
0.1070
NaN
NaN
NaN
NaN
173.4788
0.1360
0.1350
0.1210
0.1310
0.1270
0.1310
0.1490
0.2520
0.1480
0.1380
0.1860
0.1560
NaN
NaN
NaN
NaN
180.2608
0.1170
0.1100
0.1220
0.1120
NaN
NaN
NaN
NaN
175.4693
0.1140
0.1200
0.1150
0.1120
NaN
NaN
NaN
NaN
178.2327
0.0980
0.1050
0.1070
0.1130
0.1100
0.1100
0.1040
0.0990
0.1680
0.1220
NaN
NaN
NaN
NaN
173.6207
0.1070
0.1050
0.1060
0.1020
0.1090
0.1030
0.0980
0.1100
0.1910
NaN
NaN
NaN
NaN
173.1430
0.1060
0.1120
0.1260
0.1180
NaN
NaN
NaN
NaN
176.4917
0.1210
0.1280
0.1430
NaN
NaN
NaN
NaN
174.5837
0.0950
0.1130
0.1240
0.1130
NaN
NaN
NaN
NaN
173.5267
0.1120
0.1130
0.1060
0.1100
0.1130
0.1060
0.1300
0.1130
0.1560
0.1220
0.1150
0.1220
0.1590
0.1310
0.1200
0.1230
0.1470
0.1490
NaN
NaN
NaN
NaN
172.5537
0.1050
0.1130
0.1180
0.1110
0.1490
0.1240
0.1120
NaN
NaN
NaN
NaN
176.0492
0.1050
0.1160
0.1150
0.1190
0.1260
0.1150
0.1210
0.1900
0.1400
0.1220
0.1900
0.1460
0.1450
0.1450
0.1290
0.1460
0.2360
NaN
NaN
NaN
NaN
176.8637
0.1040
0.1260
0.1000
0.1090
0.1400
0.1150
0.1100
0.1540
0.1420
0.1200
0.1320
0.1310
0.1220
0.1130
0.1270
0.1350
0.1240
0.1200
NaN
NaN
NaN
NaN
177.3338
0.1080
0.1140
0.1180
0.1170
0.1160
0.1260
0.1190
0.1440
0.1650
0.1370
0.2100
0.1350
0.1410
0.1580
0.2160
0.1450
NaN
NaN
NaN
NaN
175.9427
0.1010
0.1090
0.1180
0.1110
0.1150
0.1210
0.1240
0.1340
0.1420
0.1330
0.1200
0.1210
0.1330
0.1260
0.1400
0.1210
0.1230
0.1200
0.1230
0.1210
0.1230
0.1250
0.1300
0.1250
0.1210
0.1510
0.1110
0.1180
0.1150
0.1290
0.1260
0.1230