1
664.2766,687.1797,41.1219,24.1506
664.2766,687.1797,41.1219,24.1506
664.2766,687.1797,41.1219,24.1506
2
0
0
0
0
1
675.5000,622.5000,47.0000,13.0000
2
0
0
0
0
1
708.9750,549.9750,28.5500,28.5500
708.9750,549.9750,28.5500,28.5500
708.9750,549.9750,28.5500,28.5500
708.9750,549.9750,28.5500,28.5500
708.9750,549.9750,28.5500,28.5500
2
0
0
0
0
1
739.2139,498.9809,27.2022,13.9881
739.2139,498.9809,27.2022,13.9881
739.2139,498.9809,27.2022,13.9881
739.2139,498.9809,27.2022,13.9881
2
0
0
0
0
1
810.4804,440.6670,14.0991,30.4260
810.4804,440.6670,14.0991,30.4260
810.4804,440.6670,14.0991,30.4260
2
0
0
0
0
1
825.3564,405.2018,38.0871,21.9863
825.3564,405.2018,38.0871,21.9863
825.3564,405.2018,38.0871,21.9863
825.3564,405.2018,38.0871,21.9863
825.3564,405.2018,38.0871,21.9863
825.3564,405.2018,38.0871,21.9863
825.3564,405.2018,38.0871,21.9863
2
0
0
0
0
1
861.4796,424.8845,23.1609,22.1311
861.4796,424.8845,23.1609,22.1311
861.4796,424.8845,23.1609,22.1311
861.4796,424.8845,23.1609,22.1311
2
0
0
0
0
1
821.9994,474.9147,20.8513,18.6306
821.9994,474.9147,20.8513,18.6306
821.9994,474.9147,20.8513,18.6306
2
0
0
0
0
1
758.0833,480.4261,22.6785,13.5678
758.0833,480.4261,22.6785,13.5678
758.0833,480.4261,22.6785,13.5678
2
0
0
0
0
1
699.5129,458.0481,19.7342,13.0039
699.5129,458.0481,19.7342,13.0039
699.5129,458.0481,19.7342,13.0039
2
0
0
0
0
1
656.0465,426.9009,19.9570,17.4031
656.0465,426.9009,19.9570,17.4031
656.0465,426.9009,19.9570,17.4031
656.0465,426.9009,19.9570,17.4031
656.0465,426.9009,19.9570,17.4031
2
0
0
0
0
1
631.9862,396.2080,17.0076,13.7439
631.9862,396.2080,17.0076,13.7439
631.9862,396.2080,17.0076,13.7439
631.9862,396.2080,17.0076,13.7439
631.9862,396.2080,17.0076,13.7439