1
766.4566,250.0706,124.0000,71.0000
771.3392,249.9201,109.0000,71.0000
772.6482,250.7463,100.0000,69.0000
773.7438,250.6524,103.0000,67.0000
782.7205,250.3261,93.0000,67.0000
783.6035,248.0751,94.0000,67.0000
782.4416,247.4751,98.0000,65.0000
786.9561,245.8356,98.0000,67.0000
784.1412,245.4883,108.0000,65.0000
788.5205,246.5060,106.0000,62.0000
794.7519,247.0565,101.0000,55.0000
804.5134,255.3727,88.0000,36.0000
797.2694,250.3157,95.0000,46.0000
799.8596,243.0655,100.0000,58.0000
808.5815,240.6613,92.0000,62.0000
820.3308,242.5474,84.0000,44.0000
815.1131,241.1969,97.0000,51.0000
810.5783,237.4545,104.0000,53.0000
823.8687,242.5025,93.0000,35.0000
819.2503,241.9673,98.0000,41.0000
833.5192,238.7537,94.0000,49.0000
836.1904,234.0210,80.0000,47.0000
836.4065,233.7898,83.0000,49.0000
837.3237,234.0341,83.0000,48.0000
843.6052,228.4373,75.0000,54.0000
851.5938,236.6983,75.0000,34.0000
840.3961,237.2255,87.0000,36.0000
850.6942,232.0770,88.0000,45.0000
855.2614,235.4655,82.0000,37.0000
850.2605,238.7891,87.0000,39.0000
862.0094,240.2654,81.0000,47.0000
870.7207,230.6601,81.0000,60.0000
873.6129,233.2144,82.0000,57.0000
873.9787,232.8917,78.0000,50.0000
875.6475,228.9299,82.0000,53.0000
878.3781,233.1287,69.0000,33.0000
872.3592,229.9865,80.0000,39.0000
882.7116,230.0274,72.0000,34.0000
882.1870,228.7114,73.0000,38.0000
883.2757,227.7551,77.0000,36.0000
882.9885,225.4801,86.0000,41.0000
892.5639,222.2854,79.0000,41.0000
889.8278,227.0552,79.0000,34.0000
894.2754,221.0706,74.0000,45.0000
898.4399,219.2930,71.0000,45.0000
905.0161,220.3022,62.0000,40.0000
906.4000,223.6213,62.0000,35.0000
909.8418,225.5870,59.0000,31.0000
911.6634,228.0179,59.0000,25.0000
913.0852,228.3681,57.0000,24.0000
921.2154,225.8906,51.0000,23.0000
920.2613,224.2591,55.0000,25.0000
923.3627,224.1418,49.0000,24.0000
925.7021,223.7469,47.0000,23.0000
924.4499,223.3358,50.0000,23.0000
925.6108,221.0364,51.0000,24.0000
926.7726,220.8046,50.0000,24.0000
927.7597,220.7678,50.0000,23.0000
936.8319,221.9559,35.0000,22.0000
942.5431,222.5063,25.0000,22.0000
945.1145,220.6624,19.0000,27.0000
944.1272,221.7611,19.0000,26.0000
943.9051,222.7875,19.0000,28.0000
943.1268,222.0612,20.0000,29.0000
942.4002,222.1401,23.0000,27.0000
947.5775,222.0732,16.0000,24.0000
948.9545,222.1298,15.0000,25.0000
952.8409,223.6220,10.0000,22.0000
954.5660,223.0573,9.0000,13.0000
955.4256,225.4431,8.0000,8.0000
955.4256,225.4431,8.0000,8.0000
955.4256,225.4431,8.0000,8.0000
952.1840,227.4006,4.0000,2.0000
949.9423,226.5922,7.0000,3.0000
946.9111,225.4230,12.0000,5.0000
944.9236,223.9084,16.0000,8.0000
947.9427,223.7872,14.0000,11.0000
947.7723,223.5581,14.0000,14.0000
943.8800,221.9035,17.0000,15.0000
942.3750,219.2806,19.0000,15.0000
941.6476,221.6257,21.0000,15.0000
947.0641,224.6769,14.0000,11.0000
946.1477,226.1628,17.0000,12.0000
946.0141,223.6200,15.0000,9.0000
950.4054,226.6224,12.0000,9.0000
948.3359,222.6041,13.0000,12.0000
951.2584,219.1845,10.0000,16.0000
953.1951,216.7823,8.0000,17.0000
952.0719,219.7389,9.0000,10.0000
948.8600,220.3513,12.0000,8.0000
956.1288,225.3591,5.0000,3.0000
2
0
0
0
0
1
900.6902,216.7659,58.0000,75.0000
897.4898,217.0925,59.0000,79.0000
903.1248,221.0201,53.0000,74.0000
900.6894,219.1869,59.0000,76.0000
902.5877,218.3988,57.0000,76.0000
894.6529,220.9569,65.0000,76.0000
891.7816,219.9061,69.0000,77.0000
894.1765,219.7860,67.0000,77.0000
894.9990,219.2578,64.0000,78.0000
893.4179,220.5100,69.0000,76.0000
889.9461,217.3922,79.0000,79.0000
892.1322,214.6160,80.0000,79.0000
896.4180,214.7273,72.0000,80.0000
890.9279,215.4225,74.0000,81.0000
896.2913,215.1509,75.0000,78.0000
896.8943,215.7224,71.0000,80.0000
892.5155,218.4790,78.0000,78.0000
890.6730,219.5640,78.0000,79.0000
892.0441,218.2311,80.0000,81.0000
891.3880,218.2946,82.0000,79.0000
890.2436,219.1400,84.0000,77.0000
887.4951,218.8619,89.0000,77.0000
886.1469,221.8252,91.0000,72.0000
880.7612,219.3721,96.0000,79.0000
882.0446,224.0533,93.0000,70.0000
879.0706,221.6058,98.0000,74.0000
878.3143,222.4254,99.0000,72.0000
873.4947,221.4560,111.0000,73.0000
877.6422,219.1342,104.0000,76.0000
881.5959,216.2165,92.0000,78.0000
884.3566,216.6679,89.0000,75.0000
883.1455,213.7600,90.0000,79.0000
885.7150,215.3308,87.0000,75.0000
881.6424,214.3417,91.0000,75.0000
882.8191,213.8855,93.0000,76.0000
882.7341,213.9530,93.0000,76.0000
883.3136,212.9999,93.0000,77.0000
884.2457,213.6515,90.0000,74.0000
884.8502,213.4056,91.0000,76.0000
887.6287,213.7716,88.0000,76.0000
886.9654,212.8189,88.0000,77.0000
888.3647,214.5790,88.0000,74.0000
887.8569,213.1991,89.0000,77.0000
886.2715,212.7296,90.0000,77.0000
888.2875,212.6609,87.0000,78.0000
887.4892,213.2796,89.0000,76.0000
887.6811,210.1800,90.0000,81.0000
890.6986,213.6826,85.0000,75.0000
887.3105,210.5319,90.0000,80.0000
890.3283,212.7915,88.0000,76.0000
887.9255,210.3927,85.0000,79.0000
893.8824,212.6033,78.0000,75.0000
894.1785,208.7827,74.0000,78.0000
893.0568,210.0383,77.0000,78.0000
892.3065,209.9990,79.0000,80.0000
892.2191,208.5484,82.0000,81.0000
892.0292,209.9438,82.0000,79.0000
890.5876,208.7869,82.0000,79.0000
890.3251,209.5726,84.0000,80.0000
886.2091,207.0315,86.0000,78.0000
889.7109,208.4502,86.0000,79.0000
888.2093,208.8986,87.0000,79.0000
886.7044,209.1287,88.0000,77.0000
884.5098,208.1606,88.0000,78.0000
885.8765,208.6906,88.0000,75.0000
883.5494,207.4431,89.0000,76.0000
881.6501,207.7401,89.0000,72.0000
878.8247,207.0291,90.0000,73.0000
880.2977,208.1272,91.0000,73.0000
874.0234,209.2475,95.0000,69.0000
874.6615,209.5332,95.0000,74.0000
877.6180,210.3207,93.0000,74.0000
872.9999,210.5840,100.0000,76.0000
870.3486,212.2034,104.0000,76.0000
875.4592,214.2236,100.0000,77.0000
877.1405,213.0270,96.0000,79.0000
876.4571,214.3361,97.0000,76.0000
876.0399,214.3845,97.0000,78.0000
872.9526,214.8331,100.0000,78.0000
874.3391,213.7941,100.0000,79.0000
876.1312,212.1093,98.0000,83.0000
876.0634,213.3427,101.0000,81.0000
874.1695,212.7538,102.0000,82.0000
872.3009,214.0477,103.0000,80.0000
874.3834,213.9237,99.0000,82.0000
871.3283,215.6286,103.0000,80.0000
870.7023,215.3960,106.0000,82.0000
869.6425,215.0337,107.0000,84.0000
867.6725,214.4900,108.0000,85.0000
865.0766,219.2414,111.0000,79.0000
859.2035,218.6161,117.0000,81.0000
856.8285,220.4340,115.0000,79.0000
852.4470,220.1752,118.0000,80.0000
848.3010,220.9870,119.0000,80.0000
842.4699,221.1685,122.0000,80.0000
843.6369,222.9827,116.0000,77.0000
838.8773,223.5444,112.0000,80.0000
836.9127,222.6867,112.0000,80.0000
832.6246,223.3565,117.0000,78.0000
825.7684,223.0937,120.0000,79.0000
826.3881,225.3809,114.0000,76.0000
820.4873,224.6703,114.0000,79.0000
819.2563,226.2296,115.0000,75.0000
815.5252,225.7695,116.0000,77.0000
815.3669,232.2162,106.0000,67.0000
804.2957,227.0555,121.0000,77.0000
797.9279,228.5728,128.0000,72.0000
797.3096,227.5712,124.0000,74.0000
795.4808,228.7808,125.0000,72.0000
791.9752,229.6248,123.0000,70.0000
793.1250,233.2107,115.0000,65.0000
795.1827,233.5878,104.0000,66.0000
792.1958,232.8711,108.0000,66.0000
789.9899,232.2987,102.0000,66.0000
785.7825,231.8995,100.0000,63.0000
780.2942,233.0298,109.0000,63.0000
787.3058,231.8520,97.0000,65.0000
777.1433,231.3487,109.0000,65.0000
777.8152,232.1124,109.0000,65.0000
770.4758,234.2022,114.0000,61.0000
761.0271,228.6800,131.0000,73.0000
751.8236,220.3784,147.0000,91.0000
642.7870,253.3429,110.0000,100.0000
2
0
0
0
0
1
744.5048,234.4868,198.0000,85.0000
740.3701,236.5077,201.0000,79.0000
739.2965,234.9207,193.0000,81.0000
740.1544,235.5236,183.0000,79.0000
736.3422,236.2523,185.0000,76.0000
730.7473,237.9912,170.0000,72.0000
736.6264,238.4396,172.0000,74.0000
721.4626,239.2118,172.0000,71.0000
720.9001,239.4931,172.0000,66.0000
717.4477,239.7148,161.0000,62.0000
709.9886,242.5482,158.0000,60.0000
705.8500,242.4959,155.0000,58.0000
699.1558,238.8730,150.0000,60.0000
698.8766,236.5909,145.0000,60.0000
695.9208,236.4776,140.0000,59.0000
697.7784,241.6297,126.0000,49.0000
697.7569,242.1044,118.0000,52.0000
693.2678,250.2692,108.0000,43.0000
704.7550,258.4284,98.0000,36.0000
704.6193,268.7973,79.0000,23.0000
704.6193,268.7973,79.0000,23.0000
704.6193,268.7973,79.0000,23.0000
2
0
0
0
0
1
430.0000,203.0000,145.0000,95.0000
430.0000,203.0000,145.0000,95.0000
430.0000,203.0000,145.0000,95.0000
430.0000,203.0000,145.0000,95.0000
430.0000,203.0000,145.0000,95.0000
430.0000,203.0000,145.0000,95.0000
430.0000,203.0000,145.0000,95.0000
430.0000,203.0000,145.0000,95.0000
430.0000,203.0000,145.0000,95.0000
430.0000,203.0000,145.0000,95.0000
430.0000,203.0000,145.0000,95.0000
430.0000,203.0000,145.0000,95.0000
430.0000,203.0000,145.0000,95.0000
430.0000,203.0000,145.0000,95.0000
430.0000,203.0000,145.0000,95.0000
430.0000,203.0000,145.0000,95.0000
430.0000,203.0000,145.0000,95.0000
430.0000,203.0000,145.0000,95.0000
430.0000,203.0000,145.0000,95.0000
430.0000,203.0000,145.0000,95.0000
430.0000,203.0000,145.0000,95.0000
430.0000,203.0000,145.0000,95.0000
430.0000,203.0000,145.0000,95.0000
430.0000,203.0000,145.0000,95.0000
430.0000,203.0000,145.0000,95.0000
430.0000,203.0000,145.0000,95.0000
430.0000,203.0000,145.0000,95.0000
430.0000,203.0000,145.0000,95.0000
430.0000,203.0000,145.0000,95.0000
430.0000,203.0000,145.0000,95.0000
430.0000,203.0000,145.0000,95.0000
430.0000,203.0000,145.0000,95.0000
430.0000,203.0000,145.0000,95.0000
430.0000,203.0000,145.0000,95.0000
430.0000,203.0000,145.0000,95.0000
430.0000,203.0000,145.0000,95.0000
430.0000,203.0000,145.0000,95.0000
430.0000,203.0000,145.0000,95.0000
430.0000,203.0000,145.0000,95.0000
430.0000,203.0000,145.0000,95.0000
430.0000,203.0000,145.0000,95.0000
430.0000,203.0000,145.0000,95.0000
430.0000,203.0000,145.0000,95.0000
430.0000,203.0000,145.0000,95.0000
430.0000,203.0000,145.0000,95.0000
430.0000,203.0000,145.0000,95.0000
430.0000,203.0000,145.0000,95.0000
430.0000,203.0000,145.0000,95.0000
430.0000,203.0000,145.0000,95.0000
430.0000,203.0000,145.0000,95.0000
430.0000,203.0000,145.0000,95.0000
430.0000,203.0000,145.0000,95.0000
430.0000,203.0000,145.0000,95.0000
430.0000,203.0000,145.0000,95.0000
430.0000,203.0000,145.0000,95.0000
430.0000,203.0000,145.0000,95.0000
430.0000,203.0000,145.0000,95.0000
430.0000,203.0000,145.0000,95.0000
430.0000,203.0000,145.0000,95.0000
430.0000,203.0000,145.0000,95.0000
430.0000,203.0000,145.0000,95.0000
430.0000,203.0000,145.0000,95.0000
430.0000,203.0000,145.0000,95.0000
430.0000,203.0000,145.0000,95.0000
430.0000,203.0000,145.0000,95.0000
430.0000,203.0000,145.0000,95.0000
430.0000,203.0000,145.0000,95.0000
430.0000,203.0000,145.0000,95.0000
430.0000,203.0000,145.0000,95.0000
430.0000,203.0000,145.0000,95.0000
430.0000,203.0000,145.0000,95.0000
430.0000,203.0000,145.0000,95.0000
430.0000,203.0000,145.0000,95.0000
430.0000,203.0000,145.0000,95.0000
430.0000,203.0000,145.0000,95.0000
430.0000,203.0000,145.0000,95.0000
430.0000,203.0000,145.0000,95.0000
430.0000,203.0000,145.0000,95.0000
430.0000,203.0000,145.0000,95.0000
430.0000,203.0000,145.0000,95.0000
430.0000,203.0000,145.0000,95.0000
430.0000,203.0000,145.0000,95.0000
430.0000,203.0000,145.0000,95.0000
430.0000,203.0000,145.0000,95.0000
430.0000,203.0000,145.0000,95.0000
430.0000,203.0000,145.0000,95.0000
430.0000,203.0000,145.0000,95.0000
430.0000,203.0000,145.0000,95.0000
430.0000,203.0000,145.0000,95.0000
430.0000,203.0000,145.0000,95.0000
430.0000,203.0000,145.0000,95.0000
430.0000,203.0000,145.0000,95.0000
430.0000,203.0000,145.0000,95.0000
430.0000,203.0000,145.0000,95.0000
430.0000,203.0000,145.0000,95.0000
430.0000,203.0000,145.0000,95.0000
430.0000,203.0000,145.0000,95.0000
430.0000,203.0000,145.0000,95.0000
430.0000,203.0000,145.0000,95.0000
430.0000,203.0000,145.0000,95.0000
430.0000,203.0000,145.0000,95.0000
430.0000,203.0000,145.0000,95.0000
430.0000,203.0000,145.0000,95.0000
430.0000,203.0000,145.0000,95.0000
430.0000,203.0000,145.0000,95.0000
430.0000,203.0000,145.0000,95.0000
430.0000,203.0000,145.0000,95.0000
430.0000,203.0000,145.0000,95.0000
430.0000,203.0000,145.0000,95.0000
430.0000,203.0000,145.0000,95.0000
430.0000,203.0000,145.0000,95.0000
430.0000,203.0000,145.0000,95.0000
430.0000,203.0000,145.0000,95.0000
430.0000,203.0000,145.0000,95.0000
430.0000,203.0000,145.0000,95.0000
430.0000,203.0000,145.0000,95.0000
430.0000,203.0000,145.0000,95.0000
430.0000,203.0000,145.0000,95.0000
430.0000,203.0000,145.0000,95.0000
430.0000,203.0000,145.0000,95.0000
430.0000,203.0000,145.0000,95.0000
430.0000,203.0000,145.0000,95.0000
430.0000,203.0000,145.0000,95.0000
430.0000,203.0000,145.0000,95.0000
430.0000,203.0000,145.0000,95.0000
430.0000,203.0000,145.0000,95.0000
430.0000,203.0000,145.0000,95.0000
430.0000,203.0000,145.0000,95.0000
430.0000,203.0000,145.0000,95.0000
2
0
0
0
0
1
188.3461,223.3016,205.0000,82.0000
192.4703,226.5238,192.0000,79.0000
208.8606,230.9268,160.0000,74.0000
225.1359,226.0603,147.0000,69.0000
214.1760,222.8705,158.0000,72.0000
199.3622,228.3906,165.0000,74.0000
200.1934,217.0417,165.0000,84.0000
199.6946,221.4799,157.0000,77.0000
196.6750,224.0384,147.0000,75.0000
195.1546,218.4183,151.0000,80.0000
189.2412,221.8207,146.0000,77.0000
180.5032,223.7892,148.0000,83.0000
178.3374,219.5205,148.0000,89.0000
177.0807,224.5482,145.0000,86.0000
187.8132,216.3419,131.0000,90.0000
186.2895,222.0529,139.0000,88.0000
177.5761,218.3330,136.0000,90.0000
182.2428,219.1416,138.0000,91.0000
175.9781,217.5850,133.0000,91.0000
184.6426,216.8662,135.0000,89.0000
182.4136,217.6785,139.0000,89.0000
182.9153,219.2086,136.0000,89.0000
173.8648,221.2374,136.0000,86.0000
173.0479,224.9690,138.0000,80.0000
168.9365,223.3770,142.0000,80.0000
177.8785,221.6414,135.0000,86.0000
169.7942,228.5431,139.0000,79.0000
170.4101,224.5699,141.0000,81.0000
166.5951,219.8873,136.0000,89.0000
168.3422,225.5400,136.0000,83.0000
169.9079,225.7901,140.0000,83.0000
169.0153,224.0708,137.0000,83.0000
171.1361,223.9138,137.0000,81.0000
171.5624,221.1653,141.0000,84.0000
170.0600,220.4499,136.0000,84.0000
168.9062,220.2036,138.0000,84.0000
165.7909,220.8843,146.0000,82.0000
152.8971,220.6957,171.0000,83.0000
142.9684,219.1374,187.0000,83.0000
135.7307,220.0620,200.0000,81.0000
131.7404,221.1738,209.0000,82.0000
127.4612,227.4155,215.0000,85.0000
135.3988,224.8999,211.0000,81.0000
132.9715,219.1128,204.0000,84.0000
141.7048,223.1578,200.0000,82.0000
137.1370,220.2543,196.0000,80.0000
150.1027,220.2549,192.0000,78.0000
152.8947,221.2315,183.0000,80.0000
154.1435,221.2916,180.0000,80.0000
165.7519,223.3872,168.0000,76.0000
163.8779,223.9060,165.0000,76.0000
170.4788,227.2458,159.0000,73.0000
170.2218,226.8057,161.0000,70.0000
172.9468,228.7459,158.0000,70.0000
171.4664,239.3381,153.0000,67.0000
174.8103,235.8098,153.0000,67.0000
172.4876,232.1348,145.0000,64.0000
178.9954,233.7417,142.0000,66.0000
177.9656,232.4378,137.0000,66.0000
179.0829,239.1601,116.0000,47.0000
158.1788,235.6321,103.0000,44.0000
154.7711,237.8421,107.0000,41.0000
149.0283,237.2065,107.0000,40.0000
152.7067,238.3711,95.0000,38.0000
154.0159,239.1186,83.0000,35.0000
159.0064,238.6570,70.0000,34.0000
161.7150,239.7110,64.0000,32.0000
161.6187,240.3604,59.0000,30.0000
159.5348,241.1350,58.0000,28.0000
160.1111,243.0355,48.0000,23.0000
162.0874,243.3273,46.0000,23.0000
166.2152,243.6379,37.0000,16.0000
170.3700,245.3254,27.0000,13.0000
171.8808,244.4118,24.0000,14.0000
170.4123,244.8120,27.0000,15.0000
170.7960,245.9280,28.0000,15.0000
172.7588,246.2247,25.0000,15.0000
171.3069,244.5250,28.0000,14.0000
170.6720,245.1248,27.0000,15.0000
175.7515,245.6932,17.0000,14.0000
177.1432,255.2019,13.0000,6.0000
176.1950,254.7385,10.0000,5.0000
176.1950,254.7385,10.0000,5.0000
180.7492,255.8713,4.0000,2.0000
180.7492,255.8713,4.0000,2.0000
180.7492,255.8713,4.0000,2.0000
2
0
0
0
0
1
22.3176,227.3479,199.0000,93.0000
23.0650,226.9072,199.0000,93.0000
24.1877,225.4483,189.0000,91.0000
25.1486,224.4997,186.0000,93.0000
25.8820,223.6751,180.0000,95.0000
28.9295,222.7218,177.0000,96.0000
25.8010,222.6380,182.0000,96.0000
23.7727,220.6451,187.0000,97.0000
23.5802,219.8136,184.0000,98.0000
20.1249,218.2886,184.0000,99.0000
23.7517,217.8552,178.0000,100.0000
23.8751,217.6082,178.0000,100.0000
24.5243,216.4392,175.0000,100.0000
24.8076,216.5514,172.0000,101.0000
22.4490,218.3898,174.0000,99.0000
25.5196,216.8334,171.0000,102.0000
26.4973,218.4909,173.0000,100.0000
24.7788,218.7048,173.0000,100.0000
23.4727,218.9868,175.0000,100.0000
25.0845,218.8254,172.0000,100.0000
24.0357,218.5718,174.0000,100.0000
20.8673,215.2526,182.0000,107.0000
17.1972,211.7156,187.0000,110.0000
17.3523,212.1324,192.0000,110.0000
16.7633,210.8652,192.0000,110.0000
15.0728,212.0090,195.0000,108.0000
15.7108,212.3173,198.0000,108.0000
14.4829,211.7810,198.0000,108.0000
15.2366,212.1539,194.0000,106.0000
13.6387,211.8353,197.0000,107.0000
13.9468,212.4885,193.0000,105.0000
14.0050,215.3074,193.0000,100.0000
12.7005,212.9993,193.0000,104.0000
12.1589,211.0397,193.0000,107.0000
12.4172,209.5039,193.0000,110.0000
15.2774,209.0632,183.0000,111.0000
13.4628,205.4036,185.0000,117.0000
15.8130,204.0196,185.0000,120.0000
15.4387,203.2903,185.0000,121.0000
15.3859,202.1503,185.0000,121.0000
15.0135,201.8835,187.0000,122.0000
13.7875,202.2654,189.0000,122.0000
13.9313,200.6854,189.0000,123.0000
16.1436,201.5524,186.0000,124.0000
14.1713,200.0952,186.0000,125.0000
13.7103,201.2374,188.0000,123.0000
14.1664,201.3981,188.0000,123.0000
16.1369,200.3522,182.0000,124.0000
16.2121,200.4991,182.0000,125.0000
13.4838,198.4427,182.0000,126.0000
17.0925,200.8236,176.0000,124.0000
17.2307,199.1737,178.0000,127.0000
16.3437,200.4261,180.0000,125.0000
17.8786,200.7551,177.0000,125.0000
17.6931,200.5569,177.0000,125.0000
14.2478,200.7299,182.0000,125.0000
18.3480,201.1584,174.0000,126.0000
22.9695,199.2683,167.0000,131.0000
25.9257,197.6250,161.0000,133.0000
25.2937,197.2317,161.0000,133.0000
24.6328,196.9953,158.0000,133.0000
25.7241,199.1341,155.0000,130.0000
23.3675,196.4969,162.0000,134.0000
28.8113,197.7829,156.0000,134.0000
27.6608,198.3635,158.0000,131.0000
31.2516,201.7715,153.0000,128.0000
30.0321,199.7511,155.0000,132.0000
29.2626,197.8208,152.0000,134.0000
29.4221,197.9356,156.0000,134.0000
27.5347,195.8626,153.0000,134.0000
29.3586,196.6281,155.0000,134.0000
28.6827,195.7324,155.0000,136.0000
31.2491,196.8040,152.0000,133.0000
30.0070,196.9816,154.0000,133.0000
29.3518,197.8188,154.0000,133.0000
26.5946,196.6469,154.0000,133.0000
29.5048,195.2213,151.0000,135.0000
41.4065,208.4146,141.0000,120.0000
38.4544,212.6998,141.0000,112.0000
36.9133,214.1252,138.0000,106.0000
41.2877,220.0013,133.0000,99.0000
44.2607,220.2334,128.0000,102.0000
49.9642,221.4996,120.0000,102.0000
50.7400,222.0915,120.0000,102.0000
51.3266,224.1137,118.0000,98.0000
51.0642,223.9847,119.0000,99.0000
56.4503,221.9435,115.0000,97.0000
54.2759,226.8625,111.0000,95.0000
54.0611,225.4527,109.0000,95.0000
54.6171,225.9302,107.0000,95.0000
57.9125,225.9983,103.0000,97.0000
56.8833,225.4604,103.0000,98.0000
60.6866,220.3012,98.0000,108.0000
62.3719,216.0487,96.0000,113.0000
65.1703,217.1773,94.0000,109.0000
68.4648,216.4442,89.0000,110.0000
70.9754,215.2940,87.0000,110.0000
72.7692,214.8301,88.0000,108.0000
74.0784,214.4143,92.0000,111.0000
72.7321,213.9950,96.0000,111.0000
65.3493,212.9688,109.0000,114.0000
62.0141,211.6182,117.0000,114.0000
58.0518,210.4429,127.0000,114.0000
55.6887,213.4011,134.0000,112.0000
55.2226,215.3415,136.0000,110.0000
55.8662,216.8687,138.0000,106.0000
55.0840,218.5106,140.0000,106.0000
57.3561,217.3773,137.0000,107.0000
57.5263,217.8978,141.0000,101.0000
52.9243,218.3231,149.0000,102.0000
56.6437,220.0369,151.0000,98.0000
56.0991,218.1181,158.0000,101.0000
56.1618,218.2623,160.0000,101.0000
58.7102,220.2149,160.0000,99.0000
57.7713,219.2161,162.0000,102.0000
59.0809,219.0806,162.0000,103.0000
60.7459,218.4652,164.0000,104.0000
60.6966,218.2952,166.0000,104.0000
57.9747,218.5506,173.0000,107.0000
57.8069,218.4125,175.0000,107.0000
56.2855,218.6765,180.0000,107.0000
58.9054,218.9658,180.0000,107.0000
58.6554,219.5191,182.0000,107.0000
62.4817,222.6094,182.0000,103.0000
64.0208,222.5179,182.0000,104.0000
66.0734,224.2193,179.0000,102.0000
67.2863,224.3916,181.0000,103.0000
69.6185,226.5751,178.0000,99.0000
73.8948,228.6573,178.0000,97.0000
73.2524,228.8559,180.0000,98.0000
75.3517,229.1472,177.0000,98.0000
75.0204,229.5353,179.0000,98.0000
75.2065,229.1019,179.0000,98.0000
79.0196,228.7431,176.0000,99.0000
74.7587,229.1580,181.0000,99.0000
74.8261,228.0633,181.0000,100.0000
75.3918,227.5419,181.0000,100.0000
74.7527,226.8838,181.0000,101.0000
73.3448,228.8347,183.0000,99.0000
71.6201,228.6943,188.0000,99.0000
75.5820,230.8087,179.0000,97.0000
73.5109,230.0388,187.0000,100.0000
69.1624,229.6956,189.0000,100.0000
69.0176,231.9811,186.0000,100.0000
65.5455,229.2346,186.0000,101.0000
64.8543,232.6148,194.0000,99.0000
67.7371,231.8313,184.0000,99.0000
67.7662,231.9349,189.0000,100.0000
70.0134,229.2918,183.0000,103.0000
72.4267,230.6998,185.0000,104.0000
70.4225,230.1341,182.0000,102.0000
71.9790,232.0311,187.0000,102.0000
70.0384,232.9108,189.0000,100.0000
75.3175,233.1436,189.0000,103.0000
76.3946,235.6248,191.0000,98.0000
77.2869,236.3085,193.0000,96.0000
73.8471,234.3394,196.0000,99.0000
73.8409,233.0291,199.0000,99.0000
70.5028,235.9197,211.0000,100.0000
69.7096,234.8399,207.0000,101.0000
69.1888,234.8231,216.0000,101.0000
72.8449,236.0310,209.0000,102.0000
59.7491,226.6183,212.0000,106.0000
55.3052,225.1736,215.0000,104.0000
49.7568,223.2319,215.0000,105.0000
50.4893,226.7100,218.0000,100.0000
48.3576,227.3899,221.0000,100.0000
46.9026,229.0171,224.0000,98.0000
50.8710,236.7955,227.0000,93.0000
52.5327,239.7299,227.0000,95.0000
49.3803,240.1340,219.0000,92.0000
49.7508,241.2855,219.0000,92.0000
46.2430,242.5562,222.0000,92.0000
59.6466,244.3603,211.0000,92.0000
53.4163,242.8929,217.0000,93.0000
54.0717,242.7362,217.0000,93.0000
53.6472,243.3097,217.0000,93.0000
54.8771,242.9666,217.0000,93.0000
61.0021,244.5514,210.0000,91.0000
60.8744,241.2379,210.0000,92.0000
58.7967,245.0688,210.0000,90.0000
61.9652,240.6287,210.0000,91.0000
56.0876,241.5959,213.0000,91.0000
58.3183,237.8261,209.0000,91.0000
64.8905,235.7826,202.0000,93.0000
69.8876,236.7976,198.0000,91.0000
69.0141,235.5749,201.0000,92.0000
68.0925,234.4186,201.0000,93.0000
72.0424,232.4375,201.0000,91.0000
64.4831,229.8807,213.0000,93.0000
56.2309,229.1883,224.0000,94.0000
43.1009,227.4206,255.0000,94.0000
32.0218,224.8738,270.0000,94.0000
21.6279,223.9740,282.0000,91.0000
22.8221,223.5415,282.0000,89.0000
19.3778,221.8015,290.0000,90.0000
17.5880,219.9674,283.0000,91.0000
25.0024,219.3362,291.0000,93.0000
32.6972,216.8622,284.0000,94.0000
39.1821,218.4257,275.0000,94.0000
47.6711,218.8453,262.0000,92.0000
46.1652,219.1191,266.0000,93.0000
50.2356,217.1629,255.0000,93.0000
59.3194,218.4293,233.0000,94.0000
63.7740,218.5345,222.0000,96.0000
72.7576,218.6158,209.0000,96.0000
79.5557,219.2103,199.0000,97.0000
86.7230,219.9413,189.0000,98.0000
97.4830,220.8018,183.0000,96.0000
103.3210,220.0989,183.0000,97.0000
102.5622,218.7162,183.0000,97.0000
108.9303,219.2598,183.0000,95.0000
108.4841,217.6142,183.0000,95.0000
118.9388,212.1974,183.0000,95.0000
119.0958,209.7785,183.0000,96.0000
119.7731,208.1136,183.0000,96.0000
120.8542,208.3925,185.0000,94.0000
122.5263,209.6907,187.0000,92.0000
126.8367,209.1697,189.0000,92.0000
129.2207,208.9006,189.0000,92.0000
133.3257,209.0726,194.0000,92.0000
134.3461,210.3578,190.0000,89.0000
143.4403,210.0496,187.0000,87.0000
130.1730,211.2804,227.0000,88.0000
122.7902,213.3716,251.0000,81.0000
119.8001,214.0494,268.0000,79.0000
120.1613,213.6716,276.0000,77.0000
120.5574,213.1752,288.0000,79.0000
115.2776,211.9809,297.0000,79.0000
123.8772,212.1264,287.0000,79.0000
118.2045,206.4852,287.0000,80.0000
123.5577,205.1727,287.0000,81.0000
125.5592,204.6870,287.0000,82.0000
133.2793,209.0573,282.0000,84.0000
130.7582,206.9268,282.0000,85.0000
132.3670,204.9870,277.0000,83.0000
136.3284,203.4595,277.0000,85.0000
149.4846,201.7954,268.0000,87.0000
165.4534,204.1548,257.0000,85.0000
182.8290,205.5975,244.0000,83.0000
228.2522,212.0682,232.0000,84.0000
250.0663,215.9591,235.0000,84.0000
229.3448,211.9982,238.0000,82.0000
228.3906,211.6158,238.0000,84.0000
224.6110,211.3995,238.0000,86.0000
230.0461,212.2493,238.0000,83.0000
227.4420,213.0483,234.0000,86.0000
221.3169,214.5941,237.0000,84.0000
257.6075,217.3575,237.0000,85.0000
216.7464,214.1823,240.0000,87.0000
227.4644,215.1186,232.0000,84.0000
223.9018,212.9421,235.0000,89.0000
261.6912,218.4140,231.0000,87.0000
225.3030,212.8240,240.0000,91.0000
224.1536,210.5927,251.0000,91.0000
225.6888,215.9944,247.0000,86.0000
222.8334,213.5359,247.0000,90.0000
224.6390,213.6330,243.0000,90.0000
227.0172,213.5271,243.0000,91.0000
230.9025,213.3346,239.0000,92.0000
234.1856,213.2116,235.0000,90.0000
264.1785,217.2951,238.0000,91.0000
266.4165,218.1188,234.0000,89.0000
268.2446,217.4184,234.0000,89.0000
262.5691,218.4667,237.0000,87.0000
264.4603,216.6247,237.0000,91.0000
234.4140,216.8486,237.0000,86.0000
235.3440,215.4925,237.0000,86.0000
269.1722,217.1461,237.0000,90.0000
264.4603,216.5243,240.0000,90.0000
265.9409,217.6092,240.0000,87.0000
273.5561,216.2557,228.0000,91.0000
265.2528,215.6968,235.0000,91.0000
270.2934,216.0549,231.0000,92.0000
270.0590,216.4376,231.0000,92.0000
273.2906,217.1316,227.0000,90.0000
271.9432,216.3213,227.0000,91.0000
272.9641,215.0217,227.0000,93.0000
268.4525,211.8976,237.0000,98.0000
267.7790,208.5454,240.0000,99.0000
266.2496,210.7822,247.0000,95.0000
271.0976,211.1766,243.0000,92.0000
264.2513,211.2970,246.0000,94.0000
273.4243,207.5342,234.0000,95.0000
272.8641,209.1051,234.0000,96.0000
267.4414,206.9768,234.0000,96.0000
276.2207,206.5116,234.0000,100.0000
270.5365,211.9727,234.0000,93.0000
260.6059,201.6509,234.0000,98.0000
267.8883,207.2251,230.0000,99.0000
265.2128,204.1362,233.0000,99.0000
274.9970,204.1596,236.0000,103.0000
268.6872,208.3078,239.0000,99.0000
261.1005,203.1483,231.0000,97.0000
257.2938,204.4196,227.0000,103.0000
271.4059,207.0434,227.0000,103.0000
277.7940,201.4713,219.0000,101.0000
275.0132,205.9576,222.0000,104.0000
265.4224,200.9192,225.0000,105.0000
283.1022,199.4572,217.0000,105.0000
273.9983,206.7042,220.0000,103.0000
281.2010,198.8187,226.0000,104.0000
282.9402,205.0403,218.0000,100.0000
257.2335,201.2533,228.0000,106.0000
263.2451,203.9244,217.0000,104.0000
258.5884,202.7142,223.0000,105.0000
260.9957,201.4006,223.0000,108.0000
258.5020,201.4287,226.0000,109.0000
275.3484,198.9076,222.0000,109.0000
252.1644,197.3800,230.0000,115.0000
258.0796,195.1763,230.0000,111.0000
263.2573,191.3962,226.0000,112.0000
261.5713,191.8012,233.0000,113.0000
260.7200,191.5383,229.0000,113.0000
247.9428,200.5426,236.0000,107.0000
234.3889,193.9121,243.0000,110.0000
235.3810,195.6434,246.0000,106.0000
224.4358,191.4704,255.0000,109.0000
222.6322,189.9976,262.0000,112.0000
226.4151,192.8497,253.0000,108.0000
230.1312,197.4213,249.0000,106.0000
228.4806,189.7891,256.0000,109.0000
234.8782,186.6485,248.0000,109.0000
238.0025,195.2615,248.0000,109.0000
243.9514,198.4750,240.0000,100.0000
239.9984,197.1168,247.0000,101.0000
236.6718,194.9504,250.0000,102.0000
240.9721,192.1788,246.0000,108.0000
238.5272,196.9731,249.0000,101.0000
240.9709,187.4886,241.0000,119.0000
246.0435,186.1961,233.0000,120.0000
247.3762,183.9683,225.0000,123.0000
253.4069,184.5332,221.0000,126.0000
292.0347,167.3535,217.0000,129.0000
233.7159,193.8764,217.0000,129.0000
257.2174,184.6646,213.0000,126.0000
294.0424,166.5567,216.0000,131.0000
259.9943,186.8205,216.0000,128.0000
240.9640,192.7396,212.0000,132.0000
268.4691,185.2760,205.0000,129.0000
274.1773,190.6424,195.0000,124.0000
272.8411,184.7785,201.0000,133.0000
272.5205,187.7636,201.0000,130.0000
270.3289,185.8498,204.0000,134.0000
272.7214,185.8205,204.0000,134.0000
272.8680,186.2920,204.0000,134.0000
271.8114,188.0272,204.0000,131.0000
273.0968,186.2924,204.0000,133.0000
271.8284,185.8205,204.0000,133.0000
277.3278,185.1923,197.0000,133.0000
282.6970,185.5191,197.0000,130.0000
282.0215,183.8144,200.0000,132.0000
286.9784,179.8536,203.0000,134.0000
303.1238,174.7979,199.0000,129.0000
281.9088,185.1744,202.0000,131.0000
302.5876,176.3829,198.0000,131.0000
279.7118,188.7488,201.0000,124.0000
301.6680,177.7603,201.0000,129.0000
281.7841,187.9519,201.0000,126.0000
300.6437,179.3084,201.0000,127.0000
276.6805,189.4820,201.0000,125.0000
290.3526,185.7151,204.0000,126.0000
304.4936,178.9141,197.0000,124.0000
300.7377,181.2045,197.0000,129.0000
274.5940,187.5070,203.0000,126.0000
298.5167,183.0583,199.0000,126.0000
274.8300,187.0380,202.0000,127.0000
301.6229,181.3175,198.0000,127.0000
280.8341,189.2943,194.0000,123.0000
301.2958,184.9694,197.0000,124.0000
300.5746,182.9083,197.0000,125.0000
279.7017,188.5570,197.0000,128.0000
302.3826,183.3464,197.0000,126.0000
300.6953,182.5774,193.0000,126.0000
278.9729,190.2034,196.0000,126.0000
283.8368,187.4538,199.0000,129.0000
302.0147,178.6309,199.0000,131.0000
278.0179,189.7559,199.0000,126.0000
302.0185,183.7237,195.0000,126.0000
300.0276,183.0393,198.0000,124.0000
279.9283,188.7869,194.0000,129.0000
301.8697,182.5632,200.0000,129.0000
299.4984,180.8475,196.0000,129.0000
304.0864,183.2623,192.0000,124.0000
281.1695,189.9822,195.0000,127.0000
306.6770,184.3952,191.0000,125.0000
302.3942,184.9694,193.0000,121.0000
288.3195,191.9214,189.0000,119.0000
303.9934,180.1460,200.0000,130.0000
283.5065,191.4538,193.0000,121.0000
304.0809,186.2249,196.0000,121.0000
281.1622,190.3486,192.0000,122.0000
284.3810,192.4732,189.0000,122.0000
287.9483,191.5548,194.0000,122.0000
303.5988,182.6304,197.0000,125.0000
280.3178,192.3894,190.0000,123.0000
305.2084,184.8492,192.0000,124.0000
285.0224,190.5849,189.0000,124.0000
304.5595,183.2263,197.0000,127.0000
285.2401,189.6535,190.0000,125.0000
304.8888,183.4599,195.0000,126.0000
306.3575,182.4454,188.0000,124.0000
289.3571,192.2086,188.0000,122.0000
305.3254,184.7892,193.0000,125.0000
282.4032,192.3388,189.0000,121.0000
300.1729,190.5291,194.0000,121.0000
289.8949,191.9674,190.0000,122.0000
304.8137,177.7956,198.0000,137.0000
302.8422,178.0364,198.0000,134.0000
301.9906,183.2456,204.0000,123.0000
282.3668,191.8489,207.0000,119.0000
299.7222,185.5052,210.0000,120.0000
280.2671,195.5505,210.0000,114.0000
294.0164,189.5367,216.0000,115.0000
284.6995,198.4771,212.0000,111.0000
298.5854,189.1059,215.0000,116.0000
297.6615,194.2695,211.0000,108.0000
287.2238,197.8318,214.0000,113.0000
299.7400,191.6910,214.0000,116.0000
292.8119,199.3105,203.0000,110.0000
303.5272,196.9181,209.0000,111.0000
300.2266,198.9800,209.0000,107.0000
299.3029,197.9324,212.0000,110.0000
303.4244,196.1465,215.0000,110.0000
287.5894,210.0316,218.0000,92.0000
299.3247,209.1785,224.0000,94.0000
292.3956,211.1615,227.0000,92.0000
293.1070,210.7271,230.0000,92.0000
292.0675,211.5429,230.0000,92.0000
292.2577,209.6125,233.0000,93.0000
293.3517,208.3240,233.0000,97.0000
295.7410,211.6094,225.0000,92.0000
296.1223,209.3164,232.0000,97.0000
279.2635,210.6414,228.0000,93.0000
285.0674,204.7007,217.0000,104.0000
285.3579,203.0999,213.0000,100.0000
290.8466,210.4408,209.0000,95.0000
332.3380,209.6532,209.0000,92.0000
331.0193,208.7594,215.0000,93.0000
335.9559,209.1426,208.0000,93.0000
342.8588,210.8311,208.0000,91.0000
341.4592,213.0076,217.0000,92.0000
517.1730,183.8829,223.0000,92.0000
512.2417,193.2420,283.0000,117.0000
490.1566,178.9186,333.0000,151.0000
455.3089,157.6706,392.0000,171.0000
455.3089,157.6706,392.0000,171.0000
445.0839,147.6972,410.0000,184.0000
445.0839,147.6972,410.0000,184.0000
445.0839,147.6972,410.0000,184.0000
445.0839,147.6972,410.0000,184.0000
451.5839,148.7180,397.0000,181.0000
447.8620,146.7837,397.0000,186.0000
455.4384,144.7042,390.0000,188.0000
447.9898,143.7042,399.0000,190.0000
445.7776,142.5127,399.0000,192.0000
449.7838,141.3127,386.0000,192.0000
453.5995,143.0882,386.0000,192.0000
453.6151,144.5882,392.0000,192.0000
447.4901,143.8382,392.0000,189.0000
449.6604,143.3799,379.0000,189.0000
454.7893,144.9218,370.0000,189.0000
453.7107,142.8466,364.0000,194.0000
459.5545,143.7478,358.0000,194.0000
464.6523,145.4687,346.0000,194.0000
473.7677,149.6119,332.0000,197.0000
489.3865,151.6258,308.0000,203.0000
499.5332,154.8625,291.0000,206.0000
509.6101,154.8667,272.0000,212.0000
519.4450,151.9970,259.0000,218.0000
533.2276,151.8944,244.0000,221.0000
540.3632,149.5483,232.0000,227.0000
540.4553,148.8034,232.0000,230.0000
544.9151,150.5299,224.0000,226.0000
543.5720,148.4258,224.0000,236.0000
555.9446,147.6488,217.0000,243.0000
560.5155,147.4392,206.0000,246.0000
563.2320,144.8634,206.0000,253.0000
561.3425,145.6675,209.0000,249.0000
563.1114,147.0989,215.0000,252.0000
574.4940,147.8050,218.0000,255.0000
575.9355,152.8189,226.0000,258.0000
579.2324,156.6628,234.0000,258.0000
576.0835,154.7761,241.0000,262.0000
570.6748,157.3037,252.0000,253.0000
567.2416,161.8447,261.0000,245.0000
562.3900,162.1405,269.0000,237.0000
557.9363,161.0592,277.0000,229.0000
555.9598,164.5757,281.0000,218.0000
549.1054,162.3067,289.0000,221.0000
557.6759,163.4141,289.0000,217.0000
554.8181,159.2278,289.0000,220.0000
554.0173,155.9437,284.0000,223.0000
549.6304,155.7634,292.0000,226.0000
548.9992,163.6175,301.0000,215.0000
538.0134,161.9752,319.0000,215.0000
546.4092,167.6156,319.0000,211.0000
544.5621,166.8068,328.0000,214.0000
542.3761,172.9896,340.0000,207.0000
528.0801,169.1450,355.0000,207.0000
538.2957,180.5311,343.0000,187.0000
521.9911,162.8116,353.0000,210.0000
533.6725,173.3816,344.0000,193.0000
515.4269,159.0657,354.0000,208.0000
516.7840,162.7910,348.0000,201.0000
499.5016,157.2535,358.0000,197.0000
504.1524,164.6884,363.0000,190.0000
499.3167,161.3860,374.0000,195.0000
489.3944,157.9510,385.0000,191.0000
495.0610,159.5813,391.0000,193.0000
488.9516,156.5657,391.0000,193.0000
490.9242,153.1810,384.0000,196.0000
490.8275,160.0398,390.0000,189.0000
490.8275,160.0398,390.0000,189.0000
490.8275,160.0398,390.0000,189.0000
490.8275,160.0398,390.0000,189.0000
490.8275,160.0398,390.0000,189.0000