174.1704
0.0880
0.0830
0.0710
0.0840
0.0850
0.0870
0.0860
0.0850
0.0970
0.0690
0.0720
0.0990
0.1810
0.0900
0.0860
0.1050
0.1110
0.0930
0.0990
0.0930
0.0900
0.0850
0.1000
0.0890
0.0900
0.0890
0.0910
0.0900
0.1040
0.0880
0.1250
0.0910
0.0870
0.1030
0.1040
0.0960
0.0970
0.1800
0.0970
0.0950
0.0970
0.1000
0.0880
0.0960
0.0990
0.0890
0.0980
0.0900
0.0970
0.0930
0.0990
0.0900
0.0980
0.0890
0.0930
0.0890
0.0890
0.0870
0.0900
0.0890
0.0930
0.1150
0.0910
0.1700
0.0960
0.0980
0.0860
0.1060
0.0910
0.0840
0.0910
0.0930
0.0930
0.0910
0.1120
0.0910
0.0910
0.0830
0.0910
0.0930
0.0950
0.0840
0.0890
0.0860
0.0880
0.0890
0.0880
0.0920
0.0920
0.1180
0.1270
0.1030
NaN
NaN
NaN
NaN
174.6063
0.0730
0.0770
0.0760
0.0800
0.0760
0.0700
0.0700
0.0700
0.0760
0.0680
0.1100
0.0980
0.1240
0.1240
0.1020
0.0810
0.0830
0.0980
0.0930
0.0930
0.0880
0.0830
0.1000
0.0920
0.0900
0.0880
0.0840
0.0860
0.0870
0.1090
0.0990
0.0850
0.0960
0.0880
0.0820
0.0910
0.0920
0.1020
0.0870
0.1690
0.0920
0.0830
0.0850
0.0820
0.0870
0.0860
0.0920
0.0940
0.0980
0.0850
0.0970
0.0910
0.0900
0.0880
0.0910
0.0830
0.0880
0.0900
0.0900
0.0850
0.0860
0.0890
0.0870
0.0830
0.0830
0.1440
0.1040
0.0910
0.1590
0.1000
0.0920
0.0870
0.0840
0.0920
0.0890
0.0860
0.0840
0.0840
0.0870
0.0930
0.0890
0.0870
0.0840
0.0920
0.0880
0.0890
0.0820
0.0810
0.0820
0.0860
0.0880
0.2040
0.1370
0.0880
0.1010
0.0930
0.0950
0.0890
0.0860
0.0920
0.0910
0.0820
0.0880
0.0920
0.0950
0.0890
0.0910
0.0930
0.0880
0.0910
0.0890
0.0850
0.0890
0.0930
0.1160
0.1120
0.1920
0.0980
0.1210
0.0920
0.0950
0.1000
0.1010
0.1000
NaN
NaN
NaN
NaN
174.6523
0.0750
0.0840
0.0830
0.0760
0.0770
0.0820
0.0800
0.0690
0.0910
0.0840
0.0790
0.1110
0.1500
0.0890
0.0790
0.0880
0.0880
0.0930
0.0900
0.0890
0.0890
0.0880
0.0890
NaN
NaN
NaN
NaN
174.6503
0.0680
0.0840
0.0830
0.0750
0.0870
0.0820
0.0840
0.0790
0.0930
0.0850
0.0850
0.0930
0.1240
0.1140
0.0900
0.0860
0.0780
0.0820
0.0870
0.0820
0.0870
0.0890
0.0870
0.0880
0.0840
0.0890
0.0840
0.0860
0.0810
0.0820
0.0810
0.0840
0.0940
0.0960
0.0790
0.0780
0.0850
0.0860
0.0840
0.0920
0.1270
0.0950
0.0870
0.1090
0.0940
0.0860
0.0930
0.0880
0.0840
0.1020
0.0820
0.0830
0.0840
0.0880
0.0850
0.1040
0.0800
0.1070
0.1140
0.0910
0.0830
0.0850
0.0820
0.0830
0.0940
0.1170
0.1300
0.0880
0.0880
0.0880
0.0830
0.0860
0.0850
0.0810
0.0890
0.0860
0.0860
0.0850
0.0870
0.0830
0.0880
0.0870
0.0840
0.0800
0.0920
0.0900
0.0930
0.0920
0.0920
0.0800
0.0910
0.0830
0.1660
0.0950
0.0850
0.0870
0.1140
0.0890
0.0820
0.0860
0.0850
0.0830
0.0870
0.0820
0.0830
0.0830
0.0900
0.0960
0.1000
0.0880
0.0900
0.0900
0.0900
0.0920
0.0900
0.0780
0.0790
0.0770
0.0990
0.2420
0.0840
0.0870
0.1630
0.1430
0.1150
0.0970
0.1100
0.0940
0.0870
0.0790
NaN
NaN
NaN
NaN
174.6723
0.0710
0.0690
0.0820
0.0790
0.0910
0.0920
0.0780
0.0730
0.0790
0.0770
0.0810
0.0870
0.1080
0.1000
0.0780
0.1040
0.0920
0.1000
0.0890
0.0930
0.0860
0.0870
0.0920
0.0840
0.0790
0.0860
0.1070
0.0950
0.0900
0.0930
0.0860
0.0900
0.0990
0.0970
0.0900
0.0890
0.0870
0.0940
0.0920
0.1890
0.1010
0.0920
0.0800
0.0860
0.0870
0.0830
0.0840
0.0860
0.0900
0.0800
0.0820
0.0830
0.0840
0.0870
0.1130
0.1010
0.0900
0.0960
0.0890
0.0950
0.0890
0.0900
0.0940
0.0910
0.0950
0.2250
0.0940
0.0960
0.0890
0.0890
0.0860
0.0920
0.0940
0.0910
0.0900
0.0960
0.0860
0.0970
0.0960
0.0940
0.0880
0.0860
0.0920
0.1000
0.0870
0.0850
0.0830
NaN
NaN
NaN
NaN
174.5353
0.0710
0.0930
0.0780
0.0850
0.0840
0.0830
0.0770
0.0870
0.0900
0.0830
0.0840
0.0880
0.1150
0.1060
0.0880
0.0850
0.0950
0.0930
0.0970
0.0850
0.0850
0.0870
0.0860
0.0880
0.0840
0.0860
0.0820
0.0890
0.0820
0.0830
0.0880
0.0880
0.1280
0.1120
0.1150
0.0880
0.0960
0.1160
0.1220
0.1050
0.0970
0.0900
0.0900
0.0960
0.0890
0.0930
0.0950
0.0980
0.1010
0.0910
0.0990
0.0920
0.0880
0.0930
0.0940
0.1010
0.0910
0.0900
0.0880
0.0960
0.0940
0.0970
0.1070
0.1410
0.0920
0.0910
0.0900
0.0830
0.0860
0.0850
0.0860
0.0850
0.0820
0.0820
0.1130
0.1010
0.0940
0.0870
0.0850
0.0870
0.0840
0.0920
0.0840
0.0820
0.0780
0.0840
0.0820
0.1060
0.0980
0.1890
0.0860
0.1050
0.0970
0.0900
0.0890
0.0930
0.0870
0.0900
0.0840
0.0890
0.0980
0.0960
0.0890
0.0930
0.0910
0.0930
0.1040
0.0910
0.0880
0.0890
0.1010
0.0950
0.1000
0.1010
0.2300
0.0900
0.0890
0.0910
0.1000
0.1110
0.0940
0.0960
0.0930
0.0960
0.0970
0.0980
0.1040
0.1010
0.1070
0.1000
0.0930
0.0930
0.0880
0.0940
0.0900
0.0970
0.0940
0.0950
0.2440
0.1010
0.1060
0.1000
0.0910
0.0880
0.0850
0.0920
0.0950
0.1030
0.0890
0.0920
0.0980
0.0890
0.0940
0.0900
0.0880
0.0980
0.0900
0.0860
0.0870
0.0860
0.0970
0.0920
0.0880
0.1120
0.1340
0.1010
0.0950
0.0980
0.0900
0.0850
0.0920
0.0920
0.0920
0.0900
0.0930
0.0830
0.0860
0.0840
0.0830
0.0820
0.0860
0.0840
0.0870
0.0860
0.0820
0.0820
0.0900
0.1410
0.0980
0.0930
0.0960
0.2120
0.0900
0.0980
0.0940
0.0940
0.0940
0.0940
0.1050
0.1020
0.0870
0.0890
0.0900
0.0950
0.0980
0.0970
0.0880
0.0850
0.0990
0.0920
0.0880
0.1040
0.0920
0.1080
0.0880
0.0880
0.2100
0.1040
0.0900
0.0960
0.0880
0.0940
0.0900
0.1020
0.0870
0.0920
0.0900
0.0880
0.0970
0.0930
0.0870
0.0920
0.0930
0.0940
0.1040
0.0920
0.0900
0.0910
0.0900
0.0940
0.0840
0.0880
0.1480
0.0870
0.1070
0.0870
0.0920
0.0890
0.0900
0.1360
0.1190
0.1130
0.1120
0.0950
0.1330
0.0880
0.0930
0.1060
0.0940
0.1080
0.0950
0.0950
0.0970
0.0940
0.1050
0.0950
0.1930
0.0940
0.0940
0.0920
0.0890
0.1170
0.0870
0.0930
0.0900
0.0950
0.0990
0.2440
0.0840
0.0870
0.0850
0.1220
0.0980
0.1000
0.1040
0.0950
0.0930
0.1020
0.1020
0.1140
0.1120
0.1060
0.1430
0.0890
0.0860
0.0830
0.1360
0.1030
0.0860
0.1530
0.0840
0.0870
0.0890
0.0940
0.0920
0.0920
0.0950
0.0990
0.0930
0.0920
0.0920
0.0910
0.0870
0.0940
0.1030
0.1040
0.1000
0.1000
0.1970
0.0890
0.0900
0.1110
0.1100
0.0980
0.0910
0.0870
0.0940
0.0840
0.0970
0.0890
0.0870
0.0920
0.0860
0.0940
0.1530
0.1040
0.1050
0.0930
0.1000
0.0990
0.1000
0.0900
0.0880
0.0960
0.1000
0.0950
0.0910
0.0930
0.0940
0.0960
0.1010
0.0980
0.0860
0.0900
0.1020
0.1080
0.1050
0.1040
0.1000
0.1640
0.1100
0.1010
0.0960
0.0960
0.0950
0.0900
0.0950
0.0900
0.0880
0.0910
0.0950
0.0910
0.0970
0.0910
0.0920
0.0920
0.0940
0.0920
0.0940
0.0980
0.0810
0.0840
0.0850
0.1030
0.0850
0.0810
0.0900
0.0890
0.0910
0.0960
0.0970
0.1210
0.1510
0.1330
0.0970
0.1010
0.0950
0.1080
0.0970
0.0940
0.1050
0.1040
0.0910
0.0920
0.0900
0.0980
0.1060
0.1010
0.1080
0.0940
0.2270
0.1240
0.1030
0.1260
0.0950
0.0960
0.0910
0.0930
0.0950
0.0860
0.1060
0.0980
0.0910
0.0980
0.0990
0.0960
0.1010
0.1100
0.0920
0.0980
0.1130
0.0970
0.0950
0.0950
0.2460
0.0980
0.0910
0.0860
0.0920
0.0940
0.0960
0.0890
0.0880
0.0840
0.0910
0.1100
0.1220
0.1350
0.1020
0.1060
0.1020
0.1000
0.1140
0.0870
0.0930
0.1270
0.0880
0.1500
0.1100
0.1040
0.1080
0.0960
0.1000
0.1150
0.1160
0.0890
0.1050
0.0930
0.0900
0.0980
0.0970
0.0920
0.0860
0.0880
0.0930
0.0980
0.0940
0.0950
0.1050
0.0860
0.0970
0.0950
0.0910
0.1280
0.1130
0.0900
0.0880
0.0980
0.0990
0.0930
0.0890
0.0930
0.0840
0.0890
0.0940
0.3410
0.1110
0.0950
0.0850
0.0830
0.0890
0.0940
0.0840
0.1420
0.1050
0.0880
0.1760
0.1150
0.1080
0.0980
0.1150
0.0970
0.1230
0.0910
0.0880
0.0920
0.0980