174.6814
0.0950
0.0980
0.0910
0.0950
0.1120
0.1060
0.1050
0.1040
0.1030
0.1120
0.1300
0.1160
0.1040
0.1110
0.1120
0.1130
0.1100
0.1110
0.1140
0.1090
0.1110
0.1070
0.1110
0.1170
0.1080
0.1100
0.1100
0.1020
0.1030
0.1010
0.0990
0.1060
0.1370
0.1520
0.1020
0.1250
0.1090
0.1040
0.1080
NaN
NaN
NaN
NaN
174.6364
0.0890
0.1040
0.0990
0.0950
0.0990
0.0970
0.1040
0.1000
0.1090
0.0990
0.1320
0.1400
0.1070
0.1040
0.1090
0.1120
0.1070
0.1070
0.1020
0.1020
0.1120
0.1210
0.1080
0.1100
0.1140
0.1090
0.1150
0.1040
0.1000
0.1040
0.1070
0.1190
0.2610
0.1300
0.1190
0.1090
0.1180
0.1100
0.1070
0.1160
0.1090
0.1130
0.1140
0.1080
0.1080
0.1070
0.1230
0.1160
0.1140
0.1080
0.1160
0.1120
0.1170
0.1350
0.1780
0.1110
0.1220
0.1130
0.1080
0.1110
0.1120
0.1170
0.1130
0.1110
NaN
NaN
NaN
NaN
174.6024
0.0940
0.1010
0.1190
0.1010
0.0970
0.0960
0.0930
0.0870
0.1020
0.1030
0.1540
0.1190
0.1080
0.1350
0.1160
0.1060
0.1010
0.1060
0.1090
0.1030
0.1060
0.1110
0.1160
0.1070
0.1020
0.1010
0.1240
0.1410
0.1120
0.1050
0.1100
0.1050
0.1900
0.1080
0.1170
0.1230
0.1120
0.1100
0.1090
0.1030
0.1230
0.1120
0.1040
0.1110
0.1130
0.1130
0.1130
0.1080
0.1100
0.1260
0.1150
0.1210
0.1150
0.1390
0.1590
0.1110
0.1070
0.1140
0.1180
0.1160
0.1120
0.1180
0.1190
0.1090
0.1110
0.1270
0.1240
0.1200
0.1200
0.1130
0.1160
0.1270
0.1160
0.1160
0.1330
0.1390
0.1240
0.1180
0.1270
0.1150
0.1130
0.1130
0.1130
0.1200
0.1160
0.1130
0.1100
0.1140
0.1150
0.1180
0.1110
0.1090
0.1110
0.1090
0.1210
0.2240
0.1520
0.1180
0.1230
0.1130
0.1220
0.1150
0.1230
0.1250
0.1160
0.1210
0.1200
0.1260
0.1180
0.1240
0.1200
0.1220
0.1280
0.1370
0.1160
0.2340
0.1240
0.1180
0.1280
0.1250
0.1390
0.1170
0.1180
0.1170
0.2370
0.1170
0.1120
0.1130
0.1160
0.1100
0.1130
0.1260
0.1210
0.1130
0.1670
0.1380
0.1180
0.1230
0.2240
0.1100
0.1060
0.1140
0.1050
0.1130
0.1290
0.1090
0.1120
0.2850
0.1150
0.1230
0.1130
0.1460
0.1310
0.1880
0.1200
0.1340
0.1200
0.1140
0.1210
0.1180
0.1190
0.1100
0.1260
0.1200
0.1070
0.1190
0.1240
0.1100
0.1180
0.1130
0.1140
NaN
NaN
NaN
NaN
174.5974
0.0970
0.0910
0.0970
0.0960
0.1130
0.0860
0.1010
0.1020
0.1030
0.1010
0.1540
0.1230
0.1170
0.1070
0.1090
0.1120
0.1100
0.1030
0.1030
0.1130
0.1130
0.1120
0.1100
0.1090
0.1090
0.1090
0.1050
0.1040
0.0980
0.1120
0.1080
0.1090
0.1240
0.1440
NaN
NaN
NaN
NaN
174.6194
0.0950
0.0940
0.0910
0.0910
0.1080
0.0960
0.0990
0.1200
0.0970
0.1000
0.1490
0.1260
0.1050
0.1040
0.1040
0.1090
0.1100
0.1070
0.1110
0.1080
0.1140
0.1060
0.1060
0.1060
0.1080
0.1060
0.1030
0.0990
0.0980
0.1110
0.1060
0.1020
0.1050
0.1700
0.1160
0.1220
0.1070
0.1100
0.1080
0.1020
0.0980
0.0970
0.1040
0.1110
0.1050
0.1010
0.1010
0.1050
0.1050
0.0990
NaN
NaN
NaN
NaN
174.6634
0.0990
0.0920
0.0930
0.0900
0.0930
0.0860
0.1000
0.1100
0.0970
0.0850
0.2210
0.1350
0.1060
0.1080
0.1040
0.1010
0.1020
0.1060
0.1010
0.1070
0.1100
0.1080
0.1070
0.1090
0.1100
0.1170
0.1070
0.1040
0.1100
0.1190
0.1070
0.1100
0.2470
0.1130
0.1120
0.1100
0.1160
NaN
NaN
NaN
NaN
174.5694
0.0920
0.0930
0.0880
0.0880
0.0950
0.0990
0.0940
NaN
NaN
NaN
NaN
180.1402
0.5760
1.3470
0.6460
0.8880
0.8520
0.9060
0.6880
0.7370
2.0470
0.8220
1.0300
1.7510
0.4570
1.2010
1.0430
0.4490
0.8010
0.6510
0.4500
0.5210
0.5730
0.7520
0.6970
0.5400
0.6850
0.4940
0.7420
0.7780
0.7910
0.7170
1.6770
3.2490
1.8430
2.2390
1.8310
1.9830
1.7140
2.1520
NaN
NaN
NaN
NaN
197.8342
0.1840
0.2270
0.1370
0.6200
0.7970
0.9860
0.3360
0.2650
0.1880
0.1680
0.2140
0.8430
1.2900
0.5550
0.1500
0.6620
0.8750
1.4645
0.8170
0.8590
1.8950
1.3890
0.2630
0.1630
0.2720
0.3960
0.3400
0.1830
0.5950
0.9910
0.3980
0.2230
0.2820
0.3200
0.2720
0.2530
0.1660
0.2170
0.1970
0.2190
0.2270
0.2360
0.1980
0.4210
0.1460
0.1790
0.6830
0.3660
0.1910
0.3220
0.2510
0.4660
0.2880
0.1530
0.2350
0.2350
0.5170
0.2300
0.1950
0.1480
0.1630
0.2240
0.2580
0.1470
0.2170
0.1450
0.1610
0.4050
0.1570
0.1880
0.3260
0.3830
0.1530
0.1670
0.2480
0.2400
0.4020