390.6672
0.0576
0.0794
0.0558
0.0605
0.0580
0.0600
0.0672
0.0501
0.0791
0.0480
0.0678
0.0753
0.0739
0.0521
0.0597
0.0394
0.0591
0.0707
0.0441
0.0787
0.0491
0.0589
0.0564
0.0574
0.0694
0.0633
0.0642
0.0664
0.0602
0.0508
0.0528
0.0557
0.0627
0.0485
0.0597
0.0557
0.0430
0.0737
0.0571
0.0544
0.0601
0.0541
0.0517
0.0550
0.0537
0.0612
0.0595
0.0560
0.0523
0.0741
0.0597
0.0638
0.0752
0.0527
0.0554
0.0657
0.0712
0.0604
0.0501
0.0587
0.0626
0.0643
0.0736
0.0530
0.0604
0.0627
0.0551
0.0742
0.0732
0.0511
0.0577
0.0555
0.0633
0.0499
0.0581
0.0687
0.0620
0.0580
0.0531
0.0598
0.0560
0.0550
0.0640
0.0578
0.0517
0.0684
0.0583
0.0592
0.0600
0.0592
0.0605
0.0495
0.0637
0.0681
0.0551
0.0550
0.0600
0.0672
0.0637
0.0426
0.0747
0.0538
0.0587
0.0501
0.0572
0.0469
0.0674
0.0491
0.0564
0.0643
0.0740
0.0552