1
2
0
0
0
0
1
297.7954,489.7861,16.9891,44.0528
297.7954,489.7861,16.9891,44.0528
2
0
0
0
0
1
344.8844,424.9337,17.5512,40.7126
2
0
0
0
0
1
375.1112,388.0378,13.9825,42.3245
375.1112,388.0378,13.9825,42.3245
2
0
0
0
0
1
369.9518,286.6593,20.9215,38.9713
369.9518,286.6593,20.9215,38.9713
2
0
0
0
0
1
454.2053,293.5300,20.5844,46.1550
454.2053,293.5300,20.5844,46.1550
454.2053,293.5300,20.5844,46.1550
2
0
0
0
0
1
291.8267,292.5927,23.7916,56.0296
291.8267,292.5927,23.7916,56.0296
2
0
0
0
0
1
324.0005,315.7619,24.2041,47.9413
324.0005,315.7619,24.2041,47.9413
324.0005,315.7619,24.2041,47.9413
324.0005,315.7619,24.2041,47.9413
324.0005,315.7619,24.2041,47.9413
2
0
0
0
0
1
291.5554,338.8724,20.6392,62.6602
291.5554,338.8724,20.6392,62.6602
291.5554,338.8724,20.6392,62.6602
291.5554,338.8724,20.6392,62.6602
291.5554,338.8724,20.6392,62.6602
291.5554,338.8724,20.6392,62.6602
291.5554,338.8724,20.6392,62.6602
2
0
0
0
0
1
307.2659,338.0397,17.2133,64.8957
307.2659,338.0397,17.2133,64.8957
307.2659,338.0397,17.2133,64.8957
2
0
0
0
0
1
374.7858,331.1873,25.7583,74.1555
2
0
0
0
0
1
437.6681,313.1975,24.3438,58.5950
2
0
0
0
0
1
516.7332,283.4182,22.9336,64.1335
2
0
0
0
0
1
593.1882,211.3931,21.3936,64.4439
593.1882,211.3931,21.3936,64.4439
593.1882,211.3931,21.3936,64.4439
593.1882,211.3931,21.3936,64.4439
593.1882,211.3931,21.3936,64.4439
2
0
0
0
0
1
460.2095,142.3183,28.3010,37.6783
460.2095,142.3183,28.3010,37.6783
460.2095,142.3183,28.3010,37.6783
2
0
0
0
0
1