174.5836
0.0490
0.0550
0.0540
0.0530
0.0540
0.0550
0.0540
0.0520
0.0650
0.0650
0.0730
0.0630
0.0520
0.0570
0.0510
0.0570
0.0590
0.0680
0.0850
0.0740
0.0650
0.0580
0.0580
0.0580
0.0600
0.0650
0.0620
0.0630
0.0580
0.0590
0.0580
0.0630
0.0570
0.0650
0.0760
0.0590
0.0620
0.0580
0.0600
0.0600
0.0600
0.0650
0.0630
0.0590
0.0660
0.0640
0.0610
0.0650
0.0590
0.0650
0.0600
0.0630
0.0600
0.0630
0.0600
0.0770
0.1190
0.0940
0.0580
0.0810
0.0540
0.0580
0.0620
0.0580
0.0580
0.0570
0.0640
0.0700
0.0810
0.0610
0.0680
0.0630
0.0660
0.0760
0.0650
0.0600
0.0620
0.0620
0.0620
0.0600
0.0670
0.0620
0.0630
0.0590
0.0600
0.0640
0.0610
0.0600
0.0650
0.0620
0.0650
0.0690
0.0870
0.0880
0.0620
0.0630
0.0620
0.0590
0.0630
0.0600
0.0600
0.0670
0.0630
0.0630
0.0600
0.0620
0.0600
0.0610
0.0630
0.0610
0.0640
0.0660
0.0600
0.0650
0.0620
0.0600
0.0660
0.0580
0.0630
0.0630
0.0600
0.0610
0.0610
0.0650
0.0650
0.0630
0.0640
0.0590
0.0630
0.0730
0.1010
0.0750
0.0660
0.0650
0.0630
0.0660
0.0590
0.0560
0.0580
0.0560
0.0570
0.0570
0.0590
0.0570
0.0600
0.0570
0.0610
0.0690
0.0610
0.0640
0.0610
0.1040
0.0910
0.0900
0.0600
0.0640
0.0650
0.0650
0.0630
0.0590
0.0570
0.0670
0.0780
0.0820
0.0640
0.0700
0.1500
0.0700
0.1040
0.0690
0.0660
0.0670
0.0650
0.0670
0.0600
0.0640
0.0620
0.0620
0.0650
0.0670
0.0740
0.0680
0.0620
0.0680
0.0780
0.0810
0.0630
0.0660
0.0690
0.0690
0.0840
0.0720
0.0660
0.0660
0.0730
0.0700
0.0640
NaN
NaN
NaN
NaN
174.4706
0.0530
0.0440
0.0420
0.0390
0.0430
0.0620
0.0650
0.0590
0.0630
0.0510
0.0570
0.0540
0.0580
0.0530
0.0610
0.0590
0.0590
0.0620
0.0830
0.0800
0.0660
0.0590
0.0500
0.0590
0.0610
0.0570
0.0570
0.0600
0.0580
0.0570
0.0580
0.0630
0.0530
0.0570
0.0650
0.0640
0.0630
0.0560
0.0600
0.0560
0.0610
0.0640
0.0580
0.0650
0.0610
0.0570
0.0550
0.0630
0.0600
0.0680
0.0610
0.0610
0.0640
0.0620
0.0700
0.0640
0.0640
0.0660
0.0960
0.0820
0.0600
0.0520
0.0520
0.0470
0.0500
0.0510
0.0550
0.0640
0.0770
0.0700
0.0650
0.0580
0.0620
0.0670
0.0680
0.0720
0.0650
0.0700
0.0610
0.0680
0.0640
0.0700
0.0560
0.0660
0.0600
0.0630
0.0650
0.0580
0.0630
0.0640
0.0660
0.0620
0.0660
0.0610
0.0690
0.0670
0.0640
0.1390
0.0960
0.0770
0.0600
0.0640
0.0610
0.0610
0.0600
0.0650
0.0670
0.0640
0.0640
0.0610
0.0680
0.0650
0.0630
0.0580
0.0580
0.0590
0.0590
0.0540
0.0610
0.0740
0.0670
0.0590
0.0630
0.0620
0.0600
0.0640
0.0720
0.0600
0.0720
0.0600
0.0560
0.0580
0.0570
0.0560
0.0590
0.1920
0.0740
0.0580
0.0530
0.0660
0.0700
0.0720
0.2280
0.0750
0.0590
0.0830
0.0730
0.0630
0.0630
0.0610
0.0570
0.0570
0.0620
0.0600
0.0580
0.0600
0.0640
0.0640
0.0610
0.0640
0.0660
0.0640
0.0640
0.0650
0.0640
0.0600
0.0630
0.0590
0.0640
0.0690
0.1260
0.0820
0.0690
0.0580
0.0670
0.0710
0.0670
0.0680
0.0760
0.0690
0.0660
0.0690
0.0630
0.0670
0.0630
0.0560
0.0570
0.0570
0.0570
0.0580
0.0560
0.0880
0.0940
0.0650
0.0650
0.0670
0.0650
0.0620
0.0660
0.0770
0.0690
0.0660
0.0670
0.0600
0.0710
0.0630
0.1160
0.0870
0.0630
0.0520
0.0550
0.0560
0.0870
0.0730
0.0610
0.0650
0.0600
0.0650
0.0670
0.0660
0.0680
0.0610
0.0650
0.0610
0.0610
0.0720
0.0600
0.0640
0.0640
0.0620
0.0630
0.0630
0.0630
0.0670
0.0660
0.0650
0.0660
0.0580
0.0690
0.0620
0.0800
0.0670
0.0610
0.0740
0.1090
0.0660
0.0660
0.0610
NaN
NaN
NaN
NaN
173.6346
0.0660
0.0580
0.0570
0.0530
0.0550
0.0550
0.0570
NaN
NaN
NaN
NaN
173.8326
0.0480
0.0550
0.0560
0.0580
0.0510
0.0580
0.0590
0.0590
0.0540
0.0550
0.0530
0.0600
0.0590
0.0570
0.0550
0.0540
0.0540
0.0610
0.0880
0.0720
0.0740
0.0580
0.0500
0.0520
0.0510
0.0530
0.0580
0.0590
0.0550
0.0720
0.0570
0.0650
0.0710
0.0860
0.0620
0.0650
0.0650
0.0610
0.0640
0.0630
0.0630
0.0610
0.0610
0.0600
0.0560
0.0610
0.0630
0.0580
0.0560
0.0570
0.0590
0.0550
0.0880
0.0640
0.0570
0.0630
0.0580
0.0660
0.0840
0.1040
0.0660
0.0630
0.0600
0.0580
0.0600
0.0630
0.0620
0.0640
0.0610
0.0710
0.0620
0.0570
0.0630
0.0640
0.0590
0.0680
0.0650
0.0600
0.0640
0.0600
0.0640
0.0600
0.0660
0.0620
0.0640
0.0590
0.0620
0.0600
0.0740
NaN
NaN
NaN
NaN
173.5596
0.0450
0.0550
0.0510
0.0520
0.0500
0.0560
0.0500
0.0690
0.0530
0.0540
0.0510
0.0500
0.0500
0.0540
0.0560
0.0560
0.0580
0.0540
0.0640
0.0840
0.0760
0.0660
0.0610
0.0630
0.0570
0.0550
0.0640
0.0610
0.0590
0.0580
0.0570
0.0540
0.0600
0.0580
0.0590
0.0560
0.0600
0.0590
0.0550
0.0630
0.0570
0.0580
0.0580
0.0620
NaN
NaN
NaN
NaN
173.8986
0.0450
0.0460
0.0490
0.0500
0.0510
0.0480
0.0500
0.0480
0.0470
0.0520
0.0500
0.0460
0.0420
0.0490
0.0500
0.0640
0.0650
0.0620
0.0650
0.1120
0.0970
0.0660
0.0590
0.0570
0.0570
0.0580
0.0560
0.0640
0.0560
0.0590
0.0620
0.0600
0.0610
0.0610
0.0570
0.0570
0.0570
0.0540
0.0550
0.0710
0.0730
0.0540
0.0620
0.0630
0.0590
0.0630
0.0590
0.0620
0.0570
0.0610
0.0610
0.0600
0.0660
0.0600
0.0580
0.0570
0.0600
0.0590
0.0620
0.0750
0.0910
0.0810
0.0610
0.0640
0.0590
0.0620
0.0600
0.0610
0.0630
0.0610
0.0790
0.0620
0.0600
0.0640
0.0640
0.0670
0.0670
0.0650
0.0600
0.0630
0.0630
0.0670
0.0650
0.0670
0.0650
0.0650
0.0620
0.0630
0.0590
0.0690
0.0810
0.0640
0.0630
0.0640
0.0580
0.0590