194.3447
0.0333
0.0282
0.0242
0.0403
0.0353
0.0212
0.0231
0.0293
0.0293
0.0242
0.0232
0.0343
0.0302
0.0334
0.0273
0.0393
0.0304
0.0278
0.0314
0.0338
0.0324
0.0294
0.0334
0.0312
0.0247
0.0303
0.0314
0.0333
0.0333
0.0555
0.0415
0.0313
0.0271
0.0269
0.0332
0.0333
0.0323
0.0353
0.0302
0.0242
0.0260
0.0303
0.0341
0.0383
0.0313
0.0321
0.0323
0.0406
0.0353
0.0301
0.0284
0.0332
0.0393
0.0351
0.0395
0.0312
0.0343
0.0303
0.0455
0.0293
0.0304
0.0332
0.0303
0.0294
0.0333
0.0343
0.0292
0.0303
0.0324
0.0352
0.0343
0.0283
0.0384
0.0353
0.0273
0.0424
0.0323
0.0303
0.0322
0.0343
0.0321
0.0342
0.0302
0.0303
0.0282
0.0383
0.0323
0.0364
0.0242
0.0304
0.0404
0.0283
0.0312
0.0303
0.0303
0.0263
0.0331
0.0303
0.0353
0.0383
0.0282
0.0343
0.0291
0.0262
0.0352
0.0282
0.0262
0.0292
0.0333
0.0343
0.0352
0.0333
0.0263
0.0252
0.0261
0.0251
0.0332
0.0373
0.0294
0.0334
0.0191
0.0303
0.0293
0.0323
0.0393
0.0292
0.0384
0.0343
0.0373
0.0333
0.0352
0.0353
0.0383
0.0343
0.0321
0.0354
0.0333
0.0301
0.0352
0.0312
0.0342
0.0332
0.0310
0.0333
0.0253
0.0323
0.0293
0.0324
0.0303
0.0394
0.0344
0.0281
0.0353
0.0323
0.0363
0.0242
0.0322