193.3551
0.0464
0.0400
0.0464
0.0419
0.0480
0.0505
0.0458
0.0448
0.0463
0.0477
0.0424
0.0505
0.0510
0.0439
0.0468
0.0530
0.0551
0.0410
0.0491
0.0432
0.0440
0.0429
0.0511
0.0470
0.0470
0.0400
0.0437
0.0490
0.0450
0.0404
0.0458
0.0413
0.0508
0.0440
0.0511
0.0541
0.0437
0.0501
0.0417
0.0451
0.0500
0.0451
0.0471
0.0440
0.0501
0.0540
0.0469
0.0446
0.0420
0.0376
0.0390
0.0461
0.0401
0.0447
0.0487
0.0580
0.0431
0.0432
0.0515
0.0464
0.0386
0.0510
0.0440
0.0380
0.0538
0.0487
0.0450
0.0625
0.0410
0.0473
0.0437
0.0550
0.0522
0.0600
0.0431
0.0452
0.0479
0.0389
0.0397
0.0423
0.0585
0.0384
0.0466
0.0480
0.0440
0.0464
0.0377
0.0420
0.0558
0.0470
0.0532
0.0550
0.0510
0.0591
0.0560
0.0490
0.0540
0.0560
0.0480
0.0490
0.0580
0.0570
0.0610
0.0530