1
288.4032,254.0237,42.0000,42.0000
293.8265,264.9463,41.0000,31.0000
291.2146,265.8743,46.0000,30.0000
289.9518,278.3825,48.0000,17.0000
299.4312,271.7793,36.0000,26.0000
297.2816,261.9452,39.0000,39.0000
293.6475,258.2276,39.0000,48.0000
298.6360,257.6380,33.0000,46.0000
300.8803,265.0000,34.0000,40.0000
291.9481,277.7487,37.0000,36.0000
285.8914,269.5492,47.0000,39.0000
293.1437,279.6415,39.0000,35.0000
283.0000,286.8049,21.0000,20.0000
277.8599,302.0914,25.0000,9.0000
270.3797,299.9890,33.0000,14.0000
273.2237,301.8986,34.0000,15.0000
274.0144,300.3864,34.0000,17.0000
272.8052,302.2950,34.0000,15.0000
282.5496,294.3271,31.0000,17.0000
280.4629,286.4605,38.0000,25.0000
281.3378,276.1951,43.0000,33.0000
292.5082,286.0000,38.0000,22.0000
282.4372,275.7728,43.0000,28.0000
272.9075,288.4493,27.0000,17.0000
272.7510,294.2671,16.0000,6.0000
281.3481,292.4026,12.0000,7.0000
284.5401,289.7608,13.0000,8.0000
281.6479,292.8301,21.0000,7.0000
280.2834,289.9326,29.0000,11.0000
277.8223,286.2618,39.0000,17.0000
280.9999,286.4451,44.0000,25.0000
276.9944,285.4305,48.0000,34.0000
285.7769,289.7651,39.0000,29.0000
291.0429,291.4029,31.0000,31.0000
284.7239,287.5376,38.0000,36.0000
289.1543,291.5067,34.0000,34.0000
282.0000,291.3984,45.0000,38.0000
274.4308,287.2427,49.0000,40.0000
276.3950,290.6211,47.0000,33.0000
276.3950,290.6211,47.0000,33.0000
289.0000,287.5296,27.0000,20.0000
298.0000,287.8876,16.0000,9.0000
305.0000,283.9085,4.0000,4.0000
308.9261,285.4540,1.0000,2.0000
308.8891,285.2234,1.0000,2.0000
308.7450,284.5691,1.0000,3.0000
308.5964,283.2091,1.0000,5.0000
308.3907,279.3521,1.0000,8.0000
308.2092,282.8680,1.0000,6.0000
308.0718,282.1722,1.0000,7.0000
307.9867,283.3044,1.0000,7.0000
307.9029,284.4479,1.0000,7.0000
307.7300,280.6511,1.0000,11.0000
307.5588,277.4935,1.0000,14.0000
307.3124,279.5193,1.0000,13.0000
307.2461,280.2244,1.0000,4.0000
307.1629,282.8152,1.0000,2.0000
2
0
0
0
0
1
247.6283,279.7313,49.0000,45.0000
246.9195,286.9270,49.0000,35.0000
241.6731,288.3799,55.0000,32.0000
241.4354,300.2181,42.0000,19.0000
233.9433,295.6026,32.0000,19.0000
239.7878,292.7830,25.0000,19.0000
242.5313,295.0704,16.0000,17.0000
242.6792,294.9284,14.0000,15.0000
241.6981,293.5090,13.0000,16.0000
240.6476,293.6026,12.0000,18.0000
239.7380,292.6246,12.0000,18.0000
237.7115,292.5690,14.0000,16.0000
237.3865,293.3216,15.0000,18.0000
238.1405,292.9284,14.0000,16.0000
241.0622,294.1827,13.0000,18.0000
244.9234,289.8956,7.0000,7.0000
247.3948,295.6084,6.0000,3.0000
246.6605,295.3402,8.0000,4.0000
246.9893,297.1392,10.0000,3.0000
246.3913,296.9076,12.0000,4.0000
250.1204,296.6617,9.0000,5.0000
249.1494,296.1058,10.0000,7.0000
250.1555,296.9514,10.0000,8.0000
247.1411,295.6401,13.0000,11.0000
246.5940,294.1437,13.0000,16.0000
246.4088,292.3897,13.0000,22.0000
245.4992,294.7478,13.0000,18.0000
244.4986,293.6653,14.0000,22.0000
244.4234,292.7009,13.0000,22.0000
243.8524,291.2386,12.0000,25.0000
242.5123,286.3981,13.0000,29.0000
239.9124,281.5083,13.0000,30.0000
239.0339,281.5431,13.0000,31.0000
237.5728,277.5701,14.0000,34.0000
237.5006,277.2240,12.0000,32.0000
234.0929,281.0382,12.0000,29.0000
234.7814,287.1196,11.0000,23.0000
2
0
0
0
0
1
362.0000,346.3333,29.0000,28.0000
354.0000,350.0734,21.0000,16.0000
344.3663,360.6602,30.0000,9.0000
352.0000,363.6326,22.0000,6.0000
352.0000,363.6326,22.0000,6.0000
360.7854,361.9578,14.0000,3.0000
2
0
0
0
0
1
363.9380,330.0000,40.0000,35.0000
371.0000,333.7823,29.0000,35.0000
377.0000,346.3680,21.0000,19.0000
386.9829,346.7266,16.0000,21.0000
383.4880,342.9884,17.0000,20.0000
376.8647,341.7317,18.0000,16.0000
370.4479,338.5125,16.0000,15.0000
368.1104,336.7930,17.0000,16.0000
367.5709,340.0452,15.0000,16.0000
372.0719,341.8320,12.0000,17.0000
368.2366,338.3938,15.0000,17.0000
365.6891,334.8329,15.0000,18.0000
368.2514,338.7872,10.0000,16.0000
369.9605,336.9731,6.0000,19.0000
370.5081,332.6696,6.0000,21.0000
368.1474,327.8729,9.0000,17.0000
363.9436,327.0918,6.0000,20.0000
361.3199,322.1818,6.0000,17.0000
359.4566,330.3280,8.0000,12.0000
356.2246,334.3845,11.0000,10.0000
350.7397,338.5660,5.0000,8.0000
2
0
0
0
0
1
315.4516,316.7456,34.0000,36.0000
315.1794,309.8266,36.0000,41.0000
324.0000,304.9105,23.0000,32.0000
331.0000,296.6912,17.0000,28.0000
327.5100,297.0772,23.0000,39.0000
321.9796,294.8248,33.0000,44.0000
321.7332,298.8695,35.0000,37.0000
322.6335,297.4172,36.0000,39.0000
320.8128,300.3742,37.0000,36.0000
314.7447,294.3744,45.0000,41.0000
308.0000,294.6438,56.0000,45.0000
297.0000,293.5234,68.0000,50.0000
283.0000,293.3767,81.0000,50.0000
266.0000,289.2375,98.0000,52.0000
238.0000,290.9899,107.0000,47.0000
211.0000,280.9085,127.0000,50.0000
2
0
0
0
0
1
324.0363,279.0195,46.0000,35.0000
325.5729,278.7272,51.0000,32.0000
326.3486,278.0703,54.0000,34.0000
325.9125,279.3493,55.0000,34.0000
324.5498,279.5139,53.0000,32.0000
326.4505,278.0749,54.0000,34.0000
326.2195,279.6745,52.0000,30.0000
321.9658,280.8026,60.0000,30.0000
322.5795,278.1551,53.0000,23.0000
327.4720,275.4090,53.0000,31.0000
325.6896,267.2901,50.0000,35.0000
332.2209,257.1072,49.0000,41.0000
333.0982,252.0320,49.0000,41.0000
331.8306,249.3283,53.0000,44.0000
337.1556,248.8542,42.0000,41.0000
340.7828,245.6379,47.0000,45.0000
342.4854,244.3479,44.0000,44.0000
344.5760,243.4757,44.0000,44.0000
347.6304,244.5293,47.0000,46.0000
345.6592,244.9130,48.0000,45.0000
352.8680,243.4501,44.0000,47.0000
346.0000,246.8676,32.0000,31.0000
348.7354,247.5962,25.0000,25.0000
355.7515,246.4023,15.0000,21.0000
355.7262,249.1491,15.0000,22.0000
357.7968,249.3000,12.0000,17.0000
358.1081,250.0850,13.0000,16.0000
358.5848,249.3189,14.0000,16.0000
359.5421,249.2826,14.0000,15.0000
361.9826,247.2334,12.0000,17.0000
357.5295,244.8611,20.0000,19.0000
351.0652,239.4052,26.0000,25.0000
345.6750,235.5169,34.0000,32.0000
345.3675,234.5785,34.0000,38.0000
333.9952,237.5916,45.0000,49.0000
333.5429,247.8349,58.0000,51.0000
320.0000,264.0000,52.0000,37.0000
309.0000,276.0000,51.0000,21.0000
2
0
0
0
0
1
353.5398,258.0289,40.0000,40.0000
347.8908,258.7555,40.0000,37.0000
349.4622,257.0192,43.0000,38.0000
351.7813,253.0430,39.0000,29.0000
340.3734,245.6535,24.0000,20.0000
348.3095,249.9636,18.0000,18.0000
353.4295,250.1156,8.0000,5.0000
353.4295,250.1156,8.0000,5.0000
353.4295,250.1156,8.0000,5.0000
356.5440,253.8152,6.0000,2.0000
2
0
0
0
0
1
334.5418,238.6643,38.0000,55.0000
327.0000,247.7072,48.0000,44.0000
315.7774,234.4662,56.0000,44.0000
313.1688,237.4468,62.0000,50.0000
321.0000,233.1553,50.0000,54.0000
327.0000,230.6733,42.0000,52.0000
338.9784,227.6285,37.0000,57.0000
334.3648,227.8980,43.0000,55.0000
331.2877,229.1204,54.0000,64.0000
325.0000,231.3888,59.0000,65.0000
316.1869,233.8978,69.0000,61.0000
322.0000,229.3877,52.0000,58.0000
330.0000,232.0645,43.0000,54.0000
341.3042,226.8109,36.0000,53.0000
338.8381,228.6240,43.0000,53.0000
328.8307,219.3875,35.0000,43.0000
338.0390,220.8694,28.0000,43.0000
344.1269,218.2911,18.0000,42.0000
343.5617,227.0000,19.0000,28.0000
346.1195,236.0000,21.0000,19.0000
342.7615,249.2891,14.0000,8.0000
349.1458,252.4056,10.0000,4.0000
350.1908,252.4393,11.0000,4.0000
350.1908,252.4393,11.0000,4.0000
350.1908,252.4393,11.0000,4.0000
350.1908,252.4393,11.0000,4.0000
350.1908,252.4393,11.0000,4.0000
350.1908,252.4393,11.0000,4.0000
349.3737,250.0355,18.0000,6.0000
2
0
0
0
0
1
346.4228,237.0155,40.0000,31.0000
357.0000,226.1816,30.0000,27.0000
367.2265,227.1381,27.0000,28.0000
364.6584,237.7881,26.0000,19.0000
355.6266,237.4539,35.0000,26.0000
351.3934,239.7716,38.0000,28.0000
351.7912,238.8947,39.0000,31.0000
360.6525,237.0965,24.0000,19.0000
356.8114,252.8073,31.0000,8.0000
351.1287,250.3226,42.0000,13.0000
347.5160,246.0109,50.0000,21.0000
344.5111,240.9926,57.0000,31.0000
349.3883,240.4378,50.0000,38.0000
350.2822,238.3990,53.0000,41.0000
348.9129,235.7536,56.0000,43.0000
353.9859,232.6376,45.0000,50.0000
357.4982,229.9182,42.0000,46.0000
350.7841,239.3647,28.0000,28.0000
360.0000,226.9946,19.0000,18.0000
368.0000,234.9057,7.0000,7.0000
368.0000,234.9057,7.0000,7.0000
372.5428,233.7906,3.0000,1.0000
2
0
0
0
0
1
344.4683,244.9523,57.0000,47.0000
340.3608,248.0178,64.0000,58.0000
334.1981,254.5806,74.0000,66.0000
330.0871,256.4212,84.0000,76.0000
337.8893,252.5081,77.0000,73.0000
346.0000,243.0000,63.0000,58.0000
346.0000,243.0000,63.0000,58.0000
343.0595,233.8834,51.0000,41.0000
352.1384,241.9405,44.0000,32.0000
351.4309,246.0205,42.0000,25.0000
342.8259,252.4387,45.0000,18.0000
343.4115,254.5867,47.0000,15.0000
336.0407,257.2606,57.0000,14.0000
345.6400,257.3636,48.0000,13.0000
337.8945,258.3545,51.0000,13.0000
343.8928,255.2640,43.0000,16.0000
2
0
0
0
0
1
380.6427,239.2242,33.0000,38.0000
379.8957,239.7315,39.0000,44.0000
382.7328,237.3918,35.0000,37.0000
381.3923,237.5076,40.0000,40.0000
381.3495,238.0595,35.0000,39.0000
389.0000,251.2308,25.0000,26.0000
397.0000,253.6427,18.0000,17.0000
408.1495,256.8964,13.0000,15.0000
409.5603,253.4415,15.0000,19.0000
405.1599,253.5655,22.0000,22.0000
398.4752,255.1220,32.0000,27.0000
387.0000,245.0000,19.0000,16.0000
383.8627,239.2858,13.0000,12.0000
386.3386,235.3202,12.0000,16.0000
383.3584,232.8409,16.0000,15.0000
374.7042,243.4340,7.0000,9.0000
370.6241,246.6315,6.0000,9.0000
367.1004,247.1959,7.0000,11.0000
363.6860,244.6354,10.0000,12.0000
362.7598,243.5721,9.0000,12.0000
361.3781,241.3328,9.0000,17.0000
359.9102,241.9445,10.0000,20.0000
359.8512,242.4083,12.0000,18.0000
357.8904,243.7541,13.0000,16.0000
358.1560,243.5857,12.0000,16.0000
2
0
0