193.0908
0.0291
0.0312
0.0363
0.0291
0.0343
0.0364
0.0303
0.0382
0.0304
0.0445
0.0372
0.0363
0.0343
0.0364
0.0343
0.0302
0.0373
0.0334
0.0303
0.0422
0.0362
0.0405
0.0343
0.0363
0.0418
0.0383
0.0395
0.0394
0.0414
0.0282
0.0304
0.0282
0.0314
0.0293
0.0598
0.0445
0.0467
0.0424
0.0404
0.0332
0.0343
0.0404
0.0373
0.0385
0.0382
0.0456
0.0384
0.0475
0.0385
0.0393
0.0422
0.0402
0.0384
0.0372
0.0363
0.0404
0.0438
0.0343
NaN
NaN
NaN
NaN
193.0162
0.0323
0.0335
0.0353
0.0364
0.0364
0.0343
0.0322
0.0341
0.0303
0.0384
0.0373
0.0322
0.0343
0.0323
0.0303
0.0584
0.0384
0.0303
0.0373
0.0333
0.0323
0.0363
0.0344
0.0375
0.0362
0.0465
0.0575
0.0576
0.0393
0.0325
0.0436
0.0343
0.0323
0.0392
0.0363
0.0405
0.0322
0.0343
NaN
NaN
NaN
NaN
193.1035
0.0295
0.0282
0.0343
0.0363
0.0304
0.0353
0.0378
NaN
NaN
NaN
NaN
192.8465
0.0340
0.0330
0.0370
0.0350
0.0340
0.0270
0.0330
0.0340
0.0330
0.0330
0.0360
0.0360
0.0380
0.0320
0.0330
0.0390
0.0340
0.0470
0.0350
0.0410
0.0380
0.0370
NaN
NaN
NaN
NaN
192.5128
0.0314
0.0262
0.0372
0.0334
0.0313
0.0333
0.0323
0.0333
0.0354
0.0425
0.0384
0.0324
0.0363
0.0334
0.0354
0.0363
0.0343
NaN
NaN
NaN
NaN
192.8384
0.0395
0.0343
0.0384
0.0352
0.0312
0.0313
0.0333
0.0324
0.0291
0.0302
0.0404
0.0312
0.0313
0.0303
0.0344
0.0344
0.0362
0.0409
0.0393
0.0383
0.0495
0.0383
0.0395
0.0354
0.0342
0.0456
0.0556
0.0421
0.0444
0.0515
0.0363
0.0372
0.0364
0.0434
0.0354
0.0405
0.0383
0.0323
0.0373
NaN
NaN
NaN
NaN
192.4751
0.0353
0.0382
0.0343
0.0303
0.0392
0.0323
0.0373
0.0303
0.0292
0.0302
0.0323
NaN
NaN
NaN
NaN
193.2504
0.0253
0.0394
0.0403
0.0343
0.0369
0.0370
0.0394
0.0375
0.0332
0.0343
0.0384
0.0313
0.0374
0.0373
0.0384
0.0324
0.0363
0.0374
0.0332
0.0412
0.0404
0.0404
0.0435
0.0374
0.0394
0.0414
0.0415
0.0465
0.0526
0.0384
NaN
NaN
NaN
NaN
192.9827
0.0340
0.0350
0.0350
0.0370
0.0350
0.0370
0.0350
0.0370
0.0370
0.0370
0.0340
0.0340
0.0300
0.0300
0.0310
0.0330
0.0390
0.0360
0.0350
0.0310
0.0360
0.0380
0.0380
NaN
NaN
NaN
NaN
192.4097
0.0260
0.0385
0.0372
0.0414
0.0373
0.0343
0.0333
0.0373
0.0343
0.0343
0.0333
0.0313
0.0333
0.0332
0.0353
0.0354
0.0314
NaN
NaN
NaN
NaN
193.1053
0.0303
0.0343
0.0303
0.0373
0.0373
0.0383
0.0343
0.0334
0.0384
0.0354
0.0267
0.0363
0.0303
0.0313
0.0293
0.0353
0.0339
0.0344
0.0333
0.0344
0.0384
0.0313
0.0404
0.0403
0.0394
0.0485
NaN
NaN