1
183.9923,343.6328,60.0000,105.0000
191.5508,331.5098,67.0000,122.0000
189.6952,327.5783,79.0000,148.0000
191.5162,320.6316,96.0000,161.0000
210.8402,335.5148,87.0000,135.0000
220.7572,335.4269,82.0000,143.0000
231.7605,321.2350,82.0000,168.0000
249.6126,312.7879,75.0000,185.0000
259.7473,286.2131,76.0000,241.0000
2
0
0
0
0
1
377.3419,390.1285,54.0000,85.0000
393.8487,402.2655,57.0000,71.0000
406.4374,415.5720,59.0000,57.0000
410.0458,419.7643,72.0000,57.0000
419.3426,424.7625,83.0000,55.0000
432.0873,426.6292,95.0000,54.0000
456.1136,424.0378,86.0000,65.0000
492.5659,450.6294,97.0000,80.0000
492.5659,450.6294,97.0000,80.0000
492.5659,450.6294,97.0000,80.0000
492.5659,450.6294,97.0000,80.0000
524.3693,412.8537,81.0000,90.0000
528.3489,412.5252,86.0000,97.0000
524.0688,405.2483,96.0000,109.0000
513.0706,394.1359,110.0000,122.0000
508.7641,397.0122,122.0000,104.0000
452.0855,417.6970,133.0000,94.0000
452.0855,417.6970,133.0000,94.0000
452.0855,417.6970,133.0000,94.0000
2
0
0
0
0
1
646.3807,276.5973,189.0000,75.0000
661.0504,267.8274,160.0000,71.0000
689.8878,274.5625,120.0000,59.0000
722.7261,287.7169,76.0000,36.0000
728.6214,310.6586,52.0000,23.0000
710.4911,311.8346,41.0000,28.0000
693.7485,312.6827,26.0000,34.0000
682.4176,300.8645,10.0000,27.0000
679.2111,292.4756,3.0000,5.0000
679.2111,292.4756,3.0000,5.0000
678.4882,291.5584,4.0000,5.0000
675.3375,288.0424,6.0000,7.0000
675.3375,288.0424,6.0000,7.0000
675.3375,288.0424,6.0000,7.0000
675.3375,288.0424,6.0000,7.0000
675.3375,288.0424,6.0000,7.0000
675.3375,288.0424,6.0000,7.0000
675.3375,288.0424,6.0000,7.0000
675.3375,288.0424,6.0000,7.0000
675.3375,288.0424,6.0000,7.0000
672.6675,284.5438,10.0000,12.0000
667.5670,278.8843,18.0000,21.0000
658.4815,276.4083,32.0000,38.0000
651.9899,275.8058,45.0000,68.0000
652.3137,278.3127,61.0000,97.0000
650.1853,267.1233,81.0000,137.0000
641.3892,251.3222,109.0000,194.0000
605.4934,258.1868,149.0000,251.0000
605.4934,258.1868,149.0000,251.0000
511.1320,214.0593,206.0000,286.0000
373.0133,165.9886,283.0000,326.0000
316.5265,153.1761,393.0000,366.0000
226.6895,117.3684,552.0000,428.0000
132.5365,81.3954,720.0000,501.0000
180.2477,69.5250,720.0000,555.0000
209.7673,62.4474,720.0000,589.0000
200.0740,74.5820,720.0000,607.0000
183.6717,66.3884,720.0000,625.0000
168.1876,58.2290,720.0000,634.0000
158.0028,54.3597,720.0000,643.0000
171.7051,44.6793,720.0000,632.0000
211.4518,39.8471,720.0000,622.0000
185.5303,59.7929,720.0000,631.0000
164.5361,59.0410,720.0000,640.0000
166.6807,44.4651,720.0000,640.0000
161.9897,53.2021,720.0000,630.0000
198.6935,28.7821,720.0000,630.0000
172.2600,63.4312,720.0000,630.0000
163.0991,50.5684,720.0000,630.0000
162.8593,40.3475,720.0000,639.0000
164.0421,44.4769,720.0000,639.0000
150.3801,38.2258,720.0000,629.0000
194.8314,18.7780,720.0000,638.0000
170.2981,52.6415,720.0000,638.0000
205.9428,14.1415,720.0000,647.0000
182.5147,48.8183,720.0000,636.0000
161.0415,35.2083,720.0000,655.0000
151.3976,32.8916,720.0000,655.0000
147.0238,33.8668,720.0000,644.0000
155.1870,31.1955,720.0000,633.0000
152.8275,30.1963,720.0000,642.0000
187.1708,19.6435,720.0000,631.0000
175.3957,50.3260,720.0000,640.0000
164.1663,47.1074,720.0000,640.0000
168.9440,34.0581,720.0000,640.0000
171.9293,39.6541,720.0000,630.0000
205.6938,21.3551,720.0000,639.0000
182.6931,54.6596,720.0000,629.0000
164.7207,40.2282,720.0000,638.0000
171.2582,42.4212,720.0000,638.0000
170.5383,34.3623,720.0000,638.0000
172.7165,41.4287,720.0000,628.0000
211.1573,20.8794,720.0000,637.0000
194.8505,57.4409,720.0000,627.0000
165.5943,55.5679,720.0000,627.0000
163.2915,38.1748,720.0000,646.0000
162.2896,48.3484,720.0000,635.0000