174.5176
0.0990
0.1090
0.1040
0.1070
0.1210
0.1010
0.1110
0.1000
0.1060
0.1310
NaN
NaN
NaN
NaN
174.3796
0.1100
0.1050
0.1020
0.1070
0.1020
0.1060
0.0870
0.1060
0.0990
0.1880
0.1570
0.1300
0.1790
0.1150
0.1040
0.1080
0.1150
0.1190
0.1220
0.1180
NaN
NaN
NaN
NaN
174.4646
0.1010
0.1280
0.1130
0.1110
0.0980
0.1050
0.1000
0.1140
0.1240
0.1290
0.1690
0.1100
0.1100
0.1110
0.1170
0.1340
0.1010
0.1000
0.1090
0.1250
0.1220
0.1130
0.1180
0.1210
0.1130
0.1080
0.1070
0.1150
0.1220
0.1180
0.1800
0.1360
0.1240
0.1220
0.1170
0.1160
0.1170
0.1200
0.1450
0.1330
0.1370
0.1420
0.1310
0.1260
0.1410
0.1410
0.1280
0.1260
0.1390
0.1520
0.1640
0.1320
0.1320
0.1400
0.1350
0.1280
0.1300
0.1370
0.1350
0.1330
0.1340
0.1260
0.1630
0.1250
0.1220
0.2780
0.2260
0.1460
0.1430
0.1390
0.1360
0.1350
0.1310
0.1350
0.1705
0.1820
0.1330