1
112.1532,349.8137,83.4136,86.4276
112.1532,349.8137,83.4136,86.4276
112.1532,349.8137,83.4136,86.4276
112.1532,349.8137,83.4136,86.4276
112.1532,349.8137,83.4136,86.4276
112.1532,349.8137,83.4136,86.4276
112.1532,349.8137,83.4136,86.4276
112.1532,349.8137,83.4136,86.4276
112.1532,349.8137,83.4136,86.4276
112.1532,349.8137,83.4136,86.4276
112.1532,349.8137,83.4136,86.4276
112.1532,349.8137,83.4136,86.4276
112.1532,349.8137,83.4136,86.4276
2
0
0
0
0
1
159.2114,239.1905,85.8072,79.6141
159.2114,239.1905,85.8072,79.6141
159.2114,239.1905,85.8072,79.6141
159.2114,239.1905,85.8072,79.6141
159.2114,239.1905,85.8072,79.6141
159.2114,239.1905,85.8072,79.6141
159.2114,239.1905,85.8072,79.6141
159.2114,239.1905,85.8072,79.6141
159.2114,239.1905,85.8072,79.6141
159.2114,239.1905,85.8072,79.6141
159.2114,239.1905,85.8072,79.6141
159.2114,239.1905,85.8072,79.6141
159.2114,239.1905,85.8072,79.6141
159.2114,239.1905,85.8072,79.6141
159.2114,239.1905,85.8072,79.6141
159.2114,239.1905,85.8072,79.6141
159.2114,239.1905,85.8072,79.6141
159.2114,239.1905,85.8072,79.6141
159.2114,239.1905,85.8072,79.6141
159.2114,239.1905,85.8072,79.6141
159.2114,239.1905,85.8072,79.6141
159.2114,239.1905,85.8072,79.6141
159.2114,239.1905,85.8072,79.6141
159.2114,239.1905,85.8072,79.6141
2
0
0
0
0
1
254.7787,46.4678,47.1026,116.8194
254.7787,46.4678,47.1026,116.8194
254.7787,46.4678,47.1026,116.8194
254.7787,46.4678,47.1026,116.8194
254.7787,46.4678,47.1026,116.8194
254.7787,46.4678,47.1026,116.8194
254.7787,46.4678,47.1026,116.8194
254.7787,46.4678,47.1026,116.8194
254.7787,46.4678,47.1026,116.8194
254.7787,46.4678,47.1026,116.8194
254.7787,46.4678,47.1026,116.8194
254.7787,46.4678,47.1026,116.8194
254.7787,46.4678,47.1026,116.8194
254.7787,46.4678,47.1026,116.8194
254.7787,46.4678,47.1026,116.8194
254.7787,46.4678,47.1026,116.8194
254.7787,46.4678,47.1026,116.8194
254.7787,46.4678,47.1026,116.8194
254.7787,46.4678,47.1026,116.8194
254.7787,46.4678,47.1026,116.8194
254.7787,46.4678,47.1026,116.8194
254.7787,46.4678,47.1026,116.8194
254.7787,46.4678,47.1026,116.8194
254.7787,46.4678,47.1026,116.8194
254.7787,46.4678,47.1026,116.8194
254.7787,46.4678,47.1026,116.8194
254.7787,46.4678,47.1026,116.8194
254.7787,46.4678,47.1026,116.8194
254.7787,46.4678,47.1026,116.8194
254.7787,46.4678,47.1026,116.8194
254.7787,46.4678,47.1026,116.8194
254.7787,46.4678,47.1026,116.8194
254.7787,46.4678,47.1026,116.8194
254.7787,46.4678,47.1026,116.8194
254.7787,46.4678,47.1026,116.8194
254.7787,46.4678,47.1026,116.8194
254.7787,46.4678,47.1026,116.8194
254.7787,46.4678,47.1026,116.8194
254.7787,46.4678,47.1026,116.8194
254.7787,46.4678,47.1026,116.8194
254.7787,46.4678,47.1026,116.8194
254.7787,46.4678,47.1026,116.8194
254.7787,46.4678,47.1026,116.8194
254.7787,46.4678,47.1026,116.8194
254.7787,46.4678,47.1026,116.8194
254.7787,46.4678,47.1026,116.8194
254.7787,46.4678,47.1026,116.8194
254.7787,46.4678,47.1026,116.8194
254.7787,46.4678,47.1026,116.8194
254.7787,46.4678,47.1026,116.8194
254.7787,46.4678,47.1026,116.8194
254.7787,46.4678,47.1026,116.8194
254.7787,46.4678,47.1026,116.8194
254.7787,46.4678,47.1026,116.8194
254.7787,46.4678,47.1026,116.8194
254.7787,46.4678,47.1026,116.8194
254.7787,46.4678,47.1026,116.8194
254.7787,46.4678,47.1026,116.8194
254.7787,46.4678,47.1026,116.8194
254.7787,46.4678,47.1026,116.8194
254.7787,46.4678,47.1026,116.8194
254.7787,46.4678,47.1026,116.8194
254.7787,46.4678,47.1026,116.8194
254.7787,46.4678,47.1026,116.8194
254.7787,46.4678,47.1026,116.8194
254.7787,46.4678,47.1026,116.8194
254.7787,46.4678,47.1026,116.8194
254.7787,46.4678,47.1026,116.8194
254.7787,46.4678,47.1026,116.8194
254.7787,46.4678,47.1026,116.8194
254.7787,46.4678,47.1026,116.8194
254.7787,46.4678,47.1026,116.8194
254.7787,46.4678,47.1026,116.8194
254.7787,46.4678,47.1026,116.8194
254.7787,46.4678,47.1026,116.8194
254.7787,46.4678,47.1026,116.8194
254.7787,46.4678,47.1026,116.8194
254.7787,46.4678,47.1026,116.8194
254.7787,46.4678,47.1026,116.8194
254.7787,46.4678,47.1026,116.8194
254.7787,46.4678,47.1026,116.8194
254.7787,46.4678,47.1026,116.8194
254.7787,46.4678,47.1026,116.8194
254.7787,46.4678,47.1026,116.8194
254.7787,46.4678,47.1026,116.8194
254.7787,46.4678,47.1026,116.8194
254.7787,46.4678,47.1026,116.8194
254.7787,46.4678,47.1026,116.8194
2
0
0
0
0
1
320.7385,108.1761,65.8131,121.5477
320.7385,108.1761,65.8131,121.5477
320.7385,108.1761,65.8131,121.5477
320.7385,108.1761,65.8131,121.5477
320.7385,108.1761,65.8131,121.5477
320.7385,108.1761,65.8131,121.5477
320.7385,108.1761,65.8131,121.5477