194.4677
0.0317
0.0280
0.0341
0.0260
0.0285
0.0290
0.0269
0.0260
0.0270
0.0331
0.0294
0.0273
0.0287
0.0297
0.0300
0.0294
0.0280
0.0340
0.0341
0.0334
0.0280
0.0334
0.0300
0.0305
0.0263
0.0350
0.0290
0.0332
0.0330
0.0267
0.0280
0.0280
0.0305
0.0250
0.0320
0.0250
0.0320
0.0284
0.0324
0.0384
0.0340
0.0371
0.0294
0.0300
0.0297
0.0284
0.0280
0.0314
0.0410
0.0257
0.0393
0.0287
0.0270
0.0325
0.0274
0.0274
0.0350
0.0309
0.0380
0.0331
0.0351
0.0314
0.0320
0.0308
0.0330
0.0260
0.0270
0.0276
0.0262
0.0265
0.0380
0.0377
0.0300
0.0266
0.0281
0.0314
0.0320
0.0317
0.0361
0.0364
0.0314
0.0308
0.0267
0.0364
0.0284
0.0304
0.0305
0.0340
0.0300
0.0359
0.0288
0.0274
0.0353
0.0320
0.0320
0.0280
0.0333
0.0320
0.0308
0.0320
0.0287
0.0325
0.0295
0.0400
0.0334
0.0339
0.0291
0.0361
0.0290
0.0337
0.0290
0.0294
0.0278
0.0354
0.0300
0.0260
0.0360
0.0314
0.0260
0.0290
0.0293
0.0364
0.0333
0.0392
0.0339
0.0363
0.0350
0.0320
0.0318
0.0275
0.0303
0.0280
0.0310
0.0301
0.0313
0.0345
0.0343
0.0340
0.0394
0.0289
0.0344
0.0280
0.0354
0.0326
0.0342
0.0290
0.0341
0.0345
0.0268
0.0310
0.0301
0.0301
0.0310
0.0299
0.0281
0.0320
0.0350
0.0280
0.0350
0.0310
0.0298
0.0330
0.0350
0.0278
0.0295
0.0330
0.0330
0.0383
0.0339
0.0342
0.0385
0.0330
0.0320
0.0270
0.0311
0.0407
0.0307
0.0358
0.0340
0.0298
0.0293
0.0318
0.0410
0.0293
0.0270
0.0320
0.0380
0.0381
0.0309
0.0282
0.0330
0.0336
0.0314
0.0287
0.0346
0.0314
0.0254
0.0311
0.0314
0.0333
0.0290
0.0280
0.0304
0.0427
0.0395
0.0448
0.0310
0.0375
0.0353
0.0345
0.0410
0.0404
0.0411
0.0399
0.0363
0.0431
0.0410
0.0399
0.0412
0.0394
0.0427
0.0393
0.0392
0.0378
0.0404
0.0424
0.0409
0.0438
0.0386
0.0427
0.0414
0.0368
0.0369
0.0370
0.0357
0.0414
0.0350
0.0340
0.0422
0.0360
0.0352
0.0380
0.0340
0.0300
0.0350
0.0355
0.0300
0.0373
0.0354
0.0301
0.0352
0.0330
0.0321
0.0336
0.0319
0.0405
0.0340
0.0337
0.0341
0.0330
0.0380
0.0434
0.0344
0.0314
0.0290
0.0314
0.0320
0.0414
0.0355
0.0327
0.0434
0.0320
0.0327
0.0410
0.0354
0.0343
0.0329
0.0368
0.0363
0.0357
0.0303
0.0411
0.0338
0.0310
0.0391
0.0308
0.0330
0.0342
0.0359
0.0369
0.0330
0.0341
0.0390
0.0347
0.0328
0.0320
0.0340
0.0344
0.0339
0.0371
0.0299
0.0343
0.0324
0.0314
0.0390
0.0366
0.0340
0.0372
0.0340
0.0340
0.0297
0.0331
0.0347
0.0360
0.0305
0.0321
0.0340
0.0360
0.0426
0.0380
0.0389
0.0340
0.0320
0.0338
0.0324
0.0320
0.0321
0.0350
0.0363
0.0404
0.0395
0.0360
0.0330
0.0290
0.0368
0.0324
0.0386
0.0321
0.0304
0.0334