1
266.7233,126.2393,109.0000,106.0000
264.8633,118.9514,103.0000,107.0000
283.2343,102.6207,95.0000,108.0000
296.2644,77.8951,86.0000,108.0000
305.3245,67.7664,73.0000,106.0000
302.3808,71.3478,65.0000,107.0000
303.0615,71.7578,59.0000,107.0000
311.0363,74.6280,53.0000,105.0000
323.1390,82.6551,49.0000,105.0000
333.8887,81.2385,49.0000,101.0000
335.7814,88.1756,51.0000,99.0000
326.0759,102.6103,50.0000,95.0000
312.6376,120.7099,52.0000,93.0000
315.6433,123.4936,55.0000,94.0000
315.6727,123.5361,55.0000,94.0000
312.3877,118.8339,57.0000,94.0000
300.5883,123.1066,54.0000,91.0000
290.4730,124.5178,58.0000,91.0000
278.2178,119.8102,58.0000,86.0000
260.3727,112.8052,65.0000,88.0000
253.6414,109.2268,67.0000,82.0000
246.5372,113.6185,69.0000,80.0000
235.2085,124.9048,67.0000,76.0000
225.2332,131.8894,68.0000,73.0000
224.8277,132.6764,70.0000,73.0000
227.8474,141.2511,70.0000,68.0000
224.7749,151.3586,72.0000,68.0000
222.6128,164.3820,73.0000,65.0000
214.1434,180.1948,73.0000,63.0000
206.6397,187.4649,74.0000,64.0000
215.3755,192.8616,70.0000,65.0000
218.6177,198.7420,70.0000,63.0000
213.0808,204.5437,70.0000,64.0000
212.5198,209.1838,68.0000,65.0000
219.7169,206.3614,69.0000,67.0000
222.8473,194.3370,69.0000,64.0000
220.6922,179.6567,69.0000,66.0000
226.1240,176.2819,67.0000,64.0000
230.1998,172.8734,67.0000,64.0000
231.3191,166.8118,64.0000,62.0000
236.7843,155.8147,62.0000,62.0000
246.5021,154.5251,59.0000,61.0000
253.2056,155.7642,56.0000,61.0000
252.5190,157.5676,54.0000,63.0000
259.1759,150.0736,53.0000,63.0000
265.6576,142.4995,50.0000,65.0000
265.9061,138.4225,48.0000,63.0000
253.9592,137.4694,48.0000,64.0000
255.0253,115.3121,49.0000,62.0000
248.0433,100.1236,46.0000,61.0000
241.3672,99.1568,46.0000,58.0000
240.1781,91.8128,46.0000,57.0000
247.7858,72.0861,45.0000,54.0000
256.0054,65.3227,43.0000,54.0000
251.1232,72.2251,43.0000,54.0000
244.9962,74.3167,43.0000,53.0000
252.1914,71.3320,44.0000,53.0000
254.1142,82.9768,44.0000,50.0000
247.5741,106.5025,45.0000,43.0000
244.2790,116.7167,47.0000,46.0000
240.8559,124.0733,47.0000,50.0000
238.8566,137.5246,47.0000,49.0000
235.5185,134.1062,49.0000,51.0000
217.4667,135.1591,49.0000,53.0000
204.0409,127.5021,52.0000,53.0000
198.8724,101.8985,52.0000,55.0000
187.7603,91.9076,54.0000,54.0000
173.3923,99.5173,56.0000,53.0000
155.1727,109.3926,59.0000,54.0000
140.1623,101.2730,63.0000,58.0000
140.1730,90.1488,64.0000,58.0000
142.8325,86.3185,65.0000,60.0000
142.5120,83.6596,65.0000,60.0000
142.6196,84.2776,68.0000,63.0000
141.9016,94.2872,66.0000,65.0000
146.2343,93.3066,67.0000,69.0000
154.6395,95.2288,67.0000,69.0000
158.9914,97.7036,65.0000,69.0000
158.0214,88.6039,65.0000,69.0000
155.6010,98.4228,62.0000,71.0000
151.3718,112.7573,62.0000,69.0000
146.2904,106.4686,62.0000,69.0000
150.3780,95.1160,60.0000,66.0000
155.0154,93.0093,60.0000,66.0000
157.1026,97.9607,60.0000,64.0000
160.5094,96.2912,60.0000,67.0000
163.2838,100.3800,62.0000,64.0000
170.0781,102.9676,63.0000,64.0000
176.0529,106.8251,65.0000,64.0000
178.7083,113.9967,67.0000,62.0000
185.8920,123.2522,69.0000,62.0000
189.8615,127.3956,70.0000,62.0000
201.1645,132.5161,67.0000,60.0000
208.3847,135.1572,68.0000,60.0000
202.6373,149.0238,68.0000,58.0000
200.6094,159.6637,65.0000,56.0000
203.5137,153.0211,66.0000,56.0000
209.6779,142.1287,62.0000,55.0000
202.8749,138.5595,62.0000,54.0000
194.0713,135.0224,62.0000,54.0000
193.0860,131.7521,62.0000,53.0000
193.9143,130.1974,62.0000,55.0000
191.8205,133.1223,62.0000,56.0000
189.5420,135.6716,62.0000,56.0000
184.8241,138.9269,64.0000,58.0000
180.1603,146.8847,65.0000,60.0000
180.7781,145.6073,67.0000,60.0000
189.8444,134.3380,68.0000,61.0000
205.6452,124.2800,68.0000,64.0000
195.5624,118.1736,68.0000,66.0000
183.9113,109.8147,69.0000,66.0000
181.2442,94.3309,69.0000,66.0000
174.3684,76.2260,71.0000,68.0000
154.4602,66.1505,71.0000,69.0000
134.8958,60.2559,72.0000,70.0000
131.2105,50.0374,74.0000,71.0000
140.8232,45.4611,74.0000,71.0000
142.7059,55.8671,76.0000,71.0000
125.5847,62.8532,80.0000,76.0000
110.1201,69.4936,83.0000,76.0000
114.4693,82.2300,85.0000,78.0000
126.5125,92.2939,88.0000,81.0000
131.7764,96.9033,90.0000,82.0000
133.3167,100.4331,92.0000,84.0000
131.8240,96.3855,93.0000,85.0000
133.5618,93.9023,95.0000,87.0000
146.4804,90.8698,96.0000,89.0000
155.0456,83.4424,97.0000,90.0000
154.6782,82.0463,98.0000,90.0000
149.7768,83.7785,101.0000,92.0000
151.0843,83.7364,99.0000,92.0000
154.7600,80.2857,99.0000,92.0000
154.2078,77.0413,100.0000,94.0000
146.9345,75.3099,101.0000,95.0000
142.2218,70.4771,102.0000,97.0000
146.4826,70.6291,102.0000,97.0000
147.1333,73.9964,105.0000,98.0000
144.3483,77.7717,106.0000,99.0000
144.2419,84.5309,109.0000,100.0000
151.0616,88.3974,110.0000,103.0000
155.9470,88.3765,111.0000,103.0000
152.4246,76.6161,111.0000,106.0000
157.8717,72.9277,112.0000,104.0000
175.9142,62.7124,110.0000,105.0000
176.3081,62.4115,113.0000,105.0000
162.1002,64.9035,114.0000,106.0000
154.4019,67.3799,114.0000,107.0000
162.3716,67.4065,117.0000,108.0000
171.1087,72.3200,115.0000,108.0000
164.6224,81.5414,120.0000,109.0000
159.0845,89.3690,120.0000,112.0000
156.8395,93.8386,121.0000,112.0000
164.1172,98.0908,121.0000,112.0000
171.2521,104.5516,124.0000,113.0000
181.9710,109.1314,122.0000,111.0000
170.6164,107.3327,123.0000,116.0000
155.0507,116.4928,124.0000,116.0000
164.7021,119.1004,124.0000,112.0000
179.2928,107.8479,122.0000,113.0000
183.4926,97.8164,123.0000,114.0000
171.4384,88.6445,124.0000,115.0000
159.4325,91.8420,124.0000,115.0000
164.1977,96.4830,125.0000,115.0000
175.5022,97.7492,125.0000,115.0000
182.5640,92.8086,126.0000,116.0000
183.4978,92.0928,126.0000,117.0000
180.8492,91.9936,127.0000,118.0000
177.3982,96.0722,128.0000,116.0000
167.6571,95.0582,130.0000,121.0000
160.5800,102.2736,130.0000,119.0000
158.3921,104.8429,130.0000,119.0000
151.5709,104.0588,132.0000,120.0000
148.7729,108.3090,132.0000,121.0000
152.4842,111.5186,129.0000,121.0000
151.2734,112.1356,133.0000,119.0000
146.7519,109.0157,130.0000,120.0000
144.2508,109.5018,132.0000,118.0000
152.3298,105.2823,132.0000,121.0000
159.7703,102.8895,132.0000,119.0000
162.5539,104.3110,129.0000,119.0000
157.4644,104.5827,133.0000,120.0000
159.8969,100.8349,128.0000,121.0000
159.1946,98.8098,134.0000,121.0000
157.0547,100.6192,131.0000,119.0000
152.1456,99.8773,133.0000,120.0000
152.6457,94.7929,130.0000,121.0000
152.8454,95.6731,132.0000,119.0000
153.2265,97.6736,132.0000,119.0000
154.0855,100.6334,129.0000,120.0000
150.2022,103.5180,131.0000,121.0000
148.6351,108.7262,131.0000,121.0000
149.9362,110.5855,133.0000,119.0000
152.9969,111.1890,130.0000,119.0000
151.4129,111.6971,132.0000,120.0000
151.4787,110.6436,134.0000,121.0000