177.0090
0.0660
0.0560
0.0510
0.0660
0.0470
0.0590
0.0510
0.0530
0.0520
0.0710
0.0580
0.0510
0.0500
0.0460
0.0600
0.0640
0.0690
0.0630
0.1190
0.1000
0.0620
0.0500
0.0600
0.0580
0.0560
0.0640
0.0530
0.0590
0.0590
0.0580
0.0600
0.0610
0.0620
0.0630
0.0530
0.0670
0.0580
0.0580
0.0620
0.0550
0.0540
0.0660
0.0580
0.0550
0.0560
0.0650
0.0610
0.0580
0.0610
0.0600
0.0560
0.0620
0.0580
0.0640
0.0580
0.0760
0.0550
0.0530
0.0830
0.1200
0.0650
0.0590
0.0570
0.0580
0.0560
0.0570
0.0640
0.0710
0.0560
0.0550
0.0550
0.0580
0.0640
0.0600
0.0610
0.0620
0.0620
0.0570
0.0660
0.0550
0.0690
0.0610
0.0640
0.0580
0.0560
0.0540
0.0650
0.0570
0.0540
0.0630
0.0560
0.0580
0.0560
0.0590
0.0740
0.0680
0.0610
0.0590
0.0680
0.2200
0.0670
0.0520
0.0660
0.0640
0.0570
0.0690
0.0720
0.1100
0.0730
0.0660
0.0700
0.0650
0.0580
0.0580
0.0590
0.0570
0.0760
0.0680
0.0590
0.0630
0.0630
0.0640
0.0620
0.0640
0.0580
0.0650
0.0580
0.0620
0.0630
0.0620
0.0630
0.0680
0.0700
0.0620
0.0590
0.0750
0.1490
0.0740
0.0630
0.0580
0.0600
0.0610
0.0610
0.0590
0.0610
0.0610
0.0660
0.0630
0.0770
0.0640
0.0580
0.0760
0.0600
0.0640
0.0660
0.0710
0.0580
0.0650
0.0510
0.0610
0.0610
0.0600
0.0560
0.0580
0.0520
0.0550
0.0660
0.0590
0.0560
0.0710
0.0660
0.0620
0.0580
0.0610
0.0730
0.0970
0.0690
0.0630
0.0620
0.0610
0.0550
0.0540
0.0670
0.0530
0.0540
0.0660
0.0570
0.0600
0.0700
0.0600
0.0550
0.0640
0.0530
0.0590
0.0570