194.5789
0.0303
0.0545
0.0303
0.0424
0.0383
0.0475
0.0456
0.0383
0.0358
0.0373
0.0303
0.0404
0.0443
0.0484
0.0293
0.0303
0.0404
0.0363
0.0453
0.0464
0.0291
0.0393
0.0363
0.0302
0.0444
0.0353
0.0344
0.0332
0.0474
0.0353
0.0435
0.0373
0.0403
0.0363
0.0262
0.0363
0.0423
0.0293
0.0303
0.0373
0.0412
0.0363
0.0404
0.0373
0.0303
0.0303
0.0302
0.0351
0.0333
0.0394
0.0282
0.0474
0.0303
0.0363
0.0405
0.0341
0.0412
0.0363
0.0343
0.0363
0.0282
0.0443
0.0424
0.0403
0.0381
0.0380
0.0370
0.0360
0.0390
0.0350
0.0380
0.0380
0.0400
0.0310
0.0390
0.0430
0.0440
0.0410
0.0430
0.0400
0.0380
0.0410
0.0370
0.0360
0.0350
0.0370
0.0390
0.0370
0.0400
0.0370
0.0350
0.0370
0.0380
0.0350
0.0360
0.0430
0.0350
0.0350
0.0300
0.0300
0.0300
0.0330
0.0360
0.0420
0.0330
0.0320
0.0390
0.0320
0.0400
0.0420
0.0400
0.0400
0.0360
0.0320
0.0360
0.0380
0.0360
0.0390
0.0360
0.0350
0.0370
0.0360
0.0320
0.0390
0.0400
0.0300
0.0470
0.0400
0.0410
0.0400
0.0350
0.0370
0.0400
0.0430
0.0415
0.0403
0.0312
0.0434
0.0413
0.0352
0.0403
0.0302
0.0324
0.0383
0.0393
0.0394
0.0242
0.0303
0.0342
0.0404
0.0424
0.0393
0.0324
0.0353
0.0344
0.0373
0.0404
0.0423
0.0383
0.0323
0.0373
0.0495
0.0342
0.0302
0.0362
0.0392
0.0350
0.0301
0.0392
0.0302
0.0444
0.0424
0.0422
0.0454
0.0332
0.0363
0.0311
0.0443
0.0393
0.0353
0.0465
0.0373
0.0373
0.0343
0.0373
0.0424
0.0323
0.0242
0.0363
0.0343
0.0412
0.0302
0.0412
0.0383
0.0363
0.0373
0.0334
0.0354
0.0353
0.0373
0.0363
0.0424
0.0373
0.0332
0.0352
0.0463
0.0435
0.0383
0.0363
0.0323
0.0402
0.0373
0.0323
0.0444
0.0422
0.0302
0.0515
0.0435
0.0373
0.0423
0.0413
0.0423
0.0322
0.0353
0.0353
0.0454
0.0362
0.0414
0.0403
0.0404
0.0363
0.0413
0.0364
0.0384
0.0394
0.0302
0.0300
0.0331
0.0403
0.0415
0.0434
0.0474
0.0474
0.0485
0.0434
0.0444
0.0343
0.0394
0.0373
0.0528
0.0412
0.0344
0.0414
0.0353
0.0303
0.0303
0.0465
0.0302
0.0302
0.0444
0.0403
0.0386
0.0493
0.0403
0.0455
0.0362
0.0354
0.0402
0.0303
0.0324
0.0312
0.0353
0.0484
0.0324
0.0444
0.0333
0.0303
0.0393
0.0372
0.0323
0.0262
0.0402
0.0353
0.0424
0.0484
0.0388
0.0424
0.0394
0.0455
0.0443
0.0383
0.0393
0.0363
0.0393
0.0394
0.0372
0.0342
0.0432
0.0403
0.0404
0.0384
0.0292
0.0302
0.0394
0.0373
0.0323
0.0363
0.0363
0.0415
0.0437
0.0353
0.0393
0.0503
0.0394
0.0411
0.0373
0.0362
0.0323
0.0412
0.0332
0.0473
0.0372
0.0362
0.0373
0.0382
0.0312
0.0303
0.0362
0.0353
0.0465
0.0384
0.0443
0.0484
0.0474
0.0493
0.0384
0.0352
0.0485
0.0423
0.0403
0.0315
0.0343
0.0364
0.0322
0.0426
0.0353
0.0323
0.0394
0.0354
0.0334
0.0444
0.0505
0.0434
0.0373
0.0400
0.0374
0.0333
0.0363
0.0345
0.0343
0.0384
0.0333
0.0393
0.0385
0.0485
0.0353
0.0414
0.0422
0.0343
0.0303
0.0413
0.0394
0.0404
0.0436
0.0414
0.0383
0.0353
0.0383
0.0393
0.0353
0.0311
0.0443
0.0364
0.0333
0.0453
0.0382
0.0303
0.0344
0.0384
0.0393
0.0312
0.0373
0.0393
0.0303
0.0313
0.0409
0.0433
0.0425
0.0423
0.0373
0.0364
0.0404
0.0402
0.0433
0.0484
0.0363
0.0323
0.0363
0.0373
0.0323
0.0312
0.0414
0.0333
0.0307
0.0363
0.0353
0.0332
0.0343
0.0413
0.0352
0.0496
0.0395
0.0353
0.0242
0.0353
0.0322
0.0404
0.0453
0.0423
0.0434
0.0545
0.0433
0.0383
0.0324
0.0414
0.0364
0.0332
0.0287
0.0312
0.0310
0.0394
0.0446
0.0425
0.0383
0.0423
0.0312
0.0404
0.0393
0.0353
0.0434
0.0413
0.0342
0.0383
0.0342
0.0423
0.0422
0.0414
0.0404
0.0504
0.0270
0.0302
0.0382
0.0313
0.0414
0.0363
0.0342
0.0387
0.0373
0.0412
0.0373
0.0372
0.0303
0.0423
0.0434
0.0363
0.0434
0.0393
0.0363
0.0303
0.0575
0.0301
0.0333
0.0413
0.0311
0.0492
0.0384
0.0373
0.0374
0.0454
0.0393
0.0414
0.0515
0.0433
0.0373
0.0463
0.0362
0.0323
0.0351
0.0323
0.0428
0.0302
0.0302
0.0313
0.0363
0.0353
0.0425
0.0333
0.0334
0.0393
0.0338
0.0302
0.0413
0.0422
0.0293
0.0252
0.0354
0.0363
0.0419
0.0353
0.0414
0.0393
0.0474
0.0383
0.0403
0.0322
0.0343
0.0385
0.0374
0.0453
0.0303
0.0393
0.0515
0.0341
0.0353
0.0404
0.0403
0.0323
0.0383
0.0383
0.0364
0.0343
0.0321
0.0340
0.0380
0.0450
0.0383
0.0403
0.0373
0.0302
0.0363
0.0343
0.0373
0.0414
0.0465
0.0353
0.0424
0.0414
0.0395
0.0404
0.0403
0.0353
0.0434
0.0383
0.0434
0.0351
0.0372
0.0373
0.0395
0.0302
0.0434
0.0384
0.0404
0.0423
0.0355
0.0394
0.0323
0.0344
0.0343
0.0434
0.0333
0.0303
0.0424
0.0333
0.0363
0.0424
0.0351
0.0403
0.0428
0.0423
0.0443
0.0342
0.0302
0.0302
0.0354
0.0343
0.0393
0.0343
0.0424
0.0393
0.0437
0.0405
0.0414
0.0353
0.0423
0.0373
0.0313
0.0403
0.0413
0.0364
0.0413
0.0514
0.0364
0.0296
0.0423
0.0412
0.0363
0.0424
0.0353
0.0364
0.0314
0.0342
0.0329
0.0415
0.0413
0.0458
0.0331
0.0423
0.0303
0.0342
0.0341
0.0464
0.0403
0.0343
0.0444
0.0442
0.0429
0.0304
0.0317
0.0353
0.0303
0.0312
0.0403
0.0363
0.0433
0.0436
0.0415
0.0485
0.0445
0.0434
0.0485
0.0466
0.0432
0.0505
0.0456
0.0423
0.0546
0.0434
0.0409
0.0423
0.0374
0.0423
0.0434
0.0403
0.0383
0.0423
0.0547
0.0485
0.0446
0.0393
0.0465
0.0532
0.0374
0.0483
0.0423
0.0545
0.0505
0.0431
0.0434
0.0424
0.0486
0.0363
0.0424
0.0465
0.0374
0.0414
0.0466
0.0464
0.0434
0.0485
0.0444
0.0454
0.0475
0.0477
0.0456
0.0424
0.0476
0.0424
0.0515
0.0425
0.0435
0.0494
0.0466
0.0423
0.0485
0.0446
0.0433
0.0526
0.0425
0.0442
0.0423
0.0435
0.0404
0.0443
0.0434
0.0394
0.0453
0.0434
0.0524
0.0425
0.0434
0.0484
0.0364
0.0413
0.0465
0.0383
0.0413
0.0455
0.0422
0.0486
0.0414
0.0433
0.0476
0.0433
0.0515
0.0425
0.0434
0.0435
0.0435
0.0434
0.0504
0.0465
0.0435
0.0394
0.0434
0.0516
0.0455
0.0453
0.0476
0.0403
0.0525
0.0445
0.0403
0.0443
0.0393
0.0475
0.0364
0.0393
0.0455
0.0382
0.0444
0.0434
0.0475
0.0374
0.0453
0.0444
0.0486
0.0403
0.0434
0.0444
0.0505
0.0423
0.0444
0.0414
0.0383
0.0415
0.0403
0.0496
0.0460
0.0485
0.0411
0.0424
0.0373
0.0424
0.0313
0.0474
0.0432
0.0463
0.0434
0.0475
0.0465
0.0467
0.0492
0.0393
0.0406
0.0382
0.0363
0.0385
0.0433
0.0462
0.0425
0.0302
0.0303
0.0314
0.0253
0.0291
0.0312
0.0383
0.0422
0.0394
0.0444
0.0332
0.0404
0.0281
0.0463
0.0434
0.0373
0.0385
0.0403
0.0414
0.0383
0.0484
0.0363
0.0352
0.0364
0.0312
0.0343
0.0353
0.0444
0.0343
0.0434
0.0332
0.0351
0.0441
0.0403
0.0474
0.0465
0.0484
0.0405
0.0343
0.0292
0.0341
0.0313
0.0383
0.0302
0.0483
0.0314
0.0341
0.0353
0.0271
0.0362
0.0404
0.0372
0.0232
0.0433
0.0292
0.0293
0.0373
0.0363
0.0385
0.0453
0.0332
0.0332
0.0303
0.0405
0.0332
0.0313
0.0322
0.0382
0.0343
0.0505
0.0466
0.0363
0.0404
0.0443
0.0402
0.0414
0.0330
0.0384
0.0342
0.0384
0.0374
0.0423
0.0413
0.0352
0.0343
0.0363
0.0424
0.0363
0.0383
0.0272
0.0423
0.0320
0.0372
0.0353
0.0402
0.0290
0.0352
0.0333
0.0324
0.0344
0.0312
0.0303
0.0332
0.0302
0.0423
0.0303
0.0352
0.0312
0.0353
0.0363
0.0315
0.0424
0.0444
0.0383
0.0313
0.0464
0.0373
0.0403
0.0393
0.0404
0.0293
0.0403
0.0365
0.0373
0.0302
0.0313
0.0402
0.0292
0.0344
0.0425
0.0413
0.0444
0.0403
0.0372
0.0363
0.0423
0.0303
0.0474
0.0343
0.0393
0.0353
0.0303
0.0303
0.0363
0.0363
0.0302
0.0435
0.0331
0.0414
0.0413
0.0333
0.0373
0.0511
0.0383
0.0342
0.0406
0.0364
0.0404
0.0353
0.0383
0.0403
0.0414
0.0465
0.0343
0.0414
0.0313
0.0303
0.0363
0.0474
0.0302
0.0332
0.0414
0.0371
0.0353
0.0422
0.0363
0.0439
0.0353
0.0402
0.0445
0.0379
0.0324
0.0392
0.0363
0.0363
0.0544
0.0433
0.0433
0.0484
0.0483
0.0353
0.0353
0.0364
0.0363
0.0327
0.0282
0.0423
0.0362