174.5636
0.1040
0.1150
0.0920
0.1120
0.1050
0.1090
0.1070
0.1070
0.1140
0.1400
0.1300
0.1200
0.1120
0.1140
0.1170
0.1450
0.1150
0.1150
0.1100
0.1180
0.1110
0.1110
0.1190
0.1140
0.1170
0.1160
0.1130
0.1150
0.1160
0.1120
0.2070
0.1240
0.1150
0.1170
0.1180
0.1300
0.1140
0.1210
0.1180
0.1130
0.1560
0.1190
0.1160
0.1180
0.1120
0.1240
0.1280
0.1250
0.1980
0.1210
0.1230
0.1460
0.1190
0.1220
0.1210
0.1280
0.1230
0.1160
0.1200
0.1210
0.1220
0.1110
0.1150
0.1190
0.1610
0.1150
0.1160
0.1260
0.1220
0.1310
0.1990
0.1260
0.1310
0.1180
0.1270
0.1230
0.1190
0.1190
0.1170
NaN
NaN
NaN
NaN
174.5206
0.1140
0.1120
0.0980
0.0980
0.1000
0.0970
0.1020
0.1090
0.1110
0.1320
0.1410
0.1330
0.1170
0.1190
0.1190
0.1220
0.1180
0.1190
0.1200
0.1310
0.1160
0.1210
0.2110
0.1170
0.1280
0.1190
0.1240
0.1270
0.1190
0.1340
0.1640
0.1240
0.1230
0.1180
0.1170
0.1200
0.1210
0.1160
0.1170
0.1200
0.1130
0.1090
0.1170
0.1180
0.1240
0.1270
0.1120
0.1110
0.1320
0.1200
0.1370
0.1220
0.1200
0.1250
0.1260
NaN
NaN
NaN
NaN
174.5976
0.0990
0.1050
0.1030
0.1040
0.1200
0.1040
0.1020
0.1090
0.1080
0.1130
0.1350
0.1270
0.1050
0.1350
0.1130
0.1130
0.1080
0.1290
0.1140
0.1130
0.1160
0.1150
0.1130
0.1160
0.1160
0.1140
0.1180
0.1140
0.1120
0.1350
0.1230
0.1890
0.1290
0.1090
0.1210
0.1160
0.1190
0.1080
0.1030
0.1280
0.1190
0.1230
0.1110
0.1170
0.1190
0.1240
0.1350
0.1380
0.1190
0.1280
0.1260
0.1790
0.1310
0.1300
0.1310
0.1260
0.1210
0.1240
0.1270
0.1290
0.1250
0.1280
0.1220
0.1280
0.1300
0.1280
0.1280
0.1350
0.1250
0.1310
0.1910
0.1370
0.1210
0.1170
NaN
NaN
NaN
NaN
174.5346
0.1020
0.1040
0.1070
0.1040
0.1170
0.1100
0.1130
0.1140
0.1190
0.1520
0.1250
0.1120
0.1110
0.1220
0.1140
0.1150