1
593.7860,199.0757,45.0000,40.0000
590.6128,196.3941,49.0000,45.0000
589.2260,195.0523,45.0000,40.0000
588.1453,193.9496,49.0000,44.0000
585.0883,193.6282,45.0000,39.0000
585.8127,192.2309,46.0000,44.0000
585.7380,192.5266,44.0000,46.0000
588.6170,191.8689,39.0000,56.0000
589.4032,198.7159,29.0000,63.0000
586.7954,205.5952,24.0000,74.0000
582.4349,201.4402,28.0000,105.0000
580.5943,203.2420,29.0000,134.0000
579.9421,195.5792,20.0000,136.0000
577.8098,191.7945,21.0000,142.0000
576.5624,189.5460,20.0000,139.0000
575.7560,184.6863,20.0000,145.0000
574.7147,188.2501,21.0000,140.0000
574.2682,185.6313,21.0000,142.0000
573.7318,187.5818,21.0000,142.0000
572.8200,184.4913,22.0000,144.0000
572.4243,186.6573,22.0000,139.0000
572.3680,184.0402,21.0000,143.0000
572.0252,185.2662,21.0000,143.0000
571.5968,182.8189,21.0000,147.0000
570.6764,184.9194,22.0000,144.0000
569.9994,182.9937,22.0000,144.0000
569.4385,183.0182,22.0000,150.0000
569.3697,185.5729,21.0000,142.0000
568.6227,183.3050,21.0000,153.0000
568.2116,181.3183,20.0000,155.0000
567.4199,184.7695,19.0000,147.0000
566.9259,181.6829,18.0000,160.0000
560.8340,179.5255,26.0000,180.0000
564.4716,187.9168,20.0000,149.0000
561.9654,183.4906,26.0000,162.0000
561.7306,174.2838,28.0000,156.0000
560.9154,175.4409,32.0000,151.0000
559.5659,176.6686,34.0000,153.0000
557.2202,179.8648,37.0000,148.0000
558.2109,181.1600,37.0000,134.0000
557.4828,177.2291,34.0000,159.0000
555.2094,179.8696,35.0000,175.0000
556.6073,170.3642,33.0000,202.0000
556.3925,179.5235,33.0000,225.0000
556.8807,169.6732,31.0000,242.0000
556.7981,157.0749,31.0000,260.0000
556.1057,160.2274,30.0000,288.0000
556.5343,146.1167,31.0000,220.0000
557.2295,166.2910,32.0000,183.0000
554.8523,178.5087,35.0000,160.0000
555.7422,181.0895,35.0000,162.0000
567.6173,158.8431,25.0000,125.0000
556.8482,186.0830,36.0000,132.0000
557.5003,186.8482,36.0000,154.0000
560.6533,188.2650,33.0000,146.0000
560.4640,190.9967,32.0000,163.0000
563.8039,194.6653,25.0000,180.0000
562.9010,191.6177,27.0000,206.0000
564.0825,182.6839,28.0000,236.0000
567.0429,184.0636,26.0000,259.0000
568.1208,168.6038,27.0000,289.0000
570.8019,154.9258,24.0000,316.0000
573.8531,154.2769,24.0000,343.0000
574.2775,184.5393,30.0000,377.0000
567.5133,321.0000,41.0000,300.0000
555.8337,411.0000,57.0000,248.0000
539.1697,463.0000,79.0000,224.0000
527.0000,499.0000,110.0000,192.0000
511.0000,518.0000,153.0000,189.0000
491.0000,537.9822,213.0000,197.0000
461.0000,550.3975,299.0000,181.0000
446.0000,531.4551,394.0000,212.0000
433.0000,520.5269,492.0000,228.0000
409.0000,540.3171,541.0000,203.0000
387.0000,543.2598,574.0000,199.0000
365.0000,549.7295,591.0000,192.0000
349.7382,549.6955,600.0000,192.0000
342.9543,557.6903,609.0000,186.0000
339.1803,558.3556,609.0000,186.0000
355.8871,548.0445,599.0000,191.0000
350.1327,548.5176,608.0000,188.0000
348.0970,551.5892,608.0000,188.0000
333.4088,561.4882,608.0000,179.0000
343.0000,548.8398,598.0000,190.0000
340.4184,549.3253,607.0000,187.0000
325.5484,547.6148,621.0000,192.0000
308.5306,562.6374,630.0000,177.0000
318.9231,554.9072,630.0000,190.0000
320.2896,560.3915,620.0000,178.0000
313.4568,552.5844,634.0000,191.0000
304.3980,555.3159,648.0000,185.0000
294.0000,555.4894,663.0000,185.0000
288.6990,561.0541,663.0000,179.0000
289.9149,555.0520,663.0000,187.0000
296.6131,558.2433,652.0000,181.0000
291.1386,554.2537,662.0000,186.0000
300.0000,556.5073,646.0000,183.0000
312.4115,555.8578,635.0000,183.0000
300.6155,556.9709,664.0000,185.0000
281.0000,561.8775,720.0000,176.0000
263.0000,583.9520,720.0000,151.0000
252.3791,561.5091,720.0000,179.0000
267.0000,562.9947,686.0000,173.0000
282.0000,557.6668,675.0000,183.0000
291.0000,571.6248,664.0000,168.0000
300.0000,559.4720,653.0000,181.0000
303.7206,559.4542,663.0000,183.0000
294.0000,562.8253,673.0000,177.0000
279.0000,573.0785,683.0000,168.0000
261.0000,572.0416,709.0000,170.0000
242.0000,576.3994,720.0000,167.0000
226.9150,574.9005,720.0000,167.0000
229.7221,566.7567,720.0000,177.0000
222.8565,583.3865,720.0000,159.0000
232.8483,562.8331,720.0000,183.0000
223.0466,578.6344,720.0000,162.0000
233.7719,563.4521,720.0000,182.0000
224.8857,575.7636,720.0000,164.0000
234.8174,562.8188,720.0000,181.0000
230.9987,573.0552,720.0000,166.0000
223.7215,589.4831,720.0000,145.0000
236.8244,569.2929,720.0000,172.0000
244.1919,566.2146,720.0000,177.0000
239.2293,581.3375,720.0000,154.0000
245.1208,566.2762,720.0000,175.0000
232.9710,583.8951,720.0000,153.0000
228.6294,572.7815,720.0000,174.0000
233.3557,567.1484,720.0000,179.0000
217.3012,584.5525,720.0000,153.0000
223.4957,566.0173,720.0000,179.0000
215.0294,588.9428,720.0000,148.0000
217.4754,578.9369,720.0000,161.0000
222.3780,566.0750,720.0000,181.0000
220.9517,569.8773,720.0000,175.0000
221.6665,565.3491,720.0000,183.0000
223.7348,563.5793,720.0000,185.0000
222.7465,566.3685,720.0000,182.0000
227.3571,560.1451,720.0000,190.0000
216.2082,576.9347,720.0000,172.0000
205.6471,592.9712,720.0000,142.0000
216.2958,577.8682,720.0000,160.0000
200.2125,593.4266,720.0000,142.0000
210.0000,575.0833,720.0000,161.0000
225.2816,564.2188,720.0000,183.0000
215.0939,583.5406,720.0000,157.0000
206.0000,597.4786,720.0000,134.0000
203.5120,580.1102,720.0000,159.0000
192.5301,595.1410,720.0000,139.0000
183.7581,597.4441,720.0000,136.0000
192.0284,585.8674,720.0000,150.0000
178.5758,599.7004,720.0000,135.0000
180.3557,583.6226,720.0000,158.0000
172.8227,598.1103,720.0000,138.0000
173.7316,593.3652,720.0000,144.0000
176.5500,593.2737,720.0000,146.0000
167.2669,591.4946,720.0000,148.0000
163.9507,595.9836,720.0000,143.0000
164.3685,599.5990,720.0000,140.0000
146.4601,602.2148,720.0000,137.0000
135.0000,604.1803,720.0000,132.0000
122.0000,601.2892,720.0000,136.0000
106.0000,607.1477,720.0000,131.0000
119.7773,604.3059,720.0000,133.0000
96.0000,612.1097,686.0000,120.0000
80.9304,605.4617,686.0000,129.0000
119.0000,607.2268,720.0000,129.0000
86.0000,621.5039,686.0000,108.0000
118.0000,613.6601,720.0000,114.0000
138.0000,621.4589,720.0000,108.0000
158.0000,611.1768,720.0000,118.0000
102.0000,622.1596,680.0000,108.0000
138.0000,604.8214,720.0000,135.0000
170.0000,589.3428,720.0000,152.0000
107.0000,613.9020,675.0000,127.0000
73.0000,628.8626,627.0000,99.0000
111.0000,610.1974,720.0000,117.0000
148.0000,595.5949,720.0000,146.0000
174.0000,601.8522,720.0000,134.0000
194.0000,580.1100,720.0000,152.0000
206.1311,588.8496,720.0000,154.0000
223.4306,570.9006,720.0000,175.0000
355.0000,550.2379,534.0000,180.0000
448.0000,537.5243,471.0000,194.0000
511.0000,524.0257,426.0000,215.0000
544.0000,531.5285,416.0000,204.0000
563.0000,522.7455,409.0000,216.0000
580.8458,530.6993,409.0000,205.0000
579.2694,523.6034,409.0000,217.0000
524.0000,541.0824,517.0000,206.0000
510.7398,537.3113,488.0000,202.0000
524.6270,539.4172,465.0000,202.0000
534.0000,530.2328,450.0000,211.0000
541.5539,534.9669,442.0000,204.0000
525.0000,534.3479,473.0000,210.0000
498.0000,539.4467,502.0000,203.0000
480.0000,544.6871,517.0000,196.0000
468.0000,542.5981,525.0000,199.0000
454.0000,543.1386,549.0000,202.0000
438.3653,549.7448,557.0000,192.0000
372.0000,555.5020,687.0000,195.0000
313.0000,577.7701,720.0000,172.0000
281.0000,570.0083,720.0000,177.0000
271.0000,571.9624,720.0000,171.0000
261.0000,573.2410,720.0000,171.0000
245.0000,589.6504,720.0000,153.0000
256.2248,567.1600,720.0000,179.0000
267.2958,567.5039,720.0000,176.0000
272.3666,568.1860,720.0000,173.0000
259.0000,583.5113,720.0000,156.0000
248.9852,568.0591,720.0000,177.0000
243.3076,575.6335,720.0000,168.0000
246.3073,574.5815,720.0000,170.0000
253.1603,570.1724,720.0000,177.0000
238.8412,586.9931,720.0000,152.0000
237.4037,574.0829,720.0000,173.0000
242.1616,568.3700,720.0000,178.0000
233.9141,585.7344,720.0000,158.0000
241.4019,572.2106,720.0000,172.0000
231.0000,592.6221,720.0000,151.0000
224.0145,594.3318,720.0000,143.0000
239.2466,572.7496,720.0000,172.0000
240.2301,569.6612,720.0000,177.0000
251.9328,570.2264,720.0000,174.0000
244.5451,572.3406,720.0000,171.0000
227.8087,589.8760,720.0000,153.0000
241.2260,569.7886,720.0000,174.0000
242.1008,572.8364,720.0000,171.0000
237.8470,572.3868,720.0000,173.0000
245.1465,572.7165,720.0000,170.0000
232.0000,594.5997,720.0000,148.0000
235.9011,571.7232,720.0000,173.0000
226.7307,590.4494,720.0000,156.0000
230.6976,587.2043,720.0000,153.0000
242.7323,572.5122,720.0000,172.0000
242.4862,576.0836,720.0000,169.0000
245.3614,574.6108,720.0000,169.0000
251.7689,571.9982,720.0000,174.0000
237.8712,590.0735,720.0000,149.0000
236.8882,580.9203,720.0000,169.0000
252.8664,573.7796,720.0000,174.0000
241.8537,589.7703,720.0000,156.0000
247.3826,579.1895,720.0000,168.0000
260.8892,573.9316,720.0000,170.0000
259.8119,577.3750,720.0000,167.0000
262.2844,576.5843,720.0000,167.0000
266.4722,575.5572,720.0000,169.0000
250.7562,583.9630,720.0000,161.0000
266.2324,580.3372,720.0000,163.0000
264.4529,579.1555,720.0000,165.0000
266.6807,582.7224,720.0000,157.0000
260.3960,582.9441,720.0000,159.0000
266.8668,582.0594,720.0000,159.0000
254.0395,599.0226,720.0000,136.0000
243.5064,601.9918,720.0000,133.0000
243.6018,602.2506,720.0000,133.0000
244.7544,591.7149,720.0000,145.0000
243.5122,593.2986,720.0000,142.0000
244.3261,597.1641,720.0000,139.0000
244.4165,603.5143,720.0000,130.0000
230.9110,611.6929,720.0000,121.0000
242.5555,604.9737,720.0000,130.0000
239.4966,603.1625,720.0000,132.0000
241.0542,616.2043,720.0000,117.0000
229.4725,617.7879,720.0000,118.0000
241.8118,613.2513,720.0000,123.0000
230.1269,611.0017,720.0000,124.0000
222.4549,609.8149,720.0000,125.0000
238.5395,611.1440,720.0000,125.0000
228.0000,611.4264,708.0000,125.0000
220.9426,610.4230,720.0000,123.0000
235.2061,613.3821,720.0000,123.0000
229.5544,616.4618,720.0000,119.0000
234.2550,617.9180,720.0000,119.0000
222.8928,617.7528,720.0000,120.0000
225.7150,617.2688,686.0000,116.0000
220.8194,617.6482,720.0000,117.0000
229.6262,621.0124,720.0000,117.0000
241.0000,622.3761,720.0000,117.0000
237.6329,625.1676,720.0000,113.0000
238.7504,626.6295,720.0000,113.0000
252.4107,628.0215,720.0000,111.0000
250.0420,631.7968,720.0000,105.0000
258.6538,631.4868,720.0000,106.0000
279.0000,633.2611,691.0000,99.0000
268.0000,633.5532,720.0000,102.0000
277.0000,638.5828,720.0000,95.0000
293.0000,639.2939,720.0000,95.0000
301.4059,644.3804,720.0000,89.0000
292.0000,641.9003,720.0000,91.0000
302.0000,643.4614,720.0000,88.0000
279.0000,646.4602,630.0000,81.0000
300.0000,639.6636,720.0000,91.0000
313.0000,648.4246,720.0000,79.0000
315.8695,648.2144,720.0000,80.0000
293.0000,647.9069,613.0000,80.0000
294.6684,644.7086,574.0000,86.0000
309.3189,643.1130,547.0000,88.0000
326.4845,642.4568,525.0000,89.0000
335.0540,641.8253,516.0000,90.0000
367.0000,635.4557,616.0000,99.0000
395.0000,617.3636,717.0000,126.0000
416.0000,598.2775,720.0000,153.0000
439.0000,596.1291,720.0000,157.0000
451.0000,597.7148,720.0000,154.0000
603.0000,576.5954,489.0000,156.0000
710.0000,554.0892,420.0000,175.0000
783.0000,539.3044,370.0000,196.0000
832.0000,542.6047,343.0000,192.0000
849.0000,541.4932,361.0000,195.0000
858.0000,543.1167,366.0000,191.0000
862.6061,541.1341,383.0000,193.0000
862.9253,531.9455,394.0000,208.0000
861.9324,532.8381,406.0000,208.0000
856.9248,531.0615,428.0000,208.0000
871.2398,530.3956,417.0000,208.0000
879.4233,530.5527,407.0000,208.0000
892.3896,531.6706,394.0000,204.0000
901.8964,530.4198,387.0000,204.0000
896.4614,531.5100,393.0000,204.0000
909.5140,529.3606,383.0000,207.0000
911.6349,528.7277,383.0000,210.0000
918.0496,532.7558,371.0000,203.0000
929.1648,535.2311,359.0000,199.0000
917.6310,537.7528,370.0000,199.0000
918.9587,539.0893,375.0000,195.0000
909.2240,543.6468,389.0000,191.0000
925.4930,535.6948,376.0000,205.0000
930.4199,537.6415,376.0000,205.0000
920.4198,539.4166,387.0000,205.0000
925.9590,542.4169,380.0000,198.0000
931.3281,542.7608,374.0000,198.0000
927.7581,542.8285,379.0000,198.0000
887.0000,551.7339,458.0000,194.0000
830.0000,555.7296,540.0000,194.0000
766.0000,560.9836,628.0000,194.0000
696.0000,568.1368,720.0000,187.0000
671.0000,566.2763,720.0000,189.0000
658.0000,570.9071,720.0000,183.0000
648.0000,569.8406,720.0000,183.0000
647.1454,572.1134,720.0000,177.0000
636.6012,575.5905,720.0000,174.0000
631.5024,579.2636,720.0000,168.0000
631.8881,582.7431,720.0000,162.0000
642.1623,580.4741,720.0000,167.0000
634.8043,578.8718,720.0000,167.0000
631.2795,582.0660,720.0000,164.0000
641.6354,582.2308,720.0000,166.0000
645.3224,581.8470,720.0000,166.0000
651.5681,583.9614,720.0000,163.0000
639.3910,583.4480,720.0000,163.0000
651.0676,584.5450,720.0000,160.0000
639.2561,583.0961,720.0000,162.0000
627.2891,585.2723,720.0000,162.0000
617.7852,587.3473,720.0000,162.0000
636.0000,583.8744,720.0000,162.0000
621.0000,587.5417,720.0000,162.0000
609.7921,589.9640,720.0000,159.0000
595.0955,588.6206,720.0000,161.0000
596.3332,586.4440,720.0000,161.0000
592.6344,587.1369,720.0000,161.0000
586.7048,586.4657,720.0000,163.0000
746.0000,569.7935,489.0000,157.0000
861.0000,566.5762,370.0000,161.0000
825.0000,574.6900,485.0000,166.0000
763.0000,578.1146,591.0000,166.0000
701.0000,584.2464,701.0000,163.0000
651.0000,587.1184,720.0000,160.0000
618.0000,581.1479,720.0000,162.0000
595.0000,583.1894,720.0000,162.0000
569.0000,580.8829,720.0000,164.0000
569.6778,582.3196,720.0000,164.0000
739.0000,563.3310,495.0000,166.0000
694.0000,574.6830,641.0000,168.0000
641.0000,577.8068,720.0000,165.0000
770.0000,565.8118,506.0000,162.0000
713.0000,574.7743,632.0000,169.0000
649.0000,575.3417,720.0000,169.0000
607.0000,585.5739,720.0000,166.0000
572.0000,579.2654,720.0000,171.0000
549.0000,582.7442,720.0000,165.0000
538.0000,579.1555,720.0000,167.0000
541.5773,579.3024,720.0000,167.0000
518.0000,583.2940,720.0000,164.0000
510.7237,581.8532,720.0000,166.0000
481.0000,579.9714,720.0000,168.0000
463.0000,580.5949,720.0000,168.0000
461.7917,579.6764,720.0000,170.0000
448.2705,581.4961,720.0000,170.0000
435.0000,581.2766,720.0000,170.0000
446.2882,577.7263,720.0000,172.0000
435.0000,577.3054,720.0000,174.0000
423.5987,578.4934,720.0000,171.0000
408.0856,575.6089,720.0000,176.0000
407.9667,575.7806,720.0000,173.0000
404.1098,574.5613,720.0000,175.0000
401.7238,574.3409,720.0000,175.0000
383.9192,577.7854,720.0000,175.0000
390.2692,572.9850,720.0000,177.0000
407.0000,572.6840,720.0000,179.0000
405.0258,570.7499,720.0000,184.0000
395.0609,571.6858,720.0000,184.0000
400.3236,566.3794,720.0000,184.0000
449.0000,562.2662,720.0000,186.0000
449.5881,559.7721,720.0000,191.0000
461.0000,560.1596,720.0000,191.0000
477.0000,558.2004,720.0000,191.0000
495.0000,555.1698,720.0000,193.0000
504.0000,553.7506,720.0000,193.0000
488.1405,552.9251,720.0000,199.0000
484.3695,554.8506,720.0000,202.0000
495.6291,550.7790,720.0000,198.0000
494.4300,550.1341,720.0000,201.0000
481.0000,554.1292,720.0000,204.0000
480.2557,547.0344,720.0000,207.0000
490.6735,543.2480,720.0000,207.0000
482.6843,547.6810,720.0000,200.0000
469.0000,543.6334,720.0000,209.0000
457.2356,548.2939,720.0000,205.0000
438.0000,549.6443,720.0000,208.0000
447.0000,542.5899,720.0000,211.0000
430.2283,547.2762,720.0000,207.0000
451.0000,539.7491,720.0000,210.0000
474.0000,542.0914,720.0000,206.0000
490.9462,542.3289,720.0000,209.0000
471.0000,539.2692,720.0000,212.0000
458.0000,537.3450,720.0000,212.0000
448.0000,537.9325,720.0000,215.0000
478.0000,533.9650,720.0000,215.0000
471.8583,537.7293,720.0000,218.0000
484.0000,529.7671,720.0000,221.0000
473.9177,536.8157,720.0000,214.0000
473.1498,534.8256,720.0000,220.0000
470.2247,533.0776,720.0000,220.0000
483.0000,529.6983,720.0000,223.0000
476.4884,530.1710,720.0000,223.0000
463.0000,533.2170,720.0000,219.0000
452.0000,537.0636,720.0000,212.0000
444.5465,531.4750,720.0000,221.0000
455.9471,533.5559,720.0000,217.0000
460.3333,529.8491,720.0000,223.0000
455.6080,536.8969,720.0000,212.0000
469.0135,529.8638,720.0000,221.0000
487.0000,526.4472,720.0000,224.0000
485.1508,529.1299,720.0000,220.0000
482.6544,534.2806,720.0000,213.0000
470.2550,528.4933,720.0000,226.0000
484.0000,526.5719,720.0000,222.0000
468.0000,543.9668,720.0000,208.0000
483.0000,522.9392,720.0000,227.0000
467.8792,532.8837,720.0000,219.0000
485.0000,525.7518,720.0000,225.0000
471.0000,535.8467,720.0000,217.0000
469.3554,528.4260,720.0000,223.0000
487.0000,526.2262,720.0000,223.0000
493.9022,526.5994,720.0000,223.0000
489.8761,527.9718,720.0000,223.0000
503.7970,525.2090,720.0000,226.0000
489.0000,528.8201,720.0000,226.0000
498.0000,522.9729,720.0000,229.0000
483.0000,526.5487,720.0000,225.0000
454.0000,531.9128,720.0000,225.0000
457.3131,524.5175,720.0000,228.0000
447.0000,528.9344,720.0000,228.0000
436.0000,529.1267,720.0000,224.0000
426.0000,527.6275,720.0000,227.0000
412.0000,525.0901,720.0000,230.0000
397.0612,525.1136,720.0000,230.0000
394.4862,527.1440,720.0000,226.0000
389.6939,527.4548,720.0000,226.0000
401.3380,529.3193,720.0000,222.0000
390.8166,525.0767,720.0000,232.0000
443.0000,526.0242,720.0000,228.0000
427.0000,525.6862,720.0000,228.0000
410.0000,527.4059,720.0000,228.0000
393.0000,530.2442,720.0000,228.0000
387.6950,525.9513,720.0000,231.0000
374.8426,526.4138,720.0000,231.0000
367.1700,528.1703,720.0000,223.0000
367.3306,528.1266,720.0000,226.0000
363.5398,530.3177,720.0000,222.0000
381.0686,528.6922,720.0000,225.0000
382.2900,528.0667,720.0000,228.0000
382.2430,527.3040,720.0000,231.0000
390.6312,523.8337,720.0000,231.0000
399.0000,525.7211,720.0000,227.0000
412.0000,517.4664,720.0000,237.0000
424.0000,524.3008,720.0000,229.0000
414.0000,521.0205,720.0000,236.0000
404.0000,521.3033,720.0000,236.0000
393.0000,523.5612,720.0000,232.0000
376.1570,522.1485,720.0000,232.0000
364.9018,530.0054,720.0000,221.0000
364.9871,529.5664,720.0000,224.0000
374.3167,527.4650,720.0000,227.0000
380.3620,527.9209,720.0000,227.0000
378.1743,523.5536,720.0000,230.0000
387.1561,522.5187,720.0000,230.0000
400.7887,521.4639,720.0000,233.0000
402.6096,519.7426,720.0000,233.0000
393.8860,520.3777,720.0000,236.0000
384.0000,521.4914,720.0000,236.0000
381.3206,522.0735,720.0000,236.0000
375.3270,518.2638,720.0000,239.0000
380.7286,523.7337,720.0000,231.0000
379.0778,519.4836,720.0000,234.0000
370.3267,518.5108,720.0000,237.0000
359.6926,521.9628,720.0000,233.0000
365.8811,522.6864,720.0000,233.0000
362.9927,518.1851,720.0000,236.0000
380.6198,519.7199,720.0000,236.0000
373.6246,515.0511,720.0000,239.0000
389.9980,518.0857,720.0000,235.0000
383.3069,514.4678,720.0000,242.0000
394.0000,512.7952,720.0000,242.0000
407.0000,513.2543,720.0000,242.0000
406.1531,512.6161,720.0000,242.0000
404.0328,513.2514,720.0000,245.0000
399.9142,510.1551,720.0000,248.0000
392.5255,514.0260,720.0000,244.0000
385.3655,511.3004,720.0000,247.0000
387.1577,509.9758,720.0000,247.0000
382.6674,508.9402,720.0000,247.0000
377.3277,508.6208,720.0000,250.0000
376.4568,508.7607,720.0000,246.0000
374.6657,506.8124,720.0000,249.0000
373.8012,506.9421,720.0000,252.0000
369.2490,509.0451,720.0000,248.0000
377.0942,506.9902,720.0000,248.0000
372.0632,503.1448,720.0000,255.0000
375.3063,505.9792,720.0000,251.0000
372.8640,501.4463,720.0000,254.0000
374.9978,501.9303,720.0000,257.0000
385.4153,500.5962,720.0000,257.0000
389.8917,499.5811,720.0000,257.0000
390.8490,500.0039,720.0000,261.0000
395.3248,499.4537,720.0000,261.0000
389.1938,495.3412,720.0000,265.0000
394.2359,502.7410,720.0000,256.0000
383.5318,501.6300,720.0000,256.0000
386.3865,497.0084,720.0000,260.0000
392.3197,496.7287,720.0000,264.0000
394.7315,495.2623,720.0000,264.0000
386.9318,497.9479,720.0000,259.0000
389.6609,499.4053,720.0000,263.0000
389.6359,494.5423,720.0000,267.0000
389.4341,499.2322,720.0000,258.0000
392.6220,494.7472,720.0000,266.0000
395.4247,495.2027,720.0000,266.0000
392.6760,498.0175,720.0000,261.0000
390.4092,499.5319,720.0000,256.0000
393.0009,498.0457,720.0000,260.0000
394.6806,499.9854,720.0000,255.0000
393.3296,498.2620,720.0000,262.0000
389.8209,499.5436,720.0000,257.0000
388.2654,497.4636,720.0000,261.0000
390.6754,495.4237,720.0000,261.0000
399.8851,497.1932,720.0000,261.0000
394.7466,491.7599,720.0000,269.0000
396.5501,492.9264,720.0000,269.0000
397.2972,497.4854,720.0000,264.0000
394.7069,495.3345,720.0000,268.0000
395.6627,493.6941,720.0000,268.0000
391.9454,497.2215,720.0000,263.0000
400.3584,494.2447,720.0000,267.0000
408.5338,494.7765,720.0000,267.0000
416.4474,495.3119,720.0000,262.0000
414.2304,495.4606,720.0000,266.0000
413.0521,497.3868,720.0000,261.0000
408.8541,496.6512,720.0000,261.0000
420.0000,499.0519,720.0000,261.0000
435.9023,497.4873,720.0000,261.0000
429.1058,497.2294,720.0000,261.0000
423.5151,499.4084,720.0000,256.0000
415.4017,498.5699,720.0000,260.0000
412.9423,497.8598,720.0000,260.0000
414.7970,500.8822,720.0000,260.0000
419.7075,500.3428,720.0000,260.0000
422.9516,499.7689,720.0000,260.0000
433.9612,499.4116,720.0000,260.0000
444.0000,499.1088,720.0000,260.0000
458.6494,501.0900,720.0000,255.0000
446.0000,498.5562,720.0000,262.0000
442.6488,502.3105,720.0000,257.0000
456.0000,497.3378,720.0000,261.0000
477.0000,495.2394,720.0000,261.0000
498.0000,492.6386,720.0000,265.0000
510.0000,496.6878,720.0000,260.0000
506.2754,499.9273,720.0000,255.0000
479.0000,503.4502,720.0000,251.0000
489.5722,501.0542,720.0000,254.0000
478.0000,502.7256,720.0000,254.0000
481.4979,503.9192,720.0000,254.0000
467.0000,502.2670,720.0000,254.0000
460.4581,504.6620,720.0000,254.0000
447.2234,502.3433,720.0000,257.0000
434.7980,502.0332,720.0000,257.0000
426.6596,504.5898,720.0000,252.0000
416.3926,502.0684,720.0000,259.0000
405.2563,506.7623,720.0000,254.0000
412.0981,504.5454,720.0000,257.0000
478.0000,498.5267,720.0000,252.0000
485.9136,498.6567,720.0000,259.0000
464.0000,504.1082,720.0000,259.0000
448.0000,501.4902,720.0000,259.0000
443.3824,505.5354,720.0000,254.0000
444.0017,509.1188,720.0000,246.0000
428.1959,507.6097,720.0000,249.0000
411.9144,509.4773,720.0000,245.0000
406.7897,510.8217,720.0000,245.0000
399.5769,509.7583,720.0000,245.0000
396.4280,511.7072,720.0000,245.0000
400.2228,513.2808,720.0000,241.0000
398.0932,509.9092,720.0000,248.0000
393.3209,512.6645,720.0000,244.0000
397.3199,511.7275,720.0000,244.0000
405.7106,515.0022,720.0000,236.0000
416.0000,513.0847,720.0000,239.0000
427.0000,514.4607,720.0000,239.0000
413.6131,514.4341,720.0000,239.0000
400.3575,515.8498,720.0000,239.0000
417.0000,515.2029,720.0000,235.0000
405.4493,516.8198,720.0000,238.0000
396.2598,518.0952,720.0000,234.0000
390.6399,516.8871,720.0000,237.0000
399.0000,518.0094,720.0000,237.0000
410.0000,516.2027,720.0000,237.0000
410.1508,517.5253,720.0000,237.0000
425.0332,520.4956,720.0000,229.0000
434.0000,518.4891,720.0000,236.0000
450.2011,521.8913,720.0000,228.0000
455.1804,518.2645,720.0000,231.0000
465.0859,523.7267,720.0000,227.0000
460.2051,520.0544,720.0000,230.0000
448.4709,523.9187,720.0000,226.0000
436.0758,523.8489,720.0000,226.0000
446.5472,524.0862,720.0000,226.0000
435.8423,525.1875,720.0000,226.0000
434.3270,525.2089,720.0000,226.0000
418.0000,528.3376,720.0000,222.0000
406.6487,533.4612,720.0000,218.0000
396.1503,536.4867,720.0000,214.0000
391.4019,537.0667,720.0000,214.0000
381.0000,534.2805,720.0000,217.0000
384.7458,538.6451,720.0000,210.0000
399.0000,536.0780,720.0000,210.0000
393.4781,538.3804,720.0000,210.0000
404.6708,537.0425,720.0000,210.0000
400.2677,541.6094,720.0000,206.0000
388.8234,537.4305,720.0000,212.0000
383.3320,542.5467,720.0000,205.0000
371.0000,540.2658,720.0000,205.0000
355.4538,543.9349,720.0000,201.0000
365.0000,544.3100,720.0000,204.0000
370.4598,543.6993,720.0000,200.0000
367.1353,544.1349,720.0000,203.0000
380.7315,544.4375,720.0000,199.0000
376.0977,543.6800,720.0000,202.0000
366.0000,545.2542,720.0000,202.0000
373.3609,542.4892,720.0000,202.0000
363.3802,547.9393,720.0000,198.0000
370.5037,542.2317,720.0000,204.0000
372.2582,548.3421,720.0000,197.0000
383.3252,542.4633,720.0000,206.0000
387.5959,545.1215,720.0000,202.0000
388.3388,543.9795,720.0000,202.0000
392.1985,541.7672,720.0000,208.0000
407.0000,541.0080,720.0000,211.0000
394.0000,539.5161,720.0000,211.0000
401.3229,539.9337,720.0000,214.0000
383.6670,538.7481,720.0000,214.0000
394.6538,540.9517,720.0000,210.0000
412.0906,537.9129,720.0000,213.0000
396.0911,536.3142,720.0000,219.0000
406.8995,535.7881,720.0000,219.0000
393.3324,538.5609,720.0000,215.0000
381.0000,536.8594,720.0000,215.0000
378.9310,538.1185,720.0000,211.0000
380.3413,537.5590,720.0000,214.0000
376.4240,535.8166,720.0000,214.0000
379.1712,533.2370,720.0000,220.0000
374.5679,533.1744,720.0000,220.0000
360.0009,533.5281,720.0000,216.0000
344.4357,536.6437,720.0000,212.0000
357.7099,535.4073,720.0000,215.0000
361.1401,533.3350,720.0000,218.0000
351.0000,534.0277,720.0000,218.0000
336.1184,533.5046,720.0000,214.0000
345.5022,533.4053,720.0000,217.0000
355.4819,533.6764,720.0000,217.0000
354.1109,534.2561,720.0000,217.0000
342.0732,531.3602,720.0000,220.0000
335.3008,533.0734,720.0000,216.0000
348.0057,533.1938,720.0000,216.0000
348.7633,528.8083,720.0000,222.0000
344.8526,529.6019,720.0000,222.0000
353.0051,536.0506,720.0000,215.0000
337.0352,532.1639,720.0000,218.0000
351.8005,532.6942,720.0000,218.0000
347.0521,533.0517,720.0000,218.0000
356.4589,532.7174,720.0000,218.0000
350.0799,535.4856,720.0000,214.0000
346.8966,531.6061,720.0000,220.0000
357.8171,532.2453,720.0000,220.0000
356.5919,533.3296,720.0000,216.0000
350.1461,531.4864,720.0000,219.0000
347.4103,532.0827,720.0000,219.0000
354.3963,532.2878,720.0000,219.0000
340.5990,534.2375,720.0000,215.0000
347.0582,533.9733,720.0000,215.0000
361.0000,529.1642,720.0000,221.0000
350.1148,532.9714,720.0000,217.0000
351.3666,531.2260,720.0000,220.0000
348.3413,533.8888,720.0000,216.0000
354.1401,529.4655,720.0000,222.0000
343.5740,534.4957,720.0000,215.0000
341.9037,533.5648,720.0000,215.0000
348.9465,535.4006,720.0000,211.0000
345.6931,535.2913,720.0000,214.0000
357.7088,533.3940,720.0000,214.0000
351.7994,534.2975,720.0000,214.0000
350.5735,536.0131,720.0000,210.0000
343.4920,538.8753,720.0000,206.0000
332.2901,535.7337,720.0000,209.0000
327.4923,538.0264,720.0000,205.0000
335.9970,536.9350,720.0000,211.0000
353.3920,535.2811,720.0000,211.0000
337.7949,535.9128,720.0000,211.0000
349.6887,536.5905,720.0000,211.0000
353.6395,534.8215,720.0000,211.0000
336.3094,537.5198,720.0000,207.0000
352.0585,535.5580,720.0000,210.0000
342.1016,534.3174,720.0000,213.0000
336.7326,534.8917,720.0000,213.0000
346.0000,536.2981,720.0000,209.0000
352.8375,530.3909,720.0000,218.0000
347.1645,527.8074,720.0000,221.0000
356.0000,527.8206,720.0000,221.0000
349.5694,526.7429,720.0000,221.0000
347.8217,527.0825,720.0000,224.0000
358.2694,527.6456,720.0000,224.0000
370.2287,525.4253,720.0000,227.0000
361.2813,524.5477,720.0000,230.0000
346.5575,526.5261,720.0000,222.0000
355.0000,527.0524,720.0000,225.0000
342.2285,523.5748,720.0000,228.0000
346.1234,525.9501,720.0000,224.0000
363.9404,525.9967,720.0000,224.0000
347.7074,524.0577,720.0000,227.0000
358.8969,524.9769,720.0000,227.0000
356.8591,525.4323,720.0000,227.0000
360.3820,523.0112,720.0000,230.0000
350.9475,523.0663,720.0000,230.0000
345.1684,523.3715,720.0000,230.0000
359.9235,520.6277,720.0000,233.0000
356.0530,521.4201,720.0000,233.0000
355.1113,522.8951,720.0000,225.0000
348.3305,518.0089,720.0000,235.0000
355.1622,528.6807,720.0000,220.0000
348.5564,519.4905,720.0000,230.0000
356.6316,525.5741,720.0000,226.0000
356.4073,519.4731,720.0000,233.0000
363.5928,522.6138,720.0000,229.0000
347.6358,522.7702,720.0000,229.0000
353.8998,527.9880,720.0000,221.0000
343.9576,523.9111,720.0000,224.0000
347.1021,525.6779,720.0000,224.0000
358.8856,525.0999,720.0000,224.0000
349.6819,526.9527,720.0000,224.0000
346.0849,526.5527,720.0000,224.0000
360.6478,526.0202,720.0000,224.0000
348.4730,524.1624,720.0000,227.0000
348.7355,528.9434,720.0000,219.0000
342.2309,529.8882,720.0000,219.0000
340.0121,525.5869,720.0000,222.0000
345.6095,524.3064,720.0000,228.0000
357.9318,526.8414,720.0000,224.0000
369.3082,524.6719,720.0000,227.0000
362.3023,527.0505,720.0000,223.0000
346.1399,529.0995,720.0000,219.0000
355.8839,534.6408,720.0000,212.0000
347.0462,531.6001,720.0000,215.0000
356.0913,536.2591,720.0000,208.0000
348.5442,530.0562,720.0000,214.0000
349.7376,533.5406,720.0000,214.0000
343.2295,536.2672,720.0000,210.0000
336.1503,530.4367,720.0000,216.0000
352.1272,533.4629,720.0000,212.0000
343.5864,531.2555,720.0000,215.0000
340.5447,530.7427,720.0000,215.0000
340.2193,531.9794,720.0000,215.0000
339.8393,532.7184,720.0000,215.0000
340.0751,533.6134,720.0000,215.0000
341.1273,534.1868,720.0000,211.0000
341.2807,532.2248,720.0000,214.0000
341.1715,532.1009,720.0000,214.0000
341.7086,530.3518,720.0000,217.0000
341.7086,530.8051,720.0000,217.0000
341.6952,529.3287,720.0000,220.0000
345.0992,529.9770,720.0000,216.0000
351.4750,528.2997,720.0000,219.0000
348.8387,526.2359,720.0000,225.0000
348.2202,526.6884,720.0000,225.0000
353.0098,528.5625,720.0000,221.0000
348.9046,522.9179,720.0000,227.0000
357.3801,522.2919,720.0000,230.0000
369.0000,522.6534,720.0000,230.0000
378.6587,520.8596,720.0000,233.0000
372.6080,522.9034,720.0000,229.0000
363.6188,522.6255,720.0000,232.0000
353.7623,524.8733,720.0000,224.0000
344.7262,524.6089,720.0000,227.0000
360.6475,526.0211,720.0000,223.0000
355.2942,525.9256,720.0000,223.0000
343.2475,528.1341,720.0000,219.0000
343.6276,526.5164,720.0000,222.0000
339.9243,524.7092,720.0000,225.0000
351.0130,525.5923,720.0000,225.0000
351.3088,525.8032,720.0000,225.0000
351.4726,524.1095,720.0000,228.0000
349.7185,522.6080,720.0000,231.0000
358.3456,523.5342,720.0000,231.0000
373.0000,523.0788,720.0000,227.0000
368.2921,519.5191,720.0000,234.0000
376.7371,523.1011,720.0000,230.0000
365.0000,520.4732,720.0000,233.0000
350.3270,522.6468,720.0000,229.0000
356.2951,520.4935,720.0000,232.0000
353.7980,522.5241,720.0000,228.0000
347.1350,521.8948,720.0000,228.0000
356.0000,523.7679,720.0000,224.0000
352.7389,520.4918,720.0000,231.0000
347.6657,524.4880,720.0000,223.0000
351.2835,527.6014,720.0000,219.0000
349.5700,524.2020,720.0000,225.0000
347.1404,525.6666,720.0000,225.0000
357.6183,528.2081,720.0000,217.0000
361.5970,521.3224,720.0000,227.0000
351.1379,521.3287,720.0000,230.0000
351.6517,523.3415,720.0000,226.0000
347.5767,524.0827,720.0000,226.0000
349.2442,528.2183,720.0000,218.0000
345.6997,526.4413,720.0000,221.0000
343.4680,526.3638,720.0000,221.0000
339.1958,525.0443,720.0000,221.0000
352.8552,523.4568,720.0000,224.0000
346.5135,524.1236,720.0000,224.0000
350.1487,528.4410,720.0000,217.0000
350.4066,526.4781,720.0000,220.0000
351.7076,524.6253,720.0000,223.0000
347.9155,523.1700,720.0000,226.0000
355.5754,525.0668,720.0000,226.0000
343.1824,524.0309,720.0000,222.0000
347.0809,524.2849,720.0000,222.0000
361.1789,523.4696,720.0000,225.0000
354.6153,519.9306,720.0000,232.0000
353.9373,518.2389,720.0000,232.0000
352.1240,522.7461,720.0000,224.0000
353.8395,522.2828,720.0000,227.0000
353.0388,520.3230,720.0000,234.0000
357.2630,520.0200,720.0000,230.0000
358.0889,519.8145,720.0000,230.0000
368.0099,518.6612,720.0000,237.0000
351.8276,523.8120,720.0000,225.0000
356.4423,521.6620,720.0000,232.0000
347.0536,523.3549,720.0000,228.0000
356.0000,525.3265,720.0000,224.0000
354.0649,519.9671,720.0000,231.0000
356.4612,518.8219,720.0000,234.0000
351.0034,521.2775,720.0000,230.0000
357.8821,520.8890,720.0000,233.0000
363.0214,519.9645,720.0000,233.0000
360.6055,517.1082,720.0000,240.0000
370.0000,517.6719,720.0000,240.0000
361.4148,515.3848,720.0000,240.0000
368.8461,520.8917,720.0000,232.0000
352.5349,514.9034,720.0000,239.0000
359.5744,518.3712,720.0000,235.0000
364.7928,520.9285,720.0000,231.0000
362.9492,513.4641,720.0000,241.0000
360.6698,515.5231,720.0000,241.0000
365.7444,520.1920,720.0000,233.0000
358.9443,514.4441,720.0000,240.0000
352.3462,515.8438,720.0000,240.0000
363.5517,518.9065,720.0000,232.0000
362.2718,516.3275,720.0000,235.0000
360.7145,517.0018,720.0000,235.0000
357.8867,518.0642,720.0000,235.0000
350.2280,516.4629,720.0000,235.0000
359.7082,520.4533,720.0000,231.0000
347.9916,514.8537,720.0000,238.0000
345.8622,517.6846,720.0000,234.0000
355.3155,517.0824,720.0000,234.0000
356.6572,516.1561,720.0000,234.0000
355.2705,517.8093,720.0000,234.0000
356.2677,514.0056,720.0000,237.0000
355.9876,518.3704,720.0000,229.0000
355.8676,514.9007,720.0000,236.0000
356.3319,513.9638,720.0000,236.0000
354.9527,516.4364,720.0000,236.0000
357.0741,515.6801,720.0000,236.0000
356.8187,515.4824,720.0000,236.0000
355.9422,515.1424,720.0000,236.0000
354.1565,514.2907,720.0000,236.0000
361.0825,517.4897,720.0000,236.0000
345.9184,516.2433,720.0000,236.0000
356.1189,515.7520,720.0000,236.0000
354.9085,514.7247,720.0000,236.0000
359.0910,516.8192,720.0000,232.0000
341.6575,517.6133,720.0000,232.0000
355.0542,519.4617,720.0000,232.0000
354.1062,516.7678,720.0000,232.0000
356.1023,519.0584,720.0000,232.0000
352.3409,514.6635,720.0000,235.0000
358.1066,520.4654,720.0000,231.0000
350.8457,519.6609,720.0000,227.0000
350.3609,524.0454,720.0000,223.0000
337.2866,522.7159,720.0000,226.0000
336.1241,521.2445,720.0000,226.0000
339.9346,518.9753,720.0000,229.0000
351.1493,523.7218,720.0000,225.0000
344.0258,522.2464,720.0000,228.0000
355.7065,518.7870,720.0000,231.0000
353.3191,520.6774,720.0000,231.0000
349.9132,522.0913,720.0000,227.0000
340.0000,522.0603,720.0000,227.0000
341.2793,520.8868,720.0000,230.0000
348.0734,524.5500,720.0000,222.0000
337.2378,525.6555,720.0000,222.0000
333.4195,525.8282,720.0000,222.0000
345.8227,526.9211,720.0000,222.0000
351.7187,522.7823,720.0000,225.0000
339.6904,527.4800,720.0000,221.0000
339.0011,527.4765,720.0000,221.0000
332.0566,528.0668,720.0000,221.0000
345.5949,529.1425,720.0000,217.0000
346.8365,528.9392,720.0000,217.0000
347.3112,529.0135,720.0000,217.0000
347.5727,531.6487,720.0000,213.0000
344.0672,530.0011,720.0000,216.0000
350.4048,532.9167,720.0000,212.0000
340.0000,532.9517,720.0000,212.0000
338.6514,532.8734,720.0000,212.0000
328.2656,535.2435,720.0000,208.0000
321.4635,535.2468,720.0000,211.0000
332.0000,533.8353,720.0000,214.0000
349.1159,536.8373,720.0000,207.0000
338.1797,532.6410,720.0000,213.0000
334.1640,538.2239,720.0000,206.0000
350.0689,534.5085,720.0000,212.0000
332.8144,536.7638,720.0000,208.0000
348.7604,535.5134,720.0000,211.0000
342.1122,538.5036,720.0000,207.0000
353.0000,534.5150,720.0000,213.0000
351.5384,537.7085,720.0000,209.0000
336.1262,534.2632,720.0000,212.0000
350.3928,537.5758,720.0000,208.0000
336.0059,534.8139,720.0000,211.0000
349.6567,538.4555,720.0000,207.0000
342.9981,534.8832,720.0000,213.0000
359.0000,537.1122,720.0000,209.0000
357.5392,531.9227,720.0000,218.0000
364.7823,536.9323,720.0000,211.0000
373.1295,533.5520,720.0000,214.0000
362.0000,535.2242,720.0000,214.0000
352.0000,535.8659,720.0000,210.0000
342.8326,538.8557,720.0000,206.0000
357.0000,533.8349,720.0000,215.0000
362.6287,538.0917,720.0000,208.0000
345.8221,534.5891,720.0000,214.0000
359.0000,533.4437,720.0000,214.0000
356.5881,535.9295,720.0000,214.0000
362.1039,537.1978,720.0000,210.0000
352.1795,531.4324,720.0000,219.0000
346.5664,535.9295,720.0000,212.0000
357.0000,536.4856,720.0000,208.0000
370.9645,532.7835,720.0000,214.0000
368.1947,533.3029,720.0000,217.0000
376.3237,534.8904,720.0000,213.0000
360.1207,531.0879,720.0000,216.0000
358.6668,534.3844,720.0000,216.0000
366.1204,536.0938,720.0000,212.0000
361.5457,535.9204,720.0000,208.0000
360.0453,533.2570,720.0000,214.0000
353.9240,538.3959,720.0000,210.0000
350.6271,533.8316,720.0000,213.0000
352.6018,535.4792,720.0000,213.0000
348.8138,536.7580,720.0000,209.0000
358.6985,533.6866,720.0000,215.0000
367.0000,540.0985,720.0000,204.0000
368.0847,529.4594,720.0000,219.0000
380.2193,534.9239,720.0000,212.0000
383.8852,534.3342,720.0000,215.0000
384.8443,532.4516,720.0000,218.0000
384.9210,535.4716,720.0000,214.0000
384.5033,533.0610,720.0000,217.0000
382.2457,536.3387,720.0000,213.0000
380.8698,535.4685,720.0000,213.0000
390.9821,534.3644,720.0000,213.0000
389.5465,535.4364,720.0000,213.0000
372.9339,535.7720,720.0000,209.0000
380.8949,533.2881,720.0000,215.0000
387.5302,535.2366,720.0000,211.0000
379.3936,533.2206,720.0000,217.0000
364.8099,533.4847,720.0000,213.0000
363.3004,533.2119,720.0000,216.0000
374.0341,535.6901,720.0000,212.0000
378.8026,528.5592,720.0000,221.0000
369.0000,528.8227,720.0000,221.0000
362.5968,532.3909,720.0000,214.0000
357.5606,532.7378,720.0000,217.0000
349.3640,532.7241,720.0000,213.0000
366.1899,531.9550,720.0000,216.0000
357.8379,531.8028,720.0000,219.0000
345.0667,529.7211,720.0000,219.0000
355.8035,531.4891,720.0000,215.0000
353.1785,528.7835,720.0000,221.0000
356.6388,528.6187,720.0000,221.0000
354.4004,525.9187,720.0000,224.0000
362.6052,522.2076,720.0000,231.0000
362.4288,526.2232,720.0000,227.0000
367.4549,522.1765,720.0000,230.0000
359.8549,520.2086,720.0000,233.0000
343.9178,520.3904,720.0000,233.0000
361.3195,519.0015,720.0000,236.0000
352.8168,524.8853,720.0000,224.0000
368.3608,520.3722,720.0000,234.0000
361.7209,517.7358,720.0000,234.0000
348.9581,523.7870,720.0000,226.0000
335.1104,521.9570,720.0000,226.0000
345.0000,522.6914,720.0000,229.0000
361.6578,522.1794,720.0000,229.0000
351.0000,519.5687,720.0000,232.0000
364.4398,519.2980,720.0000,232.0000
373.0978,520.1982,720.0000,232.0000
363.0000,518.9267,720.0000,232.0000
360.9846,519.2374,720.0000,232.0000
351.0000,518.7045,720.0000,232.0000
345.5270,517.9852,720.0000,232.0000
360.0635,520.3370,720.0000,232.0000
345.2614,522.2852,720.0000,228.0000
354.0177,523.9226,720.0000,224.0000
369.5517,519.9145,720.0000,231.0000
361.1606,519.7885,720.0000,231.0000
352.9060,520.3678,720.0000,231.0000
341.9357,521.7673,720.0000,227.0000
337.2426,522.5676,720.0000,227.0000
352.3015,521.7047,720.0000,227.0000
348.9717,523.7963,720.0000,227.0000
346.6010,521.4184,720.0000,230.0000
357.0000,524.9267,720.0000,226.0000
365.3569,523.2924,720.0000,226.0000
356.0000,520.3030,720.0000,233.0000
347.9148,522.0719,720.0000,229.0000
362.4079,527.3830,720.0000,221.0000
352.6476,523.4934,720.0000,227.0000
349.8215,521.2256,720.0000,230.0000
355.2596,524.3466,720.0000,226.0000
356.7712,521.5077,720.0000,229.0000
356.5602,521.5017,720.0000,229.0000
354.8518,523.4025,720.0000,225.0000
350.2146,523.3756,720.0000,228.0000
344.3583,525.3593,720.0000,224.0000
355.0000,524.1982,720.0000,224.0000
361.9664,526.3924,720.0000,224.0000
345.4565,522.6671,720.0000,227.0000
354.0000,524.4740,720.0000,223.0000
345.0695,525.4773,720.0000,223.0000
354.2122,524.5327,720.0000,226.0000
348.9631,523.4998,720.0000,226.0000
350.1067,522.3701,720.0000,226.0000
346.4163,524.3574,720.0000,226.0000
341.8160,525.0108,720.0000,222.0000
345.8236,524.0456,720.0000,225.0000
349.3520,523.1719,720.0000,228.0000
337.8020,524.4043,720.0000,224.0000
330.4043,525.3079,720.0000,224.0000
340.0000,526.9543,720.0000,220.0000
337.2258,527.1686,720.0000,220.0000
338.7899,525.5574,720.0000,223.0000
336.9819,524.8425,720.0000,226.0000
349.9254,522.2520,720.0000,229.0000
342.8740,521.6363,720.0000,229.0000
341.8661,524.1838,720.0000,225.0000
336.6964,523.1379,720.0000,228.0000
343.4794,525.0925,720.0000,224.0000
337.9220,525.9549,720.0000,224.0000
339.4941,525.0254,720.0000,224.0000
341.5524,524.7301,720.0000,227.0000
350.9747,522.4093,720.0000,230.0000
339.5306,523.1632,720.0000,230.0000
343.4004,523.1104,720.0000,230.0000
351.1306,523.1391,720.0000,230.0000
341.7625,526.0226,720.0000,226.0000
342.9342,525.0248,720.0000,226.0000
344.2728,524.7486,720.0000,226.0000
348.9093,524.3704,720.0000,226.0000
336.6202,526.4203,720.0000,222.0000
346.1016,525.8134,720.0000,225.0000
352.0802,524.1087,720.0000,228.0000
338.4407,526.1848,720.0000,224.0000
344.5264,523.7436,720.0000,227.0000
358.5825,526.6299,720.0000,223.0000
351.5238,526.7917,720.0000,223.0000
342.4972,524.6797,720.0000,226.0000
347.9865,524.2810,720.0000,226.0000
351.0390,524.8686,720.0000,226.0000
344.5492,523.6561,720.0000,229.0000
349.9156,521.9222,720.0000,232.0000
350.2670,523.8794,720.0000,228.0000
350.7513,523.2769,720.0000,231.0000
349.9719,524.9182,720.0000,227.0000
349.1075,526.0730,720.0000,227.0000
350.5026,526.0265,720.0000,223.0000
352.1515,524.9231,720.0000,226.0000
352.2031,526.0651,720.0000,226.0000
353.6456,526.9714,720.0000,226.0000
357.7855,527.6809,720.0000,222.0000
348.6063,521.4140,720.0000,232.0000
348.0810,528.0267,720.0000,224.0000
349.4964,524.9564,720.0000,231.0000
343.2713,527.0513,720.0000,227.0000
354.0000,528.8241,720.0000,223.0000
350.9362,526.3206,720.0000,226.0000
341.7833,528.1689,720.0000,226.0000
339.4597,526.5426,720.0000,226.0000
329.5415,531.5084,720.0000,222.0000
328.1362,532.4051,720.0000,218.0000
313.3047,536.4417,720.0000,214.0000
326.0000,536.3783,720.0000,214.0000
331.2905,537.0140,720.0000,214.0000
315.6285,536.4413,720.0000,214.0000
328.0187,538.6172,720.0000,210.0000
331.6775,537.0589,720.0000,213.0000
321.0000,539.6705,720.0000,209.0000
306.2749,537.0192,720.0000,212.0000
321.4600,539.7180,720.0000,208.0000
304.8741,539.1086,720.0000,208.0000
313.6780,536.2365,720.0000,211.0000
320.4566,538.9228,720.0000,211.0000
328.6255,539.0700,720.0000,211.0000
326.9676,535.3100,720.0000,214.0000
319.6303,539.9595,720.0000,207.0000
329.0000,536.5029,720.0000,210.0000
318.1931,538.1559,720.0000,210.0000
315.9900,538.7476,720.0000,206.0000
301.8137,538.5081,720.0000,209.0000
295.5198,541.4525,720.0000,202.0000
297.1820,537.7794,720.0000,208.0000
298.8190,541.2619,720.0000,204.0000
310.7344,537.6024,720.0000,210.0000
323.6154,539.2236,720.0000,206.0000
337.2120,537.5776,720.0000,209.0000
327.0000,538.8066,720.0000,209.0000
317.0000,539.3195,720.0000,205.0000
305.0000,539.2302,720.0000,208.0000
287.9060,541.8039,720.0000,201.0000
293.7132,540.6569,720.0000,207.0000
280.4024,542.2548,720.0000,203.0000
290.0000,540.2483,720.0000,209.0000
301.8540,541.7943,720.0000,205.0000
318.3797,538.4466,720.0000,208.0000
305.0000,542.5652,720.0000,204.0000
303.2066,538.0734,720.0000,207.0000
317.5581,539.8872,720.0000,207.0000
300.4239,538.6581,720.0000,210.0000
303.8122,542.4613,720.0000,203.0000
313.2897,537.8326,720.0000,212.0000
319.5231,539.2497,720.0000,208.0000
307.0000,541.7712,720.0000,204.0000
297.3670,541.9006,720.0000,204.0000
280.4104,544.6009,720.0000,204.0000
297.3586,541.1136,720.0000,207.0000
280.9829,546.2135,720.0000,200.0000
295.2515,540.2368,720.0000,206.0000
289.1751,542.0844,720.0000,206.0000
295.7806,543.7101,720.0000,202.0000
283.7478,543.1549,720.0000,205.0000
292.4995,541.7438,720.0000,205.0000
304.5635,541.7322,720.0000,205.0000
316.1250,541.1450,720.0000,205.0000
324.0995,541.2027,720.0000,208.0000
326.7607,539.5327,720.0000,208.0000
341.1146,539.3524,720.0000,208.0000
329.0000,540.9700,720.0000,204.0000
322.5968,539.8033,720.0000,207.0000
316.0378,539.7662,720.0000,210.0000
323.5136,542.3973,720.0000,206.0000
329.1010,537.4356,720.0000,212.0000
325.8489,541.6744,720.0000,205.0000
338.8678,537.9918,720.0000,208.0000
337.0846,538.8873,720.0000,211.0000
338.0963,540.3467,720.0000,207.0000
343.0577,538.4557,720.0000,210.0000
328.0000,542.3930,720.0000,206.0000
337.1333,538.0566,720.0000,212.0000
337.2532,537.8375,720.0000,212.0000
336.9730,537.8997,720.0000,212.0000
333.8704,537.7575,720.0000,212.0000
322.8791,540.8562,720.0000,208.0000
321.7796,542.8815,720.0000,204.0000
312.3804,540.8400,720.0000,207.0000
312.2917,544.8820,720.0000,200.0000
315.6120,540.2454,720.0000,209.0000
325.7180,540.7492,720.0000,209.0000
339.6430,540.1295,720.0000,209.0000
333.5318,540.5635,720.0000,209.0000
318.4655,541.1651,720.0000,209.0000
308.0000,544.2853,720.0000,205.0000
290.9483,544.5892,720.0000,205.0000
298.2087,543.2773,720.0000,205.0000
284.6954,544.4441,720.0000,205.0000
277.4267,547.1875,720.0000,201.0000
283.3906,546.1868,720.0000,204.0000
282.2769,543.4273,720.0000,204.0000
292.9609,546.0505,720.0000,200.0000
303.6130,543.2282,720.0000,203.0000
313.0000,541.8507,720.0000,209.0000
317.0971,541.4714,720.0000,205.0000
308.3383,542.9242,720.0000,208.0000
291.3867,542.7632,720.0000,204.0000
300.0000,542.9218,720.0000,204.0000
298.7801,546.7346,720.0000,200.0000
293.7856,541.5421,720.0000,206.0000
300.0056,546.1617,720.0000,202.0000
295.5761,543.8987,720.0000,205.0000
294.9811,544.1943,720.0000,205.0000
297.3285,545.3477,720.0000,205.0000
293.0684,541.9363,720.0000,205.0000
300.9032,542.1989,720.0000,205.0000
297.4472,542.8255,720.0000,205.0000
292.2387,542.7325,720.0000,205.0000
293.7705,543.7879,720.0000,205.0000
301.2105,541.5781,720.0000,208.0000
295.7165,541.9220,720.0000,208.0000
306.8954,540.8249,720.0000,211.0000
307.7351,541.8918,720.0000,207.0000
322.0042,539.5318,720.0000,210.0000
319.2530,540.8218,720.0000,210.0000
320.6218,538.8752,720.0000,210.0000
333.9734,539.8183,720.0000,210.0000
339.1101,540.5686,720.0000,210.0000
327.0000,538.0094,720.0000,213.0000
316.0000,540.3110,720.0000,209.0000
299.3137,541.1719,720.0000,205.0000
304.9387,539.6451,720.0000,211.0000
287.7705,542.1220,720.0000,207.0000
296.6384,542.3760,720.0000,207.0000
288.7677,542.1562,720.0000,207.0000
297.1110,542.2812,720.0000,207.0000
288.9658,543.8626,720.0000,203.0000
290.9582,542.6234,720.0000,206.0000
306.0738,540.0440,720.0000,209.0000
304.9802,541.6524,720.0000,209.0000
315.8803,540.7244,720.0000,209.0000
320.4046,537.9917,720.0000,212.0000
303.8624,540.0841,720.0000,208.0000
295.0298,540.9297,720.0000,208.0000
305.0000,541.9087,720.0000,208.0000
304.1511,540.3115,720.0000,211.0000
295.5642,541.4306,720.0000,207.0000
307.4876,540.2657,720.0000,210.0000
313.7359,540.7517,720.0000,210.0000
297.9495,540.4354,720.0000,206.0000
314.7944,542.4270,720.0000,209.0000
303.0000,541.1347,720.0000,205.0000
300.6244,539.8793,720.0000,208.0000
310.0000,542.1214,720.0000,208.0000
313.0019,540.2853,720.0000,211.0000
323.5508,541.7459,720.0000,207.0000
333.4849,536.5986,720.0000,213.0000
320.2359,541.6325,720.0000,209.0000
310.0000,538.9210,720.0000,209.0000
294.5282,541.8977,720.0000,205.0000
285.3218,540.7935,720.0000,205.0000
280.8641,540.7513,720.0000,205.0000
283.5939,541.6082,720.0000,208.0000
289.8210,544.6432,720.0000,204.0000
282.5740,544.3754,720.0000,204.0000
293.6200,542.3164,720.0000,207.0000
299.1614,543.1691,720.0000,207.0000
287.9114,539.9745,720.0000,207.0000
279.7937,541.7063,720.0000,203.0000
281.9980,543.5618,720.0000,203.0000
269.1225,547.4938,720.0000,199.0000
275.1887,542.9389,720.0000,202.0000
289.6422,544.2927,720.0000,202.0000
294.3594,540.1782,720.0000,205.0000
285.8204,542.4904,720.0000,205.0000
276.0481,546.9818,720.0000,201.0000
281.2996,545.0774,720.0000,204.0000
267.6208,543.0752,720.0000,207.0000
272.6033,545.9978,720.0000,207.0000
262.0856,544.9412,720.0000,203.0000
252.8634,545.3898,720.0000,203.0000
252.4917,549.1240,720.0000,199.0000
250.3533,547.7857,720.0000,199.0000
254.3366,546.6070,720.0000,195.0000
264.5804,545.3144,720.0000,201.0000
266.2961,544.5988,720.0000,201.0000
270.7440,544.7216,720.0000,204.0000
283.1876,543.4509,720.0000,204.0000
273.2561,544.0858,720.0000,204.0000
267.5100,543.8476,720.0000,204.0000
277.0000,548.2314,720.0000,200.0000
294.3216,542.9673,720.0000,206.0000
282.6761,545.3953,720.0000,206.0000
277.2470,546.7388,720.0000,202.0000
280.0910,541.7790,720.0000,205.0000
291.3543,543.9285,720.0000,201.0000
296.2873,541.2646,720.0000,207.0000
291.8940,546.1687,720.0000,203.0000
296.5857,543.3690,720.0000,206.0000
290.3004,546.7949,720.0000,206.0000
286.6564,542.3250,720.0000,206.0000
303.0467,548.0205,720.0000,202.0000
295.5207,539.1023,720.0000,208.0000
305.0000,546.6652,720.0000,201.0000
319.1983,543.9305,720.0000,207.0000
331.0000,543.3266,720.0000,207.0000
342.0667,540.5402,720.0000,207.0000
352.0000,540.2768,720.0000,210.0000
342.0000,542.2355,720.0000,213.0000
341.1544,540.4086,720.0000,209.0000
323.2898,538.5636,720.0000,212.0000
322.4978,543.5644,720.0000,208.0000
310.2719,541.9880,720.0000,208.0000
297.6176,546.0955,720.0000,204.0000
305.4251,544.4033,720.0000,204.0000
319.0000,546.8629,720.0000,204.0000
328.9553,542.2021,720.0000,207.0000
336.0987,543.3646,720.0000,207.0000
324.0000,541.9687,720.0000,207.0000
309.4792,542.1686,720.0000,207.0000
306.6894,545.2412,720.0000,203.0000
313.2315,546.8844,720.0000,203.0000
301.0000,540.4671,720.0000,206.0000
290.0000,541.5387,720.0000,206.0000
290.3178,546.0669,720.0000,202.0000
306.0000,547.0454,720.0000,205.0000
321.0000,545.0854,720.0000,208.0000
309.0000,541.0258,720.0000,208.0000
294.9662,543.8025,720.0000,204.0000
288.4573,544.2284,720.0000,204.0000
279.0611,548.0160,720.0000,200.0000
272.6580,548.2653,720.0000,200.0000
289.4126,550.8596,720.0000,200.0000
274.8617,545.4326,720.0000,200.0000
276.6823,549.0215,720.0000,200.0000
290.3879,548.2608,720.0000,200.0000
285.0520,545.6243,720.0000,203.0000
271.3161,547.4684,720.0000,199.0000
263.8790,548.5555,720.0000,195.0000
258.8711,550.1310,720.0000,195.0000
251.6370,550.5638,720.0000,195.0000
240.9489,552.7017,720.0000,188.0000
228.9129,552.9657,720.0000,188.0000
217.0266,553.9822,720.0000,188.0000
207.4082,556.4424,720.0000,182.0000
217.4828,557.5768,720.0000,182.0000
225.1782,558.4481,720.0000,182.0000
220.0056,554.8244,720.0000,187.0000
232.2840,560.4098,720.0000,181.0000
231.1032,554.3422,720.0000,186.0000
247.9471,558.0127,720.0000,186.0000
239.3980,552.5584,720.0000,191.0000
244.4374,555.8431,720.0000,185.0000
243.6033,556.6685,720.0000,187.0000
235.5342,555.4686,720.0000,187.0000
234.4220,556.5221,720.0000,184.0000
235.9358,556.0402,720.0000,186.0000
236.2504,552.5718,720.0000,188.0000
228.2209,550.1943,720.0000,193.0000
239.0000,561.6954,720.0000,180.0000
251.9186,556.4831,720.0000,185.0000
262.6444,555.8911,720.0000,187.0000
277.2506,556.9202,720.0000,189.0000