211.2547
0.0565
0.0552
0.0548
0.0755
0.0733
0.0710
0.0589
0.0628
0.0803
0.0637
0.0595
0.0713
0.0526
0.0657
0.0561
0.0517
0.0547
0.0539
0.0577
0.0647
0.0524
0.0509
0.0437
0.0670
0.0593
0.0585
0.0550
0.0580
0.0488
0.0504
0.0502
0.0717
0.0521
0.0571
0.0651
0.0581
0.0637
0.0606
0.0532
0.0497
0.0661
0.0612
0.0615
0.0435
0.0650
0.0777
0.0517
0.0547
0.0621
0.0641
0.0843
0.0682
0.0550
0.0668
0.0530
0.0549
0.0621
0.0707
0.0512
0.0642
0.0564
0.0667
0.0734
0.0521
0.0554
0.0548
0.0500
0.0567
0.0680
0.0662
0.0589
0.0580
0.0681
0.0587
0.0579
0.0572
0.0551
0.0530
0.0610
0.0631
0.0741
0.0720
0.0602
0.0667
0.0555
0.0611
0.0800
0.0561
0.0610
0.0601
0.0641
0.0640
0.0610
0.0544
0.0652
0.0636
0.0754
0.0560
0.0554
0.0528
0.0722
0.0534
0.0624
0.0658
0.0571
0.0709
0.0487
0.0552
0.0650
0.0631
0.0579
0.0687
0.0491
0.0597
0.0750
0.0597
0.0636
0.0607
0.0617
0.0650
0.0667
0.0551
0.0521
0.0652
0.0571
0.0643
0.0581
0.0602
0.0580
0.0677
0.0598
0.0670
0.0534
0.0568
0.0657
0.0700
0.0540
0.0580
0.0564
0.0591
0.0538
0.0612
0.0692
0.0542
0.0510
0.0610
0.0534
0.0720
0.0558
0.0581
0.0591
0.0480
0.0553
0.0641
0.0812
0.0551
0.0587
0.0574
0.0588
0.0594
0.0584
0.0571
0.0560
0.0632
0.0687
0.0618
0.0727
0.0560
0.0574
0.0668
0.0607
0.0518
0.0727
0.0528
0.0602
0.0598
0.0520
0.0690
0.0511
0.0537
0.0834
0.0608
0.0598
0.0510
0.0750
0.0522
0.0534
0.0708
0.0567
0.0641
0.0587
0.0821
0.0597
0.0643
0.0720
0.0628
0.0571
0.0572
0.0471
0.0624
0.0484
0.0450
0.0735
0.0620
0.0530
0.0724
0.0767
0.0531
0.0682
0.0606
0.0717
0.0590
0.0602
0.0610
0.0711
0.0530
0.0631
0.0623
0.0685
0.0612
0.0662
0.0763
0.0595
0.0694
0.0506
0.0655
0.0640
0.0740
0.0550
0.0629
0.0590
0.0660
0.0654
0.0631
0.0654
0.0697
0.0597
0.0526
0.0694
0.0633
0.0571
0.0541
0.0711
0.0561
0.0724
0.0718
0.0650
0.0564
0.0631
0.0668
0.0670
0.0482
0.0708
0.0621
0.0550
0.0717
0.0673
0.0611
0.0582
0.0710
0.0579
0.0672
0.0734
0.0601
0.0648
0.0680
0.0840
0.0556
0.0520
0.0671
0.0571
0.0580
0.0830
0.0730
0.0570
0.0650
0.0580
0.0720
0.0630
0.0760
0.0641
0.0650
0.0564
0.0664
0.0444
0.0634
0.0438
0.0671
0.0670
0.0594
0.0803
0.0628
0.0510
0.0697
0.0647
0.0530
0.0580
0.0574
0.0697
0.0709
0.0564
0.0550
0.0670
0.0651
0.0571
0.0554
0.0604
0.0664
0.0674
0.0614
0.0630
0.0712
0.0564
0.0633
0.0689
0.0530
0.0624
0.0737
0.0677
0.0604
0.0543
0.0577
0.0584
0.0531
0.0591
0.0639
0.0647
0.0601
0.0613
0.0711
0.0631
0.0610
0.0701
0.0481
0.0731
0.0770
0.0671
0.0567
0.0668
0.0514
0.0480
0.0745
0.0617
0.0567