1
536.5671,203.5470,21.0000,19.0000
533.9860,209.5964,21.0000,19.0000
532.3697,218.7836,21.0000,17.0000
530.5833,225.5279,21.0000,17.0000
528.7906,232.8173,21.0000,17.0000
528.4950,240.9698,19.0000,15.0000
528.4317,247.6348,18.0000,14.0000
530.5018,253.0401,17.0000,14.0000
532.7835,256.5828,17.0000,15.0000
536.4719,259.2595,17.0000,15.0000
543.7564,261.5787,15.0000,15.0000
553.1039,263.1502,13.0000,15.0000
562.5459,267.9285,10.0000,11.0000
567.4868,268.2120,8.0000,10.0000
567.4868,268.2120,8.0000,10.0000
2
0
0
0
0
1
649.0312,287.3825,15.0000,9.0000
654.5768,288.6755,15.0000,9.0000
660.6692,289.8682,13.0000,9.0000
665.9995,291.5964,12.0000,7.0000
671.1055,292.1194,12.0000,8.0000
674.6649,292.3083,13.0000,9.0000
675.2418,290.7203,17.0000,11.0000
680.4896,289.4470,17.0000,13.0000
684.5703,289.1484,18.0000,12.0000
685.7607,286.3045,23.0000,17.0000
684.9896,278.6405,27.0000,31.0000
687.6032,262.5031,26.0000,62.0000
683.0273,249.6233,37.0000,85.0000
676.2391,226.6216,54.0000,122.0000
670.9359,212.8760,70.0000,161.0000
665.2917,207.1129,91.0000,199.0000
673.9482,232.8667,118.0000,244.0000
670.6865,247.3590,157.0000,306.0000
660.9921,262.5722,203.0000,384.0000
624.0923,262.3963,271.0000,456.0000
618.8769,236.9048,294.0000,484.0000
624.7606,246.1149,307.0000,514.0000
2
0
0
0
0
1
863.0000,220.0000,15.0000,12.0000
2
0
0
0
0
1
979.8535,180.8569,5.0000,6.0000
2
0
0
0
0
1
1055.4325,168.0908,11.0000,8.0000
1067.3360,176.8336,1.0000,1.0000
2
0
0
0
0
1
1087.0860,134.7608,12.0000,10.0000
1089.4036,129.9008,11.0000,9.0000
1090.9998,125.0777,11.0000,8.0000
1092.9400,121.3526,11.0000,9.0000
1096.0698,121.1429,9.0000,7.0000
1100.5129,119.4543,5.0000,4.0000
1100.5129,119.4543,5.0000,4.0000
2
0
0
0
0
1
1124.1373,58.5829,9.0000,10.0000
1129.7098,54.9586,7.0000,10.0000
1135.4670,54.2612,4.0000,9.0000
1135.4670,54.2612,4.0000,9.0000
2
0
0
0
0
1
1183.7972,40.4882,7.0000,7.0000
1189.4110,45.3828,4.0000,4.0000
2
0
0
0
0
1
2
0
0
0
0
1
2
0
0
0
0
1
2
0
0
0
0
1
1233.4786,324.2081,19.0000,6.0000
1230.9075,330.2997,10.0000,2.0000
2
0
0
0
0
1
1171.1446,393.0397,11.0000,6.0000
2
0
0
0
0
1
1116.2112,452.8928,16.0000,8.0000
1112.3194,458.3624,12.0000,5.0000
1110.1534,462.4092,5.0000,3.0000
2
0
0
0
0
1
1087.8426,456.7215,17.0000,10.0000
1085.4648,451.6929,17.0000,11.0000
1085.2605,450.3469,17.0000,11.0000
1081.2838,450.6815,16.0000,9.0000
1075.0774,450.9528,11.0000,5.0000
1071.0846,449.5110,11.0000,5.0000
1070.0893,448.3245,12.0000,4.0000
1065.4405,449.7832,7.0000,3.0000
1062.1703,450.1942,2.0000,3.0000
1062.1703,450.1942,2.0000,3.0000
2
0
0
0
0
1
1012.0477,427.0833,21.0000,14.0000
1004.9394,423.9287,23.0000,15.0000
1004.9394,423.9287,23.0000,15.0000
1004.9394,423.9287,23.0000,15.0000
1004.9394,423.9287,23.0000,15.0000
1004.9394,423.9287,23.0000,15.0000
1004.9394,423.9287,23.0000,15.0000
2
0
0
0
0
1
963.4212,412.9367,7.0000,7.0000
960.3548,409.3060,9.0000,7.0000
957.4975,405.7361,8.0000,6.0000
955.6550,402.4124,8.0000,5.0000
953.3122,399.1737,8.0000,3.0000
953.3122,399.1737,8.0000,3.0000
2
0
0
0
0
1
929.9344,352.5763,20.0000,11.0000
930.7847,351.9291,15.0000,8.0000
926.8987,350.7438,16.0000,10.0000
916.9078,349.1557,20.0000,11.0000
917.0148,346.8654,14.0000,7.0000
913.1402,341.2548,20.0000,11.0000
910.8263,337.2498,15.0000,6.0000
905.4104,332.6322,17.0000,10.0000
897.6154,328.4131,22.0000,13.0000
895.5840,326.9018,16.0000,12.0000
887.6669,325.7968,23.0000,11.0000
885.1180,326.7213,7.0000,6.0000
882.6153,325.7612,11.0000,9.0000
875.1640,327.3652,14.0000,10.0000
867.6393,328.0226,14.0000,12.0000
863.4214,328.1948,9.0000,14.0000
858.8505,328.9136,6.0000,12.0000
855.5107,327.4535,3.0000,11.0000
855.5107,327.4535,3.0000,11.0000
2
0
0
0
0
1
782.8136,340.4827,24.0000,7.0000
777.0345,340.7434,22.0000,7.0000
774.9782,339.8875,18.0000,7.0000
773.8650,339.1725,10.0000,6.0000
769.4782,335.9533,6.0000,5.0000
767.0197,333.8773,2.0000,1.0000
767.0197,333.8773,2.0000,1.0000
2
0
0
0
0
1
722.6454,275.9828,10.0000,8.0000
718.1002,271.3223,13.0000,9.0000
713.6732,266.5109,13.0000,9.0000
709.1983,261.6474,14.0000,10.0000
705.7509,257.9244,11.0000,7.0000
702.4605,254.4266,11.0000,7.0000
698.3017,250.4070,13.0000,8.0000
691.5753,245.2421,20.0000,12.0000
683.8371,238.9194,30.0000,17.0000
677.3076,236.5975,42.0000,19.0000
682.5613,240.6312,45.0000,19.0000
682.5613,240.6312,45.0000,19.0000
682.5613,240.6312,45.0000,19.0000
682.5613,240.6312,45.0000,19.0000
682.5613,240.6312,45.0000,19.0000
682.5613,240.6312,45.0000,19.0000
2
0
0
0
0
1
617.6619,218.2043,21.0000,16.0000
610.3366,218.3703,21.0000,16.0000
604.6428,216.7765,19.0000,17.0000
596.1550,216.1493,20.0000,16.0000
587.8087,214.9711,20.0000,17.0000
580.5124,213.4786,20.0000,18.0000
571.2940,212.1361,19.0000,18.0000
562.3144,210.1308,19.0000,18.0000
553.5061,209.5385,20.0000,18.0000
545.6414,204.8693,21.0000,27.0000
535.8262,200.1263,25.0000,35.0000
514.4104,171.6862,39.0000,44.0000
486.5141,180.3653,48.0000,40.0000
459.0554,181.6432,63.0000,47.0000
2
0
0
0
0
1
493.5014,216.1324,17.0000,18.0000
490.0021,217.1404,17.0000,17.0000
486.5448,218.9895,17.0000,17.0000
482.4061,222.9338,17.0000,18.0000
478.1658,224.0043,18.0000,18.0000
472.5880,227.3601,25.0000,20.0000
474.1554,229.8734,19.0000,18.0000
470.1533,232.8657,27.0000,19.0000
468.9495,238.4743,18.0000,17.0000
467.3009,242.1087,19.0000,18.0000
464.7498,245.7044,19.0000,17.0000
462.6953,247.9708,19.0000,18.0000
460.8602,252.7197,20.0000,18.0000
460.0571,255.5866,19.0000,17.0000
458.9091,258.7579,20.0000,17.0000
457.9106,259.5910,19.0000,17.0000
457.2729,261.3855,19.0000,17.0000
456.8580,264.2164,19.0000,17.0000
457.0699,268.9101,19.0000,15.0000
456.1348,272.0050,20.0000,15.0000
457.4466,275.9591,19.0000,14.0000
460.5841,281.5905,20.0000,13.0000
462.0292,285.0546,20.0000,13.0000
463.8656,288.1556,19.0000,13.0000
464.9211,290.6020,19.0000,13.0000
465.8618,292.2506,19.0000,13.0000
467.9247,295.6584,19.0000,12.0000
470.3589,297.9656,19.0000,12.0000
472.9466,301.9019,19.0000,11.0000
473.7735,302.9948,18.0000,11.0000
475.1446,305.2417,19.0000,11.0000
476.6277,306.9667,18.0000,11.0000
477.2159,309.6752,18.0000,11.0000
478.9638,311.2196,19.0000,10.0000
475.3706,317.3967,18.0000,8.0000
477.3299,322.8643,23.0000,6.0000
487.2754,320.2113,22.0000,10.0000
2
0
0
0
0
1
462.8254,325.3377,17.0000,11.0000
459.3500,325.0304,19.0000,12.0000
460.0960,324.3587,11.0000,12.0000
455.8471,326.5942,17.0000,11.0000
449.2380,328.2702,17.0000,11.0000
449.4245,330.4634,16.0000,10.0000
447.3248,332.1291,16.0000,10.0000
446.0125,332.0801,16.0000,10.0000
444.3093,332.1861,16.0000,11.0000
442.0696,333.8722,16.0000,10.0000
442.2146,334.7930,16.0000,9.0000
442.5317,335.4258,15.0000,9.0000
442.4453,335.3971,15.0000,9.0000
442.4981,335.3602,16.0000,8.0000
443.5036,335.3552,16.0000,8.0000
444.7816,335.6939,16.0000,8.0000
447.4845,336.1396,15.0000,8.0000
448.3026,337.7952,15.0000,8.0000
449.1425,337.9854,15.0000,8.0000
449.8710,338.3476,15.0000,8.0000
449.8685,337.7599,15.0000,9.0000
447.9043,338.2404,16.0000,9.0000
446.9303,340.1348,17.0000,9.0000
445.6206,341.4013,15.0000,9.0000
442.7437,341.5749,15.0000,9.0000
438.7671,341.9833,15.0000,9.0000
435.0474,342.3880,14.0000,10.0000
428.7808,343.3051,16.0000,9.0000
421.4225,343.4555,14.0000,8.0000
415.3003,340.5593,14.0000,9.0000
409.8675,338.6572,13.0000,9.0000
406.5930,335.8052,13.0000,9.0000
398.7896,332.6444,15.0000,9.0000
393.0497,329.1925,13.0000,7.0000
387.8260,325.3432,13.0000,7.0000
382.7038,321.9131,12.0000,7.0000
378.4759,318.2173,12.0000,8.0000
371.6280,315.3926,13.0000,8.0000
369.0358,312.5276,12.0000,7.0000
366.8426,309.5863,12.0000,7.0000
364.0092,306.5175,12.0000,7.0000
361.1182,303.7101,12.0000,7.0000
359.3880,301.0732,12.0000,7.0000
357.7569,298.3194,13.0000,7.0000
356.1219,295.8476,12.0000,7.0000
353.9991,293.3908,12.0000,8.0000