173.7445
0.1090
0.0950
0.1000
0.1050
0.1040
0.0980
0.1020
0.1060
0.1030
0.1210
0.1450
0.1100
0.1100
0.1100
0.1160
0.1130
NaN
NaN
NaN
NaN
173.4344
0.1020
0.1090
0.1000
0.1180
0.1000
0.1000
0.1080
0.1100
0.1070
0.1630
0.1490
0.1220
0.1140
0.1290
0.1300
0.1290
0.1280
0.1250
0.1330
0.1310
0.1380
0.1390
0.1350
NaN
NaN
NaN
NaN
174.7374
0.0950
0.1010
NaN
NaN
NaN
NaN
173.4614
0.0980
0.1050
NaN
NaN
NaN
NaN
173.4204
0.0910
0.1010
0.0910
NaN
NaN
NaN
NaN
173.3624
0.0980
0.1030
0.0940
0.0990
0.1070
0.0910
0.1070
0.1080
NaN
NaN
NaN
NaN
173.3394
0.1060
0.1030
0.1060
0.1030
0.0920
NaN
NaN
NaN
NaN
173.3444
0.1010
0.1010
0.1040
NaN
NaN
NaN
NaN
173.3094
0.0950
NaN
NaN
NaN
NaN
173.2974
0.0910
NaN
NaN
NaN
NaN
173.1664
0.0860
NaN
NaN
NaN
NaN
173.2814
0.0900
0.1060
0.0910
NaN
NaN
NaN
NaN
173.3449
0.0940
0.0970
NaN
NaN
NaN
NaN
173.3400
0.1000
0.1050
0.1140
0.1010
NaN
NaN
NaN
NaN
173.2830
0.1320
0.1060
0.1090
0.0980
0.1080
0.0970
0.1120
0.1070
0.1020
0.1230
0.1460
NaN
NaN
NaN
NaN
173.3430
0.0970
0.1110
0.1010
0.0940
0.1110
0.1020
0.1080
0.1050
NaN
NaN
NaN
NaN
173.4900
0.0870
0.0950
0.1050
0.1020
0.1030
0.0970
0.1040
NaN
NaN
NaN
NaN
177.6379
0.1000
0.1180
0.1240
0.1100
0.1190
0.1240
0.1260
0.1190
0.1240
0.2140
0.1470
0.1310
0.1560
0.1680
0.1290
0.2190
0.1260
0.1390
0.1560
0.1460
NaN
NaN
NaN
NaN
176.8418
0.1110
0.1310
0.1832
0.1553
0.1160
0.1210
0.1000
0.1060
NaN
NaN
NaN
NaN
174.1654
0.1100
0.1130
0.1180
0.1120
0.1080
0.1090
0.1110
0.1200
0.1110
0.1760
0.1390
0.1200
0.1180
0.1330
0.1450
0.1180
0.1250
NaN
NaN
NaN
NaN
174.9080
0.0960
0.1120
0.1090
0.1040
0.1010
0.1000
0.1080
0.1100
0.1110
0.1220
0.1480
0.1210
0.1020
0.1160
0.1220
NaN
NaN
NaN
NaN
175.2890
0.1070
0.1370
0.1140
0.1110
0.1190
0.1340
0.1100
0.1190
0.1260
0.1710
0.1320
0.1290
0.1340
0.1420
0.1310
0.1280
0.1450
0.1220
0.1350
0.1320
0.1420
0.1250
0.1290
0.1160
0.1320
0.1260
0.1300
0.1710
0.1580
0.1070
0.1180
0.1280
0.1380
0.1230
0.1360
0.1280
0.1360
0.1210
NaN
NaN
NaN
NaN
174.8466
0.1400
0.1200
0.1170
0.1170
0.1180
0.1160
0.1130
0.1060
0.1720
0.1530
0.1540
0.1500
0.1350
0.1550
0.1260
0.1180
0.1180
0.1330
0.1210
0.1560
0.1350
0.1210
0.1500
0.1220
0.1230
0.1370
0.1710
0.1170
0.1290
0.1050
0.1310
0.1400
0.1360
0.1190
0.1270
0.1130
0.1170
0.1130
0.1150
0.1280
0.1210
0.1080
0.1260
0.1230
0.1250
0.1510