193.6551
0.0431
0.0411
0.0502
0.0480
0.0380
0.0411
0.0390
0.0440
0.0374
0.0384
0.0417
0.0475
0.0421
0.0476
0.0415
0.0567
0.0456
0.0681
0.0466
0.0377
0.0387
0.0381
0.0458
0.0384
0.0382
0.0400
0.0497
0.0401
0.0414
0.0427
0.0399
0.0422
0.0407
0.0396
0.0432
0.0421
0.0461
0.0390
0.0396
0.0417
0.0437
0.0387
0.0501
0.0430
0.0414
0.0412
0.0433
0.0440
0.0393
0.0431
0.0401
0.0388
0.0414
0.0387
0.0444
0.0388
0.0427
0.0455
0.0397
0.0384
0.0434
0.0503
0.0410
0.0397
0.0448
0.0380
0.0396
0.0431
0.0494
0.0434
0.0510
0.0415
0.0402
0.0378
0.0424
0.0414
0.0388
0.0400
0.0398
0.0416
0.0390
0.0387
0.0415
0.0400
0.0377
0.0390
0.0381
0.0400
0.0404
0.0414
0.0418
0.0414
0.0410
0.0464
0.0461
0.0412
0.0411
0.0452
0.0419
0.0381
0.0400
0.0410
0.0531
0.0421
0.0400
0.0450
0.0490
0.0390
0.0481
0.0414
0.0413
0.0491
0.0464
0.0538
0.0420
0.0400
0.0444
0.0420
0.0380
0.0388
0.0424
0.0404
0.0380
0.0382
0.0427
0.0404
0.0402
0.0382
0.0421
0.0435
0.0477
0.0404
0.0434
0.0427
0.0404
0.0417
0.0447
0.0388
0.0406
0.0440
0.0497
0.0418
0.0400
0.0417
0.0389
0.0404
0.0517
0.0417
0.0477
0.0380
0.0582
0.0871
0.0436
0.0400
0.0387
0.0440
0.0380
0.0407
0.0384
0.0435
0.0399
0.0409
0.0397
0.0474
0.0402
0.0464
0.0400
0.0452
0.0389
0.0400
0.0404
0.0420
0.0443
0.0407
0.0483
0.0368
0.0438
0.0417
0.0380
0.0374
0.0450
0.0531
0.0380
0.0414
0.0394
0.0383
0.0374
0.0377
0.0428
0.0387
0.0484
0.0445
0.0390
0.0391
0.0420
0.0390
0.0430
0.0407
0.0474
0.0407
0.0410
0.0390
0.0462
0.0391
0.0424
0.0389
0.0451
0.0444
0.0400
0.0521
0.0390
0.0444
0.0400
0.0481
0.0408
0.0429
0.0424
0.0410
0.0460
0.0380
0.0419
0.0440
0.0400
0.0364
0.0391
0.0360
0.0427
0.0407
0.0414
0.0430
0.0394
0.0415
0.0440
0.0413
0.0410
0.0440
0.0413
0.0421
0.0401
0.0467
0.0492
0.0460
0.0437
0.0404
0.0390
0.0418
0.0434
0.0426
0.0414
0.0476
0.0468
0.0386
0.0418
0.0450
0.0389
0.0413
0.0427
0.0401
0.0467
0.0468
0.0400
0.0401
0.0481
0.0427
0.0467
0.0472
0.0402
0.0411
0.0427
0.0414
0.0448
0.0437
0.0410
0.0423
0.0491
0.0420
0.0487
0.0480
0.0407
0.0521
0.0497
0.0420
0.0431
0.0417
0.0404
0.0433
0.0397
0.0397
0.0431
0.0431
0.0410
0.0397
0.0490
0.0473
0.0430
0.0491
0.0410
0.0404
0.0370
0.0400
0.0434
0.0382
0.0485
0.0414
0.0471
0.0407
0.0414
0.0444
0.0399
0.0494
0.0467
0.0478
0.0431
0.0427
0.0454
0.0384
0.0428
0.0404
0.0430
0.0404
0.0391
0.0394
0.0409
0.0480
0.0433
0.0488
0.0473
0.0431
0.0448
0.0414
0.0494
0.0431
0.0451
0.0459
0.0452
0.0371
0.0391
0.0400
0.0464
0.0404
0.0371
0.0381
0.0400
0.0284
0.0279
0.0409
0.0348
0.0280
0.0409