174.3566
0.0550
0.0530
0.0400
0.0540
0.0400
0.0400
0.0370
0.0390
0.0400
0.0360
0.0400
0.0410
0.0400
0.0340
0.0370
0.0380
0.0430
0.0380
0.0360
0.0380
0.0470
0.0730
0.0500
0.0620
0.0490
0.0390
0.0440
0.0480
0.0460
0.0430
0.0490
0.0480
0.0450
0.0460
0.0410
0.0420
0.0440
0.0410
0.0420
0.0440
0.0430
0.0450
0.0440
0.0480
0.0480
0.0420
0.0390
0.0400
0.0420
0.0430
0.0470
0.0400
0.0700
0.0400
0.0520
0.0410
0.0550
0.0520
0.0460
0.0500
0.0540
0.0430
0.0440
0.0430
0.0510
0.0440
0.0470
0.0490
0.0440
0.0480
0.0440
0.0470
0.0470
0.0740
0.0510
0.0600
0.0640
0.0430
0.0440
0.0430
0.0400
0.0390
0.0410
0.0400
0.0660
0.0410
0.0620
0.0480
0.0510
0.0480
0.0460
0.0430
0.0440
0.0420
0.0480
0.0470
0.0440
0.0460
0.0400
0.0440
0.0430
0.0430
0.0440
0.0420
0.0420
0.0430
0.0490
0.0530
0.0470
0.0470
0.0410
0.0490
0.0440
0.0420
0.0460
0.0470
0.0510
0.0450
0.0430
0.0470
0.0450
0.0440
0.0430
0.0470
0.0440
0.0420
0.0470
0.1320
0.0840
0.0490
0.0430
0.0740
0.0550
0.0530
0.0460
0.0490
0.0430
0.0460
0.0400
0.0460
0.0420
0.0430
0.0450
0.0440
0.0430
0.0480
0.0420
0.0410
0.0450
0.0500
0.0430
0.0430
0.0430
0.0550
0.0560
0.0500
0.0440
0.0430
0.0460
0.0490
0.0480
0.0460
0.0430
NaN
NaN
NaN
NaN
174.4636
0.0370
0.0380
0.0390
0.0480
0.0440
0.0410
0.0400
0.0410
0.0430
0.0350
0.0370
0.0340
0.0360
0.0380
0.0390
0.0370
0.0380
0.0390
0.0400
0.0450
0.0450
0.0440
0.0360
0.0440
0.0470
0.0800
0.0500
0.0560
0.0490
0.0430
0.0430
0.0470
0.0460
0.0420
0.0410
0.0420
0.0410
0.0380
0.0410
0.0420
0.0380
0.0550
0.0500
0.0530
0.0410
0.0440
0.0440
0.0440
0.0440
0.0410
0.0420
0.0430
0.0450
0.0450
0.0480
0.0500
0.0430
0.0430
0.0440
0.0450
0.0450
0.0410
0.0470
0.0450
0.0430
0.0450
0.0440
0.0610
0.0420
0.0420
0.0440
0.0450
0.0420
0.0400
0.0530
0.0590
0.0460
0.0450
0.0640
0.0570
0.0490
0.0590
0.0510
0.0450
0.0450
0.0450
0.0430
0.0420
0.0460
0.0410
0.0420
0.0420
0.0410
0.0410
0.0410
0.0470
0.0410
0.0470
0.0420
0.0430
0.0400
0.0400
0.0530
0.0410
0.0420
0.0420
0.0420
0.0420
0.0510
0.0630
0.0550
0.0470
0.0560
0.0460
0.0430
0.0440
0.0460
0.0550
0.0460
0.0510
0.0430
0.0460
0.0450
0.0470
0.0480
0.0440
0.0420
0.0490
0.0420
0.0410
0.0400
0.0390
0.0410
0.0620
0.0500
0.0660
0.0530
0.0410
0.0480
0.0560
0.0500
0.0460
0.0460
0.0470
0.0460
0.0440
0.0450
0.0440
0.0480
0.0430
0.0490
0.0750
0.0640
0.0460
0.0450
0.0430
0.0420
0.0450
0.0430
0.0500
0.0450
0.0480
0.0480
0.0450
0.0430
0.0440
0.0490
0.0470
0.1010
0.0410
0.0390
0.0420
0.0460
0.0400
0.0460
0.0540
0.0420
0.0500
0.0510
0.0440
0.0530
0.0440
0.0520
0.0440
0.1570
0.0610
0.0470
0.0680
0.0420
0.0480
0.0460
0.0430
0.0420
0.0440
0.0410
0.0450
0.0410
0.0450
0.0440
0.0450
0.0450
0.0510
0.0490
NaN
NaN
NaN
NaN
174.4996
0.0370
0.0500
0.0360
0.0390
0.0350
0.0430
0.0450
0.0470
0.0400
0.0370
0.0390
0.0380
0.0380
0.0450
0.0440
0.0430
0.0420
0.0390
0.0410
0.0370
0.0410
0.0450
0.0410
0.0500
0.0760
0.0540
0.0590
0.0500
0.0560
0.0450
0.0490
0.0440
0.0450
0.0460
0.0470
0.0470
0.0540
0.0450
0.0470
0.0460
0.0440
NaN
NaN
NaN
NaN
174.4736
0.0380
0.0440
0.0430
0.0380
0.0450
0.0430
0.0390
0.0380
0.0400
0.0370
0.0390
0.0400
0.0410
0.0380
0.0380
0.0430
0.0410
0.0420
0.0440
NaN
NaN
NaN
NaN
174.3696
0.0350
0.0470
0.0480
0.0380
0.0420
0.0400
0.0390
0.0410
0.0500
0.0420
0.0420
0.0360
0.0370
0.0350
0.0350
0.0360
0.0360
0.0350
0.0330
0.0360
0.0590
0.0490
0.0490
0.0480
0.0590
0.0440
0.0500
0.0450
0.0440
0.0540
0.0500
0.0490
0.0510
0.0450
0.0480
0.0440
0.0480
0.0440
0.0430
0.0440
0.0440
0.0470
0.0470
0.0500
0.0440
0.0520
0.0450
0.0410
0.0430
0.0440
0.0450
0.0490
0.0450
0.0490
0.0460
0.0480
0.0440
0.0460
0.0470
0.0460
0.0480
0.0460
0.0510
0.0470
0.0460
0.0430
0.0510
0.0470
0.0430
0.0420
0.0460
0.0440
0.0440
0.0540
0.0470
0.0510
0.0490
0.1490
0.1110
0.0480
0.0400
0.0400
0.0420
0.0410
0.0420
0.0430
0.0430
0.0490
0.0540
0.0480
0.0540
0.0540
0.0450
0.0460
0.0550
0.0480
0.0440
0.0470
0.0470
0.0440
0.0430
0.0410
0.0390
0.0410
0.0410
0.0400
0.0640
0.0490
0.0580
0.0450
0.0650
0.0460
0.0460
0.0450
0.0470
0.0480
0.0460
0.0500
0.0470
0.0480