1
532.9201,73.0894,52.3998,33.5013
532.9201,73.0894,52.3998,33.5013
532.9201,73.0894,52.3998,33.5013
532.9201,73.0894,52.3998,33.5013
532.9201,73.0894,52.3998,33.5013
532.9201,73.0894,52.3998,33.5013
532.9201,73.0894,52.3998,33.5013
532.9201,73.0894,52.3998,33.5013
532.9201,73.0894,52.3998,33.5013
532.9201,73.0894,52.3998,33.5013
532.9201,73.0894,52.3998,33.5013
532.9201,73.0894,52.3998,33.5013
532.9201,73.0894,52.3998,33.5013
2
0
0
0
0
1
450.0009,100.5666,63.7882,47.9768
450.0009,100.5666,63.7882,47.9768
450.0009,100.5666,63.7882,47.9768
450.0009,100.5666,63.7882,47.9768
450.0009,100.5666,63.7882,47.9768
450.0009,100.5666,63.7882,47.9768
450.0009,100.5666,63.7882,47.9768
450.0009,100.5666,63.7882,47.9768
450.0009,100.5666,63.7882,47.9768
450.0009,100.5666,63.7882,47.9768
450.0009,100.5666,63.7882,47.9768
450.0009,100.5666,63.7882,47.9768
450.0009,100.5666,63.7882,47.9768
450.0009,100.5666,63.7882,47.9768
450.0009,100.5666,63.7882,47.9768
450.0009,100.5666,63.7882,47.9768
450.0009,100.5666,63.7882,47.9768
450.0009,100.5666,63.7882,47.9768
450.0009,100.5666,63.7882,47.9768
450.0009,100.5666,63.7882,47.9768
450.0009,100.5666,63.7882,47.9768
450.0009,100.5666,63.7882,47.9768
2
0
0
0
0
1
417.4868,178.4069,115.2764,69.6862
417.4868,178.4069,115.2764,69.6862
417.4868,178.4069,115.2764,69.6862
417.4868,178.4069,115.2764,69.6862
417.4868,178.4069,115.2764,69.6862
417.4868,178.4069,115.2764,69.6862
417.4868,178.4069,115.2764,69.6862
417.4868,178.4069,115.2764,69.6862
417.4868,178.4069,115.2764,69.6862
417.4868,178.4069,115.2764,69.6862
417.4868,178.4069,115.2764,69.6862
417.4868,178.4069,115.2764,69.6862
417.4868,178.4069,115.2764,69.6862
417.4868,178.4069,115.2764,69.6862
417.4868,178.4069,115.2764,69.6862
417.4868,178.4069,115.2764,69.6862
417.4868,178.4069,115.2764,69.6862
417.4868,178.4069,115.2764,69.6862
417.4868,178.4069,115.2764,69.6862
417.4868,178.4069,115.2764,69.6862
2
0
0
0
0
1
341.7581,249.7198,153.6889,80.5903
341.7581,249.7198,153.6889,80.5903
341.7581,249.7198,153.6889,80.5903
341.7581,249.7198,153.6889,80.5903
341.7581,249.7198,153.6889,80.5903
341.7581,249.7198,153.6889,80.5903
341.7581,249.7198,153.6889,80.5903
341.7581,249.7198,153.6889,80.5903
341.7581,249.7198,153.6889,80.5903
341.7581,249.7198,153.6889,80.5903
341.7581,249.7198,153.6889,80.5903
341.7581,249.7198,153.6889,80.5903
341.7581,249.7198,153.6889,80.5903
341.7581,249.7198,153.6889,80.5903
341.7581,249.7198,153.6889,80.5903
341.7581,249.7198,153.6889,80.5903
341.7581,249.7198,153.6889,80.5903
341.7581,249.7198,153.6889,80.5903
341.7581,249.7198,153.6889,80.5903
341.7581,249.7198,153.6889,80.5903
341.7581,249.7198,153.6889,80.5903
341.7581,249.7198,153.6889,80.5903
341.7581,249.7198,153.6889,80.5903
341.7581,249.7198,153.6889,80.5903
341.7581,249.7198,153.6889,80.5903
341.7581,249.7198,153.6889,80.5903
341.7581,249.7198,153.6889,80.5903
341.7581,249.7198,153.6889,80.5903
341.7581,249.7198,153.6889,80.5903
341.7581,249.7198,153.6889,80.5903
341.7581,249.7198,153.6889,80.5903
341.7581,249.7198,153.6889,80.5903
341.7581,249.7198,153.6889,80.5903
341.7581,249.7198,153.6889,80.5903
341.7581,249.7198,153.6889,80.5903
341.7581,249.7198,153.6889,80.5903
341.7581,249.7198,153.6889,80.5903
341.7581,249.7198,153.6889,80.5903
341.7581,249.7198,153.6889,80.5903
341.7581,249.7198,153.6889,80.5903
341.7581,249.7198,153.6889,80.5903
341.7581,249.7198,153.6889,80.5903
341.7581,249.7198,153.6889,80.5903
341.7581,249.7198,153.6889,80.5903
341.7581,249.7198,153.6889,80.5903
341.7581,249.7198,153.6889,80.5903
341.7581,249.7198,153.6889,80.5903
341.7581,249.7198,153.6889,80.5903
341.7581,249.7198,153.6889,80.5903
341.7581,249.7198,153.6889,80.5903
341.7581,249.7198,153.6889,80.5903
2
0
0
0
0
1
344.1081,185.3893,66.2789,43.2615
344.1081,185.3893,66.2789,43.2615
344.1081,185.3893,66.2789,43.2615
344.1081,185.3893,66.2789,43.2615
344.1081,185.3893,66.2789,43.2615
344.1081,185.3893,66.2789,43.2615
344.1081,185.3893,66.2789,43.2615
344.1081,185.3893,66.2789,43.2615
344.1081,185.3893,66.2789,43.2615
344.1081,185.3893,66.2789,43.2615
344.1081,185.3893,66.2789,43.2615
344.1081,185.3893,66.2789,43.2615
344.1081,185.3893,66.2789,43.2615
344.1081,185.3893,66.2789,43.2615
344.1081,185.3893,66.2789,43.2615
344.1081,185.3893,66.2789,43.2615
344.1081,185.3893,66.2789,43.2615
344.1081,185.3893,66.2789,43.2615
344.1081,185.3893,66.2789,43.2615
344.1081,185.3893,66.2789,43.2615
344.1081,185.3893,66.2789,43.2615
344.1081,185.3893,66.2789,43.2615
344.1081,185.3893,66.2789,43.2615
344.1081,185.3893,66.2789,43.2615
344.1081,185.3893,66.2789,43.2615