173.5620
0.0760
0.0540
0.0500
0.0580
0.0570
0.0570
0.0510
0.0530
0.0530
0.0710
0.0600
0.0520
0.0600
0.0660
0.0560
0.0600
0.0670
0.0800
0.0630
0.0730
0.0540
0.0580
0.0590
0.0540
0.0630
0.0620
0.0590
0.0590
0.0560
0.0990
0.0580
0.0530
0.0890
0.0610
0.0580
0.0620
0.0660
0.0780
0.0640
0.0580
0.0580
0.0620
0.0570
0.0600
0.0580
0.0680
0.0620
0.0600
0.0660
0.0650
0.0640
0.0650
0.0590
0.0950
0.0950
0.0760
0.0610
0.0550
0.0550
0.0680
0.0610
0.0600
0.0540
0.0770
0.0600
0.0870
0.0730
0.0600
0.0580
0.0620
0.0670
0.0600
0.0620
0.0550
0.0610
0.0590
0.0680
0.0630
0.0800
0.0650
0.0580
0.0670
0.0550
0.0890
0.0570
0.0610
0.0600
0.1070
0.1420
0.0750
0.0610
0.0650
0.0680
0.0660
0.1940
0.1010
0.0670
0.0890
0.0710
0.0740
0.0780
0.0710
0.0560
0.0600
0.0610
0.0630
0.0610
0.0600
0.0720
0.1170
0.0740
0.0600
0.0650
0.0550
0.0660
0.0630
0.0950
0.1440
0.0700
0.0610
0.0730
0.0660
0.0590
0.0620
0.0570
0.0570
0.1660
0.0650
0.0700
0.0680
0.0730
0.0710
0.0660
0.0830
0.0810
0.0780
0.0710
0.1020
0.0830
0.0890
0.1960
0.1111
0.0750
0.0760
0.1260
0.0890
0.1590
0.0580
0.0550
0.1090
0.0790
0.0720
0.0700
0.0720
0.0750
0.0770
NaN
NaN
NaN
NaN
174.1947
0.0610
0.0560
0.0520
0.0440
0.0420
0.0460
0.0600
0.0580
0.0570
0.0510
0.0560
0.0540
0.0540
0.0460
0.0720
0.0540
0.0510
0.0590
0.0650
0.0900
0.0770
0.0630
0.0580
0.0600
0.0510
0.0560
0.0660
0.0700
0.0700
0.0740
0.0560
0.0660
0.0600
0.0660
0.0620
0.0620
0.0600
0.0620
0.0860
0.0690
0.0560
0.0620
0.0700
0.0640
0.0630
0.0600
0.0640
0.0710
0.0610
0.0620
0.0590
0.0880
0.0940
0.0750
0.1200
0.1770
0.0770
0.0610
0.0720
0.0570
0.0630
0.0770
0.0640
0.0750
0.0960
0.2590
0.1380
0.0630
0.1050
0.2380
0.5070
0.1420
0.0790
0.0730
0.1900
0.2130
0.2820
0.1380
0.1170
0.0840
0.0800
0.1700
0.1740
0.1290
0.3410
0.2960
0.3090
0.1030
0.0600
0.0620
0.0600
0.0570
0.0600
NaN
NaN
NaN
NaN
175.3752
0.0510
0.0690
0.0660
0.0580
0.0610
0.0570
0.0660
0.0590
0.0560
0.0560
0.0550
NaN
NaN
NaN
NaN
178.4195
0.0510
0.0550
0.0610
0.0570
0.0570
0.0540
0.0510
0.0580
0.0560
0.0560
0.0520
0.0540
0.0590
0.0560
0.0460
0.0500
0.0590
0.0590
0.0820
0.0930
0.0610
0.0600
0.0570
0.0570
0.0570
0.0690
0.0670
0.0670
0.0630
0.0710
0.0630
0.0630
0.0650
0.0610
0.0650
0.0570
0.0580
0.0560
0.0550
0.0560
0.0560
0.0620
0.0600
0.0640
0.0660
0.0610
0.0550
0.0690
0.0550
0.0570
0.0570
0.0620
0.0660
0.0640
0.0640
0.0690
0.0930
0.1130
0.0780
0.0580
0.0570
0.0600
0.0610
0.0590
0.0580
0.0620
0.0680
0.0590
0.0540
0.0560
0.1010
0.0630
0.0600
0.0570
0.0580
0.0600
0.0790
0.0580
0.0690
0.0570
0.0470
0.0640
0.0630
0.0550
0.0600
0.0610
0.0610
0.0620
0.0630
0.0620