176.8508
0.0530
0.0560
0.0670
0.0590
0.0640
0.0570
0.0570
0.0650
0.0600
0.0630
0.0600
0.0620
0.0580
0.0650
0.1160
0.0920
0.0730
0.0660
0.0630
0.0640
0.0670
0.0670
0.0770
0.0740
0.0740
0.0720
0.1710
0.0980
0.0780
0.0790
0.0750
0.0860
0.0680
0.0660
0.0960
0.0810
0.0690
0.0630
0.0780
0.0730
0.0710
0.0680
0.0940
0.0740
0.0850
0.0630
0.0670
0.0900
0.0820
0.0720
0.0750
0.0720
0.0740
0.0860
0.1580
0.0890
0.0750
0.0880
0.1200
0.0640
0.0660
0.0680
0.0710
0.0670
0.0740
0.0740
0.0690
0.1150
0.1230
0.0790
0.0700
0.0650
0.0650
0.0660
0.0740
0.0690
0.0630
0.0760
0.0660
0.0700
0.0870
0.0720
0.0700
0.0670
0.0780
0.0720
0.0800
0.0660
0.0670
0.0680
0.0650
0.0700
0.0650
0.1110
0.1260
0.0660
0.0770
0.1260
NaN
NaN
NaN
NaN
176.2176
0.0560
NaN
NaN
NaN
NaN
176.7306
0.0560
0.0690
0.0610
0.0620
0.0640
0.0580
0.0650
0.0590
0.0660
0.0660
0.0770
0.0790
0.0720
0.1290
0.1160
0.0710
0.0600
0.0640
0.0660
0.0690
0.0720
0.0910
0.0770
0.0790
0.0730
0.0700
0.0700
0.1200
0.0840
0.0730
0.0680
0.0920
0.0670
0.1030
0.0850
NaN
NaN
NaN
NaN
177.0317
0.0570
0.0630
0.0580
0.0580
0.0640
0.0600
0.0560
NaN
NaN
NaN
NaN
176.8418
0.0610
0.0580
0.0690
0.0590
0.0660
0.0710
0.0650
0.0570
0.0640
0.0620
0.0700
0.0610
0.0650