1
162.3852,63.7615,93.0000,70.0000
126.7346,91.1481,93.0000,70.0000
97.7703,100.2264,97.0000,76.0000
81.7536,102.7803,89.0000,79.0000
63.8594,105.1733,82.0000,82.0000
63.8594,105.1733,82.0000,82.0000
63.7469,135.3358,73.0000,76.0000
68.4495,142.0943,94.0000,86.0000
107.6360,150.7749,86.0000,72.0000
128.5327,131.3644,94.0000,87.0000
170.3742,124.1253,85.0000,80.0000
213.0077,121.4427,78.0000,90.0000
247.3958,129.7227,70.0000,82.0000
266.2298,123.3678,76.0000,97.0000
290.5915,128.6718,82.0000,81.0000
305.7687,128.2552,89.0000,86.0000
299.6736,129.0625,89.0000,92.0000
305.8929,136.3341,82.0000,83.0000
331.8815,136.5593,75.0000,92.0000
361.8959,142.2949,82.0000,92.0000
361.8959,142.2949,82.0000,92.0000
361.8959,142.2949,82.0000,92.0000
361.8959,142.2949,82.0000,92.0000
361.8959,142.2949,82.0000,92.0000
361.8959,142.2949,82.0000,92.0000
350.8421,139.8186,70.0000,80.0000
329.0216,129.0059,62.0000,77.0000
294.4244,123.1448,65.0000,74.0000
271.7056,129.6354,72.0000,69.0000
264.3262,140.3103,72.0000,59.0000
261.8379,152.4258,70.0000,52.0000
244.3096,149.1073,68.0000,55.0000
227.1268,148.1274,66.0000,61.0000
216.0551,145.5422,62.0000,61.0000
200.6282,138.5189,58.0000,58.0000
187.1056,139.1172,51.0000,55.0000
176.0830,137.8421,50.0000,57.0000
175.1571,137.5825,48.0000,57.0000
179.2728,131.3390,54.0000,56.0000
187.9437,124.1074,52.0000,46.0000
197.6562,137.6012,55.0000,40.0000
193.3201,142.6853,66.0000,39.0000
202.3813,145.6021,62.0000,40.0000
221.0076,141.1578,54.0000,43.0000
246.6263,143.3168,48.0000,36.0000
258.8460,141.6189,52.0000,50.0000
284.9442,145.8882,45.0000,49.0000
302.9427,145.7627,43.0000,52.0000
308.1654,154.0305,47.0000,48.0000
305.6705,152.4816,51.0000,45.0000
312.4439,143.9348,51.0000,41.0000
319.5441,147.6641,44.0000,41.0000
319.5441,147.6641,44.0000,41.0000
319.5441,147.6641,44.0000,41.0000
319.5441,147.6641,44.0000,41.0000
319.5441,147.6641,44.0000,41.0000
319.5441,147.6641,44.0000,41.0000
319.5441,147.6641,44.0000,41.0000
319.5441,147.6641,44.0000,41.0000
319.5441,147.6641,44.0000,41.0000
319.5441,147.6641,44.0000,41.0000
319.5441,147.6641,44.0000,41.0000
319.5441,147.6641,44.0000,41.0000
319.5441,147.6641,44.0000,41.0000
319.5441,147.6641,44.0000,41.0000
319.5441,147.6641,44.0000,41.0000
319.5441,147.6641,44.0000,41.0000
319.5441,147.6641,44.0000,41.0000
319.5441,147.6641,44.0000,41.0000
319.5441,147.6641,44.0000,41.0000
319.5441,147.6641,44.0000,41.0000
319.5441,147.6641,44.0000,41.0000
319.5441,147.6641,44.0000,41.0000
319.5441,147.6641,44.0000,41.0000
319.5441,147.6641,44.0000,41.0000
319.5441,147.6641,44.0000,41.0000
319.5441,147.6641,44.0000,41.0000
319.5441,147.6641,44.0000,41.0000
319.5441,147.6641,44.0000,41.0000
294.5403,176.9211,33.0000,35.0000
276.8344,171.8810,29.0000,46.0000
260.6417,172.7482,25.0000,44.0000
246.2799,169.3747,27.0000,46.0000
235.1256,165.4443,33.0000,49.0000
236.7454,162.6967,40.0000,47.0000
247.2222,157.8566,38.0000,53.0000
260.6587,151.0347,48.0000,48.0000
274.0254,156.6302,46.0000,39.0000
300.6491,166.2241,39.0000,42.0000
315.7115,165.9643,42.0000,53.0000
326.2783,169.4760,38.0000,47.0000
336.2368,160.7918,48.0000,50.0000
339.6696,156.4371,51.0000,44.0000
344.7142,157.5693,50.0000,42.0000
348.0388,157.2700,46.0000,48.0000
370.3686,168.5008,38.0000,47.0000
370.3686,168.5008,38.0000,47.0000
2
0
0
0
0
1
2
0
0
0
0
1
163.0697,199.6135,47.0000,65.0000
161.0933,202.8176,58.0000,67.0000
170.1157,202.8802,62.0000,74.0000
193.1964,205.3518,60.0000,82.0000
222.0801,211.2811,53.0000,79.0000
247.3296,212.9861,44.0000,82.0000
278.2552,212.0927,36.0000,73.0000
301.6592,215.3809,32.0000,63.0000
322.2424,215.5018,28.0000,53.0000
323.4900,213.9369,37.0000,57.0000
327.3652,206.4464,34.0000,69.0000
327.3652,206.4464,34.0000,69.0000
327.3652,206.4464,34.0000,69.0000
327.3652,206.4464,34.0000,69.0000
327.3652,206.4464,34.0000,69.0000
327.3652,206.4464,34.0000,69.0000
327.3652,206.4464,34.0000,69.0000
327.3652,206.4464,34.0000,69.0000
327.3652,206.4464,34.0000,69.0000
327.3652,206.4464,34.0000,69.0000
327.3652,206.4464,34.0000,69.0000
327.3652,206.4464,34.0000,69.0000
327.3652,206.4464,34.0000,69.0000
327.3652,206.4464,34.0000,69.0000
327.3652,206.4464,34.0000,69.0000
327.3652,206.4464,34.0000,69.0000
327.3652,206.4464,34.0000,69.0000
327.3652,206.4464,34.0000,69.0000
327.3652,206.4464,34.0000,69.0000
327.3652,206.4464,34.0000,69.0000
327.3652,206.4464,34.0000,69.0000
327.3652,206.4464,34.0000,69.0000
327.3652,206.4464,34.0000,69.0000
327.3652,206.4464,34.0000,69.0000
2
0
0
0
0
1
284.4131,159.8821,42.0000,56.0000
273.5876,162.6087,47.0000,55.0000
265.4507,159.2062,47.0000,59.0000
267.8284,155.0613,49.0000,59.0000
267.8284,155.0613,49.0000,59.0000
267.8284,155.0613,49.0000,59.0000
2
0
0
0
0
1
379.1822,166.1560,66.0000,56.0000
370.0992,184.9451,69.0000,56.0000
365.7210,179.6092,65.0000,53.0000
367.5300,172.2020,70.0000,60.0000
360.3705,163.4642,70.0000,69.0000
355.7971,161.9289,70.0000,69.0000
357.4713,160.8345,77.0000,75.0000
367.6722,160.5792,80.0000,78.0000
371.8566,155.0418,77.0000,84.0000
362.3476,157.5484,74.0000,84.0000
354.1477,129.4678,72.0000,99.0000
387.9937,154.3541,70.0000,91.0000
406.5577,162.8345,76.0000,95.0000