192.7077
0.0371
0.0340
0.0381
0.0339
0.0309
0.0360
0.0311
0.0330
0.0324
0.0299
0.0330
0.0270
0.0392
0.0379
0.0370
0.0314
0.0284
0.0331
0.0323
0.0330
0.0284
0.0380
0.0384
0.0330
0.0420
0.0474
0.0530
0.0450
0.0390
0.0364
0.0280
0.0309
0.0389
0.0270
0.0321
0.0368
0.0374
0.0417
0.0360
0.0341
0.0381
0.0420
0.0380
0.0434
0.0410
0.0371
0.0300
0.0390
0.0370
NaN
NaN
NaN
NaN
192.6804
0.0355
0.0291
0.0280
0.0320
0.0321
0.0354
0.0311
0.0290
0.0307
0.0407
0.0360
0.0319
0.0329
0.0317
0.0356
0.0330
0.0369
0.0380
0.0370
0.0371
0.0353
0.0435
0.0339
0.0399
0.0496
0.0484
0.0442
0.0372
0.0320
0.0310
0.0314
0.0354
0.0343
0.0351
0.0341
0.0299
0.0362
0.0401
0.0350
0.0388
0.0384
0.0350
NaN
NaN
NaN
NaN
192.8433
0.0289
0.0318
0.0314
0.0360
0.0370
0.0274
0.0390
0.0330
0.0300
0.0280
0.0337
0.0394
0.0291
0.0280
0.0294
0.0431
0.0364
0.0370
0.0280
0.0260
0.0334
0.0310
0.0390
0.0325
0.0361
0.0391
0.0477
0.0417
0.0353
0.0310
0.0300
0.0330
0.0402
0.0320
0.0402
0.0351
0.0290
0.0284
0.0374
0.0274
0.0391
0.0290
0.0369
0.0290
0.0289
0.0319
0.0290
0.0340
0.0321
0.0380
0.0340
0.0368
0.0324
0.0350
0.0401
0.0390
0.0340
0.0364
0.0390
0.0374
0.0406
0.0399
0.0384
0.0364
0.0371
0.0396
0.0397
0.0370
0.0420
0.0344
0.0330
0.0360
0.0339
0.0338
0.0391
0.0384
0.0410
0.0404
0.0314
0.0330
0.0297
0.0438
0.0461
0.0446
0.0420
0.0368
0.0350
0.0340
0.0364
0.0291
0.0371
0.0360
0.0397
0.0377
0.0421
0.0380
0.0427
0.0310
0.0360
0.0360
0.0398
0.0326
0.0340
0.0372
0.0420
0.0427
0.0420
0.0431
0.0412
0.0410
0.0417
0.0354
0.0380
0.0340
0.0330
0.0364
0.0440
0.0341
0.0373
0.0390
0.0421
0.0414
0.0394
0.0382
0.0380
0.0354
0.0441
0.0394
0.0367
0.0414
0.0400
0.0370
0.0403
0.0379
0.0433
0.0500
0.0468
0.0407
0.0394
0.0429
0.0400
0.0371
0.0364
0.0339
0.0337
0.0364
0.0390
0.0439
0.0441