1
286.0850,252.2862,43.8300,43.4276
286.0850,252.2862,43.8300,43.4276
286.0850,252.2862,43.8300,43.4276
286.0850,252.2862,43.8300,43.4276
286.0850,252.2862,43.8300,43.4276
286.0850,252.2862,43.8300,43.4276
286.0850,252.2862,43.8300,43.4276
286.0850,252.2862,43.8300,43.4276
286.0850,252.2862,43.8300,43.4276
286.0850,252.2862,43.8300,43.4276
286.0850,252.2862,43.8300,43.4276
286.0850,252.2862,43.8300,43.4276
286.0850,252.2862,43.8300,43.4276
286.0850,252.2862,43.8300,43.4276
286.0850,252.2862,43.8300,43.4276
286.0850,252.2862,43.8300,43.4276
286.0850,252.2862,43.8300,43.4276
286.0850,252.2862,43.8300,43.4276
286.0850,252.2862,43.8300,43.4276
286.0850,252.2862,43.8300,43.4276
286.0850,252.2862,43.8300,43.4276
286.0850,252.2862,43.8300,43.4276
286.0850,252.2862,43.8300,43.4276
286.0850,252.2862,43.8300,43.4276
286.0850,252.2862,43.8300,43.4276
286.0850,252.2862,43.8300,43.4276
286.0850,252.2862,43.8300,43.4276
286.0850,252.2862,43.8300,43.4276
286.0850,252.2862,43.8300,43.4276
286.0850,252.2862,43.8300,43.4276
286.0850,252.2862,43.8300,43.4276
286.0850,252.2862,43.8300,43.4276
286.0850,252.2862,43.8300,43.4276
286.0850,252.2862,43.8300,43.4276
286.0850,252.2862,43.8300,43.4276
286.0850,252.2862,43.8300,43.4276
286.0850,252.2862,43.8300,43.4276
286.0850,252.2862,43.8300,43.4276
286.0850,252.2862,43.8300,43.4276
286.0850,252.2862,43.8300,43.4276
286.0850,252.2862,43.8300,43.4276
286.0850,252.2862,43.8300,43.4276
286.0850,252.2862,43.8300,43.4276
286.0850,252.2862,43.8300,43.4276
286.0850,252.2862,43.8300,43.4276
286.0850,252.2862,43.8300,43.4276
286.0850,252.2862,43.8300,43.4276
286.0850,252.2862,43.8300,43.4276
286.0850,252.2862,43.8300,43.4276
286.0850,252.2862,43.8300,43.4276
286.0850,252.2862,43.8300,43.4276
286.0850,252.2862,43.8300,43.4276
286.0850,252.2862,43.8300,43.4276
286.0850,252.2862,43.8300,43.4276
286.0850,252.2862,43.8300,43.4276
286.0850,252.2862,43.8300,43.4276
286.0850,252.2862,43.8300,43.4276
286.0850,252.2862,43.8300,43.4276
286.0850,252.2862,43.8300,43.4276
286.0850,252.2862,43.8300,43.4276
286.0850,252.2862,43.8300,43.4276
286.0850,252.2862,43.8300,43.4276
286.0850,252.2862,43.8300,43.4276
286.0850,252.2862,43.8300,43.4276
286.0850,252.2862,43.8300,43.4276
286.0850,252.2862,43.8300,43.4276
286.0850,252.2862,43.8300,43.4276
286.0850,252.2862,43.8300,43.4276
286.0850,252.2862,43.8300,43.4276
286.0850,252.2862,43.8300,43.4276
286.0850,252.2862,43.8300,43.4276
286.0850,252.2862,43.8300,43.4276
286.0850,252.2862,43.8300,43.4276
286.0850,252.2862,43.8300,43.4276
2
0
0
0
0
1
242.0771,265.8318,51.1658,61.4414
242.0771,265.8318,51.1658,61.4414
242.0771,265.8318,51.1658,61.4414
242.0771,265.8318,51.1658,61.4414
242.0771,265.8318,51.1658,61.4414
242.0771,265.8318,51.1658,61.4414
242.0771,265.8318,51.1658,61.4414
242.0771,265.8318,51.1658,61.4414
242.0771,265.8318,51.1658,61.4414
242.0771,265.8318,51.1658,61.4414
242.0771,265.8318,51.1658,61.4414
242.0771,265.8318,51.1658,61.4414
242.0771,265.8318,51.1658,61.4414
242.0771,265.8318,51.1658,61.4414
242.0771,265.8318,51.1658,61.4414
242.0771,265.8318,51.1658,61.4414
242.0771,265.8318,51.1658,61.4414
242.0771,265.8318,51.1658,61.4414
242.0771,265.8318,51.1658,61.4414
242.0771,265.8318,51.1658,61.4414
242.0771,265.8318,51.1658,61.4414
242.0771,265.8318,51.1658,61.4414
242.0771,265.8318,51.1658,61.4414
2
0
0
0
0
1
361.5000,333.5000,41.0000,47.0000
361.5000,333.5000,41.0000,47.0000
361.5000,333.5000,41.0000,47.0000
361.5000,333.5000,41.0000,47.0000
361.5000,333.5000,41.0000,47.0000
361.5000,333.5000,41.0000,47.0000
361.5000,333.5000,41.0000,47.0000
361.5000,333.5000,41.0000,47.0000
361.5000,333.5000,41.0000,47.0000
361.5000,333.5000,41.0000,47.0000
361.5000,333.5000,41.0000,47.0000
361.5000,333.5000,41.0000,47.0000
361.5000,333.5000,41.0000,47.0000
361.5000,333.5000,41.0000,47.0000
361.5000,333.5000,41.0000,47.0000
361.5000,333.5000,41.0000,47.0000
361.5000,333.5000,41.0000,47.0000
361.5000,333.5000,41.0000,47.0000
361.5000,333.5000,41.0000,47.0000
361.5000,333.5000,41.0000,47.0000
361.5000,333.5000,41.0000,47.0000
361.5000,333.5000,41.0000,47.0000
361.5000,333.5000,41.0000,47.0000
361.5000,333.5000,41.0000,47.0000
361.5000,333.5000,41.0000,47.0000
361.5000,333.5000,41.0000,47.0000
361.5000,333.5000,41.0000,47.0000
361.5000,333.5000,41.0000,47.0000
2
0
0
0
0
1
306.2801,315.7796,40.8799,52.6908
306.2801,315.7796,40.8799,52.6908
306.2801,315.7796,40.8799,52.6908
306.2801,315.7796,40.8799,52.6908
306.2801,315.7796,40.8799,52.6908
306.2801,315.7796,40.8799,52.6908
306.2801,315.7796,40.8799,52.6908
306.2801,315.7796,40.8799,52.6908
306.2801,315.7796,40.8799,52.6908
306.2801,315.7796,40.8799,52.6908
306.2801,315.7796,40.8799,52.6908
306.2801,315.7796,40.8799,52.6908
306.2801,315.7796,40.8799,52.6908
306.2801,315.7796,40.8799,52.6908
306.2801,315.7796,40.8799,52.6908
306.2801,315.7796,40.8799,52.6908
306.2801,315.7796,40.8799,52.6908
2
0
0
0
0
1
324.1230,267.9850,46.2790,52.9951
324.1230,267.9850,46.2790,52.9951
324.1230,267.9850,46.2790,52.9951
324.1230,267.9850,46.2790,52.9951
324.1230,267.9850,46.2790,52.9951
324.1230,267.9850,46.2790,52.9951
324.1230,267.9850,46.2790,52.9951
324.1230,267.9850,46.2790,52.9951
324.1230,267.9850,46.2790,52.9951
324.1230,267.9850,46.2790,52.9951
324.1230,267.9850,46.2790,52.9951
324.1230,267.9850,46.2790,52.9951
324.1230,267.9850,46.2790,52.9951
324.1230,267.9850,46.2790,52.9951
324.1230,267.9850,46.2790,52.9951
324.1230,267.9850,46.2790,52.9951
324.1230,267.9850,46.2790,52.9951
324.1230,267.9850,46.2790,52.9951
324.1230,267.9850,46.2790,52.9951
324.1230,267.9850,46.2790,52.9951
324.1230,267.9850,46.2790,52.9951
324.1230,267.9850,46.2790,52.9951
324.1230,267.9850,46.2790,52.9951
324.1230,267.9850,46.2790,52.9951
324.1230,267.9850,46.2790,52.9951
324.1230,267.9850,46.2790,52.9951
324.1230,267.9850,46.2790,52.9951
324.1230,267.9850,46.2790,52.9951
324.1230,267.9850,46.2790,52.9951
324.1230,267.9850,46.2790,52.9951
324.1230,267.9850,46.2790,52.9951
324.1230,267.9850,46.2790,52.9951
324.1230,267.9850,46.2790,52.9951
324.1230,267.9850,46.2790,52.9951
324.1230,267.9850,46.2790,52.9951
324.1230,267.9850,46.2790,52.9951
324.1230,267.9850,46.2790,52.9951
324.1230,267.9850,46.2790,52.9951
324.1230,267.9850,46.2790,52.9951
324.1230,267.9850,46.2790,52.9951
324.1230,267.9850,46.2790,52.9951
324.1230,267.9850,46.2790,52.9951
324.1230,267.9850,46.2790,52.9951
324.1230,267.9850,46.2790,52.9951
324.1230,267.9850,46.2790,52.9951
324.1230,267.9850,46.2790,52.9951
324.1230,267.9850,46.2790,52.9951
324.1230,267.9850,46.2790,52.9951
324.1230,267.9850,46.2790,52.9951
324.1230,267.9850,46.2790,52.9951
324.1230,267.9850,46.2790,52.9951
324.1230,267.9850,46.2790,52.9951
324.1230,267.9850,46.2790,52.9951
324.1230,267.9850,46.2790,52.9951
324.1230,267.9850,46.2790,52.9951
324.1230,267.9850,46.2790,52.9951
324.1230,267.9850,46.2790,52.9951
324.1230,267.9850,46.2790,52.9951
324.1230,267.9850,46.2790,52.9951
324.1230,267.9850,46.2790,52.9951
324.1230,267.9850,46.2790,52.9951
324.1230,267.9850,46.2790,52.9951
324.1230,267.9850,46.2790,52.9951
324.1230,267.9850,46.2790,52.9951
324.1230,267.9850,46.2790,52.9951
324.1230,267.9850,46.2790,52.9951
324.1230,267.9850,46.2790,52.9951
324.1230,267.9850,46.2790,52.9951
324.1230,267.9850,46.2790,52.9951
324.1230,267.9850,46.2790,52.9951
324.1230,267.9850,46.2790,52.9951
324.1230,267.9850,46.2790,52.9951
324.1230,267.9850,46.2790,52.9951
324.1230,267.9850,46.2790,52.9951
2
0
0
0
0
1
344.5000,211.5000,38.0000,54.0000
344.5000,211.5000,38.0000,54.0000
344.5000,211.5000,38.0000,54.0000
344.5000,211.5000,38.0000,54.0000
344.5000,211.5000,38.0000,54.0000
344.5000,211.5000,38.0000,54.0000
344.5000,211.5000,38.0000,54.0000
344.5000,211.5000,38.0000,54.0000
344.5000,211.5000,38.0000,54.0000
344.5000,211.5000,38.0000,54.0000
344.5000,211.5000,38.0000,54.0000
344.5000,211.5000,38.0000,54.0000
344.5000,211.5000,38.0000,54.0000
344.5000,211.5000,38.0000,54.0000
344.5000,211.5000,38.0000,54.0000
344.5000,211.5000,38.0000,54.0000
344.5000,211.5000,38.0000,54.0000
344.5000,211.5000,38.0000,54.0000
344.5000,211.5000,38.0000,54.0000
344.5000,211.5000,38.0000,54.0000
344.5000,211.5000,38.0000,54.0000
344.5000,211.5000,38.0000,54.0000
344.5000,211.5000,38.0000,54.0000
344.5000,211.5000,38.0000,54.0000
344.5000,211.5000,38.0000,54.0000
344.5000,211.5000,38.0000,54.0000
344.5000,211.5000,38.0000,54.0000
344.5000,211.5000,38.0000,54.0000
344.5000,211.5000,38.0000,54.0000
344.5000,211.5000,38.0000,54.0000
344.5000,211.5000,38.0000,54.0000
344.5000,211.5000,38.0000,54.0000
344.5000,211.5000,38.0000,54.0000
344.5000,211.5000,38.0000,54.0000
344.5000,211.5000,38.0000,54.0000
344.5000,211.5000,38.0000,54.0000
344.5000,211.5000,38.0000,54.0000
344.5000,211.5000,38.0000,54.0000
344.5000,211.5000,38.0000,54.0000
344.5000,211.5000,38.0000,54.0000
344.5000,211.5000,38.0000,54.0000
344.5000,211.5000,38.0000,54.0000
344.5000,211.5000,38.0000,54.0000
344.5000,211.5000,38.0000,54.0000
344.5000,211.5000,38.0000,54.0000
344.5000,211.5000,38.0000,54.0000
344.5000,211.5000,38.0000,54.0000
344.5000,211.5000,38.0000,54.0000
344.5000,211.5000,38.0000,54.0000
344.5000,211.5000,38.0000,54.0000
344.5000,211.5000,38.0000,54.0000
344.5000,211.5000,38.0000,54.0000
344.5000,211.5000,38.0000,54.0000
344.5000,211.5000,38.0000,54.0000
344.5000,211.5000,38.0000,54.0000
2
0
0
0
0
1
382.7676,234.3494,39.8298,42.4111
382.7676,234.3494,39.8298,42.4111
382.7676,234.3494,39.8298,42.4111
382.7676,234.3494,39.8298,42.4111
382.7676,234.3494,39.8298,42.4111
382.7676,234.3494,39.8298,42.4111
382.7676,234.3494,39.8298,42.4111
382.7676,234.3494,39.8298,42.4111
382.7676,234.3494,39.8298,42.4111
382.7676,234.3494,39.8298,42.4111
382.7676,234.3494,39.8298,42.4111
382.7676,234.3494,39.8298,42.4111
382.7676,234.3494,39.8298,42.4111
382.7676,234.3494,39.8298,42.4111
382.7676,234.3494,39.8298,42.4111
382.7676,234.3494,39.8298,42.4111
382.7676,234.3494,39.8298,42.4111
382.7676,234.3494,39.8298,42.4111
382.7676,234.3494,39.8298,42.4111
382.7676,234.3494,39.8298,42.4111
382.7676,234.3494,39.8298,42.4111
382.7676,234.3494,39.8298,42.4111
382.7676,234.3494,39.8298,42.4111
382.7676,234.3494,39.8298,42.4111
382.7676,234.3494,39.8298,42.4111
382.7676,234.3494,39.8298,42.4111
382.7676,234.3494,39.8298,42.4111
382.7676,234.3494,39.8298,42.4111
382.7676,234.3494,39.8298,42.4111
382.7676,234.3494,39.8298,42.4111
382.7676,234.3494,39.8298,42.4111
382.7676,234.3494,39.8298,42.4111
382.7676,234.3494,39.8298,42.4111