1
487.3414,513.7666,36.5271,117.2868
487.3414,513.7666,36.5271,117.2868
487.3414,513.7666,36.5271,117.2868
487.3414,513.7666,36.5271,117.2868
487.3414,513.7666,36.5271,117.2868
487.3414,513.7666,36.5271,117.2868
487.3414,513.7666,36.5271,117.2868
487.3414,513.7666,36.5271,117.2868
2
0
0
0
0
1
489.8748,336.1205,39.3404,100.8940
489.8748,336.1205,39.3404,100.8940
489.8748,336.1205,39.3404,100.8940
489.8748,336.1205,39.3404,100.8940
489.8748,336.1205,39.3404,100.8940
489.8748,336.1205,39.3404,100.8940
489.8748,336.1205,39.3404,100.8940
489.8748,336.1205,39.3404,100.8940
489.8748,336.1205,39.3404,100.8940
489.8748,336.1205,39.3404,100.8940
489.8748,336.1205,39.3404,100.8940
489.8748,336.1205,39.3404,100.8940
489.8748,336.1205,39.3404,100.8940
489.8748,336.1205,39.3404,100.8940
489.8748,336.1205,39.3404,100.8940
489.8748,336.1205,39.3404,100.8940
2
0
0
0
0
1
535.3633,314.5392,38.8034,103.2166
535.3633,314.5392,38.8034,103.2166
535.3633,314.5392,38.8034,103.2166
535.3633,314.5392,38.8034,103.2166
535.3633,314.5392,38.8034,103.2166
535.3633,314.5392,38.8034,103.2166
535.3633,314.5392,38.8034,103.2166
535.3633,314.5392,38.8034,103.2166
535.3633,314.5392,38.8034,103.2166
535.3633,314.5392,38.8034,103.2166
535.3633,314.5392,38.8034,103.2166
535.3633,314.5392,38.8034,103.2166
535.3633,314.5392,38.8034,103.2166
535.3633,314.5392,38.8034,103.2166
535.3633,314.5392,38.8034,103.2166
535.3633,314.5392,38.8034,103.2166
535.3633,314.5392,38.8034,103.2166
535.3633,314.5392,38.8034,103.2166
535.3633,314.5392,38.8034,103.2166
535.3633,314.5392,38.8034,103.2166
535.3633,314.5392,38.8034,103.2166
535.3633,314.5392,38.8034,103.2166
535.3633,314.5392,38.8034,103.2166
535.3633,314.5392,38.8034,103.2166
535.3633,314.5392,38.8034,103.2166
535.3633,314.5392,38.8034,103.2166
535.3633,314.5392,38.8034,103.2166
535.3633,314.5392,38.8034,103.2166
535.3633,314.5392,38.8034,103.2166
535.3633,314.5392,38.8034,103.2166
535.3633,314.5392,38.8034,103.2166
535.3633,314.5392,38.8034,103.2166
535.3633,314.5392,38.8034,103.2166
535.3633,314.5392,38.8034,103.2166
535.3633,314.5392,38.8034,103.2166
535.3633,314.5392,38.8034,103.2166
535.3633,314.5392,38.8034,103.2166
535.3633,314.5392,38.8034,103.2166
535.3633,314.5392,38.8034,103.2166
535.3633,314.5392,38.8034,103.2166
2
0
0
0
0
1
472.4084,229.6179,61.3231,219.1343
472.4084,229.6179,61.3231,219.1343
472.4084,229.6179,61.3231,219.1343
472.4084,229.6179,61.3231,219.1343
472.4084,229.6179,61.3231,219.1343
472.4084,229.6179,61.3231,219.1343
472.4084,229.6179,61.3231,219.1343
472.4084,229.6179,61.3231,219.1343
472.4084,229.6179,61.3231,219.1343
472.4084,229.6179,61.3231,219.1343
472.4084,229.6179,61.3231,219.1343
472.4084,229.6179,61.3231,219.1343
472.4084,229.6179,61.3231,219.1343
472.4084,229.6179,61.3231,219.1343
472.4084,229.6179,61.3231,219.1343
472.4084,229.6179,61.3231,219.1343
472.4084,229.6179,61.3231,219.1343
472.4084,229.6179,61.3231,219.1343
472.4084,229.6179,61.3231,219.1343
472.4084,229.6179,61.3231,219.1343
472.4084,229.6179,61.3231,219.1343
472.4084,229.6179,61.3231,219.1343
472.4084,229.6179,61.3231,219.1343
472.4084,229.6179,61.3231,219.1343
472.4084,229.6179,61.3231,219.1343
472.4084,229.6179,61.3231,219.1343
472.4084,229.6179,61.3231,219.1343
472.4084,229.6179,61.3231,219.1343
472.4084,229.6179,61.3231,219.1343
472.4084,229.6179,61.3231,219.1343
472.4084,229.6179,61.3231,219.1343
472.4084,229.6179,61.3231,219.1343
472.4084,229.6179,61.3231,219.1343
472.4084,229.6179,61.3231,219.1343
472.4084,229.6179,61.3231,219.1343
472.4084,229.6179,61.3231,219.1343
472.4084,229.6179,61.3231,219.1343
472.4084,229.6179,61.3231,219.1343
472.4084,229.6179,61.3231,219.1343
472.4084,229.6179,61.3231,219.1343
472.4084,229.6179,61.3231,219.1343
472.4084,229.6179,61.3231,219.1343
472.4084,229.6179,61.3231,219.1343
472.4084,229.6179,61.3231,219.1343
2
0
0
0