177.7095
0.1150
0.1220
0.1150
0.1290
0.1220
0.1210
0.1210
0.2200
0.1460
0.1360
0.1400
0.1340
0.1320
NaN
NaN
NaN
NaN
176.5544
0.1280
0.1310
0.1260
0.1180
0.1310
0.1200
0.1150
0.1830
0.1280
0.1280
0.1320
0.1280
NaN
NaN
NaN
NaN
175.3294
0.1490
0.1350
0.1510
0.2240
0.2020
0.1590
0.1950
NaN
NaN
NaN
NaN
178.0881
0.1220
0.1220
0.1280
0.1260
0.1360
0.1540
0.3640
0.2190
0.2420
0.1400
0.1400
0.1350
0.1620
0.1460
0.1950
0.2150
0.2040
0.3200
0.2450
0.2640
0.2050
0.2140
0.1870
0.1870
0.2580
0.2210
0.2130
0.1810
0.2770
0.1880
0.2330
0.1840
0.2360
0.1680
0.1490
0.1550
0.1590
0.1570
0.1740
0.3870
0.2510
0.2120
0.2080
0.1620
0.1660
0.1400
0.2570
0.1990
0.4490
0.5690
0.3710
0.3220
0.1420
0.1520
0.1440
0.1690
0.1660
0.3340
0.2320
0.3240
0.1640
0.1550
0.1380
0.1350
0.1510
0.2400
0.1560
0.2180
0.1390
0.1490
0.1410
0.1540
0.1810
0.3850
0.2510
0.2710
0.2590
0.2750
0.2410
0.1570
0.1710
0.1680
0.1730
0.1940
0.3970
0.2840
0.2530
0.1680
NaN
NaN
NaN
NaN
176.8374
0.1500
0.1300
0.1320
0.1330
0.1750
0.2270
0.1940
0.2600
0.1400
0.1670
0.1490
0.1650
0.1390
0.2380
0.1870
0.1620
0.2020
0.1520
0.1470
0.2650
0.4620
0.3500
0.1830
0.2160
0.1550
NaN
NaN
NaN
NaN
182.3910
0.1690
0.1390
0.1690
0.1570
0.1660
0.2060
0.2780
0.2330
0.2230
0.1820
0.1660
0.2070
0.3270
0.1950
0.2070
0.1560
0.1910
0.1520
0.3140
0.2050
0.1970
0.1620
0.1800
0.2020
0.1920
0.4200
0.2870
0.2430
0.1540
0.1680
0.3180
0.1900
0.2010
0.1550
0.1580
NaN
NaN
NaN
NaN
178.7205
0.3830
0.3830
0.4190
0.3290
0.2570
0.2220
0.2820
0.2510
0.2650
NaN
NaN
NaN
NaN
179.9750
0.1310
0.1330
0.1250
0.1240
0.1380
0.1450
0.1600
0.1690
NaN
NaN
NaN
NaN
178.0380
0.1290
0.1200
0.1570
0.1240
0.1200
NaN
NaN
NaN
NaN
177.5710
0.1290
0.1290
0.1200
0.1190
0.1290
0.1260
0.1220
0.1260
0.2050
0.1760
0.1390
0.1500
0.1530
0.1390
0.1500
0.1470
0.1640
NaN
NaN
NaN
NaN
177.1130
0.1350
0.1160
0.1170
NaN
NaN
NaN
NaN
177.8880
0.1260
0.1330
0.1290
0.1230
0.1200
0.1130
0.1170
0.1220
0.1450
0.1600
0.1450
0.1270
0.1350
0.1360
0.1250
0.1520
0.1330
0.1220
0.1350
0.1410
0.1300
0.1300
0.1420
0.1410
0.1210
0.1250
0.1160
0.1150
0.1210
0.1180
0.1310
0.1340
0.1470
0.1460
0.1390
0.1400
0.1370
0.1310
0.1430
0.1290
0.1230
0.1270
0.1160
0.1350
0.1260
0.1260
0.1330
0.1340
0.1430
0.1410
0.1450
0.1320
0.1300
0.1370
0.1310
0.1250
0.1340
0.1360
0.1350
0.1250
0.1340
0.1300
0.1450
0.1350
0.1240
0.1270
0.1210
0.1390
0.1440
0.1430
0.1280
0.1340
0.1330
0.1250
0.1150
0.1340
0.1310
0.1380
0.1270
0.1390
0.1250
0.1230
0.1360
0.1400
0.1390
0.1240
0.1340
0.1140
0.1330
0.1190
0.1230
0.1430
0.1460
0.1230
0.1340
0.1290
0.1400
0.1170
0.1480
0.1470
0.1340
0.1260
0.1250
0.1330
0.1240
0.1270
0.1380
0.1360
0.1230
0.1180
0.1430
0.1380
0.1400
NaN
NaN
NaN
NaN
176.1920
0.1300
0.1350
0.1410
0.1400
0.1240
0.1250
0.1350
0.1270
0.1290
0.1390
0.1260
0.1370
0.1290
0.1250
0.1240
0.1260
NaN
NaN
NaN
NaN
177.0140
0.1360
0.1290
0.1210
0.0990
0.1300
NaN
NaN
NaN
NaN
176.8230
0.1460
0.1280
0.1380
0.1410
0.1220
NaN
NaN
NaN
NaN
176.4110
0.1370
0.1220
0.1280
NaN
NaN
NaN
NaN
176.7490
0.1280
0.1170
NaN
NaN
NaN
NaN
177.9249
0.2980
0.3520
0.3070
0.3540
0.7530
0.2990
0.2730
0.2700
0.2310
0.3230
NaN
NaN
NaN
NaN
177.4400
0.1440
0.1300
0.1210
0.1310
0.1350
NaN
NaN
NaN
NaN
176.8770
0.1380
0.1430
0.1440
0.1390
0.1230
NaN
NaN
NaN
NaN
177.3390
0.1490
0.1150
0.1340
0.1510
0.1430
0.1320
0.1220
0.1770
0.1870
0.1330
NaN
NaN
NaN
NaN
177.1960
0.1450
0.1250
0.1260
0.1400
0.1180
0.1310
0.1290
0.1810
0.1870
0.1340
0.1340
0.1440
0.1660
0.1400
0.1390
0.1460
0.1400
0.1540
0.1450
0.1540
0.1500
0.1390
0.1410
0.1310
0.1430
0.2140
0.1540
0.1460
0.1470
0.2150
0.1470
0.1430
0.1410
0.1410
0.1540
0.1520
0.1420
0.1400
0.1380
0.1410
0.1360
0.2230
0.1420
0.1390
0.1380
0.1800
0.1460
0.1440
0.1480
0.1430
0.1470
0.1580
0.1490
0.1440
0.1570
0.1320
0.1420
0.1550
0.1890
0.1540
0.1680
0.1450
0.1510
0.1420
0.1800
0.1510
0.1340
NaN
NaN
NaN
NaN
176.7450
0.1310
0.1230
0.1230
0.1320
0.1340