1
618.1103,666.4627,63.0000,22.0000
612.7047,658.5913,60.0000,23.0000
598.1504,654.1963,60.0000,25.0000
570.1718,656.1502,64.0000,20.0000
570.1718,656.1502,64.0000,20.0000
537.5118,641.2127,61.0000,24.0000
528.9806,635.3377,59.0000,30.0000
506.1608,632.4013,61.0000,29.0000
477.8077,631.7377,64.0000,23.0000
462.0179,627.8984,60.0000,26.0000
462.0179,627.8984,60.0000,26.0000
462.0179,627.8984,60.0000,26.0000
2
0
0
0
0
1
293.9346,502.6017,46.0000,39.0000
280.9877,490.7231,50.0000,48.0000
254.8249,514.1634,44.0000,39.0000
249.4115,525.9390,42.0000,43.0000
227.7318,550.4657,32.0000,43.0000
205.6229,534.9537,41.0000,51.0000
195.7770,544.6032,44.0000,43.0000
170.9016,576.0650,41.0000,36.0000
181.0718,586.0276,30.0000,24.0000
184.7087,598.6464,25.0000,26.0000
184.7087,598.6464,25.0000,26.0000
2
0
0
0
0
1
283.1352,789.3690,21.0000,35.0000
291.2605,800.8094,19.0000,26.0000
303.7926,806.7174,16.0000,25.0000
307.0843,809.7493,20.0000,25.0000
319.9911,820.7909,17.0000,24.0000
334.3249,825.6163,7.0000,12.0000
2
0
0
0
0
1
388.1280,847.2262,27.0000,52.0000
387.8404,848.4383,27.0000,51.0000
386.8382,850.5541,27.0000,47.0000
386.5415,849.1049,31.0000,49.0000
386.8131,853.1409,34.0000,45.0000
388.6931,857.3846,36.0000,42.0000
391.3942,863.5944,37.0000,41.0000
394.5669,862.9168,33.0000,44.0000
398.1582,867.1935,28.0000,41.0000
396.5529,867.5916,29.0000,42.0000
396.3555,870.4638,28.0000,38.0000
393.2002,870.2498,26.0000,40.0000
391.7147,872.4447,26.0000,38.0000
390.6317,872.9971,26.0000,38.0000
387.4832,872.4716,26.0000,39.0000
387.2323,873.2718,27.0000,38.0000
386.2916,873.1085,26.0000,38.0000
387.1638,872.3621,26.0000,40.0000
389.0327,872.6629,25.0000,40.0000
390.2680,875.4551,24.0000,38.0000
391.0659,872.2999,26.0000,42.0000
391.8411,875.0586,24.0000,40.0000
390.9082,875.7931,25.0000,38.0000
391.1327,873.5117,30.0000,40.0000
391.8058,871.6495,33.0000,38.0000
391.6579,869.4909,37.0000,38.0000
391.3923,865.7569,41.0000,40.0000
390.6306,866.6388,41.0000,38.0000
392.7982,863.8121,37.0000,42.0000
394.9943,866.3500,34.0000,42.0000
397.2859,870.0296,34.0000,38.0000
402.1897,876.7077,34.0000,35.0000
402.1897,876.7077,34.0000,35.0000
417.4710,887.4968,30.0000,26.0000
414.4578,889.9582,36.0000,25.0000
417.7416,889.9753,34.0000,25.0000
428.8093,895.1420,34.0000,23.0000
425.9026,893.2632,30.0000,21.0000
424.2425,893.3163,31.0000,20.0000
422.8190,895.6767,30.0000,21.0000
420.3502,896.9213,31.0000,21.0000
420.4750,896.6982,29.0000,20.0000
418.0554,897.3525,30.0000,20.0000
413.8731,895.1274,32.0000,20.0000
406.2341,893.2045,34.0000,22.0000
406.0674,897.3699,32.0000,18.0000
407.0746,896.3306,29.0000,20.0000
408.0873,895.7131,29.0000,21.0000
405.6944,895.8067,30.0000,19.0000
407.4696,895.5231,31.0000,21.0000
408.8968,896.6200,29.0000,19.0000
407.9462,896.0605,29.0000,19.0000
406.7322,897.0438,32.0000,19.0000
407.4234,896.9352,31.0000,19.0000
406.5550,896.7866,30.0000,19.0000
406.5038,896.5718,29.0000,19.0000
405.8192,895.5468,27.0000,19.0000
406.9576,893.8643,29.0000,22.0000
402.5592,894.4498,36.0000,24.0000
401.2414,894.3095,43.0000,23.0000
393.5452,891.3944,51.0000,23.0000
386.2191,889.8523,56.0000,21.0000
395.2316,896.8261,55.0000,19.0000
400.3852,890.1347,55.0000,20.0000
405.0405,891.4731,54.0000,20.0000
405.1459,888.4004,54.0000,22.0000
406.6734,892.0120,54.0000,21.0000
407.6845,889.4264,56.0000,21.0000
408.8000,887.6914,58.0000,23.0000
407.0294,887.7310,60.0000,19.0000
411.9708,886.5619,60.0000,24.0000
400.7648,883.1763,65.0000,23.0000
400.6610,883.4919,68.0000,22.0000
401.8312,881.2433,69.0000,25.0000
402.2634,879.1694,67.0000,26.0000
405.9746,877.8074,68.0000,26.0000
432.6746,885.8917,61.0000,26.0000
445.2760,875.2636,61.0000,27.0000
455.2228,865.8271,65.0000,38.0000
468.7964,866.9839,67.0000,39.0000
486.7862,858.2587,64.0000,42.0000
510.5577,857.0899,58.0000,38.0000
541.1811,854.5056,51.0000,35.0000
549.1647,845.4462,58.0000,35.0000
551.4082,842.8158,74.0000,56.0000
582.0776,804.9541,92.0000,66.0000
580.1032,789.9312,107.0000,84.0000
2
0
0
0
0
1
568.0743,847.2533,69.0000,20.0000
568.8407,843.5510,70.0000,25.0000
582.9497,846.2503,68.0000,21.0000
581.2615,848.8709,72.0000,21.0000
589.4350,850.3147,67.0000,22.0000
589.5418,845.5492,70.0000,30.0000
618.6867,832.0322,66.0000,33.0000
613.8325,819.6572,69.0000,52.0000
613.8325,819.6572,69.0000,52.0000
602.9479,816.9223,72.0000,62.0000
621.2460,801.7541,77.0000,67.0000
621.2460,801.7541,77.0000,67.0000
621.2460,801.7541,77.0000,67.0000
621.2460,801.7541,77.0000,67.0000
621.2460,801.7541,77.0000,67.0000
621.2460,801.7541,77.0000,67.0000
621.2460,801.7541,77.0000,67.0000
621.2460,801.7541,77.0000,67.0000
621.2460,801.7541,77.0000,67.0000
621.2460,801.7541,77.0000,67.0000
621.2460,801.7541,77.0000,67.0000
621.2460,801.7541,77.0000,67.0000
621.2460,801.7541,77.0000,67.0000
621.2460,801.7541,77.0000,67.0000
2
0
0
0
0
1
778.9610,672.5465,47.0000,38.0000
781.1799,675.7992,45.0000,32.0000
782.9912,679.6907,48.0000,28.0000
782.7084,679.4345,49.0000,30.0000
781.6795,680.1980,49.0000,30.0000
783.6335,680.4611,46.0000,30.0000
784.7374,681.7632,47.0000,30.0000
783.8473,687.8139,45.0000,24.0000
781.6000,700.0417,45.0000,21.0000
778.1335,686.1942,46.0000,28.0000
787.2963,690.1629,37.0000,27.0000
790.5553,691.5407,38.0000,29.0000
789.6500,694.6567,31.0000,33.0000
790.4532,700.1318,25.0000,36.0000
790.4586,694.5368,23.0000,41.0000
791.6180,693.4707,20.0000,47.0000
793.2622,699.6541,17.0000,41.0000
793.2669,704.6023,17.0000,42.0000
790.6164,701.2531,17.0000,42.0000
787.1785,703.6668,15.0000,51.0000
783.0100,706.6859,14.0000,52.0000
776.8443,715.7147,14.0000,49.0000
767.2962,735.3781,13.0000,32.0000
755.1189,736.2036,17.0000,33.0000
743.9275,744.4116,18.0000,31.0000
734.7859,755.9038,16.0000,24.0000
734.7859,755.9038,16.0000,24.0000
734.7859,755.9038,16.0000,24.0000
734.7859,755.9038,16.0000,24.0000
734.7859,755.9038,16.0000,24.0000
734.7859,755.9038,16.0000,24.0000
734.7859,755.9038,16.0000,24.0000
734.7859,755.9038,16.0000,24.0000
734.7859,755.9038,16.0000,24.0000
2
0
0
0
0
1
667.3149,762.9821,48.0000,42.0000
667.2697,766.4806,48.0000,39.0000
670.2186,767.9108,48.0000,37.0000
663.1136,761.6730,56.0000,31.0000
648.5291,754.3478,80.0000,43.0000
638.2051,744.2480,105.0000,62.0000
584.7026,735.7570,81.0000,77.0000
586.8753,731.9633,70.0000,77.0000
2
0
0
0
0
1
649.4612,691.6911,39.0000,36.0000
648.9792,689.0904,42.0000,27.0000
630.3761,683.4943,43.0000,25.0000
613.9513,669.0764,49.0000,25.0000
601.5006,651.4895,39.0000,25.0000
586.9937,647.5162,35.0000,17.0000
586.9937,647.5162,35.0000,17.0000
2
0
0
0
0
1
344.6789,678.3840,60.0000,32.0000
329.1347,698.3981,46.0000,28.0000
325.1139,718.6402,32.0000,25.0000
325.1139,718.6402,32.0000,25.0000
2
0
0
0
0
1
346.3431,813.6366,33.0000,45.0000
355.2056,815.0897,37.0000,45.0000
383.5451,837.3404,25.0000,37.0000
400.6572,841.2613,22.0000,23.0000
402.7672,839.8501,33.0000,29.0000
423.0922,842.6346,27.0000,31.0000
440.7162,856.4486,19.0000,25.0000
435.0368,842.4934,31.0000,47.0000
436.2001,841.3629,27.0000,48.0000
437.7111,846.2653,24.0000,48.0000
432.8812,843.6357,25.0000,50.0000
433.8001,842.0647,32.0000,53.0000
417.0345,854.4661,33.0000,43.0000
414.7261,856.2192,20.0000,34.0000
402.5777,858.0942,15.0000,26.0000
402.5777,858.0942,15.0000,26.0000
2
0
0
0
0
1
200.5391,718.2053,25.0000,22.0000
200.5391,718.2053,25.0000,22.0000
2
0
0
0
0
1
146.8445,677.5543,58.0000,28.0000
146.4825,676.4367,58.0000,28.0000
142.7807,673.9967,62.0000,29.0000
142.0032,674.1859,61.0000,28.0000
138.5998,670.4705,61.0000,28.0000
137.1307,661.8404,61.0000,35.0000
137.5971,657.6446,59.0000,37.0000
136.5870,645.0159,55.0000,45.0000
131.7462,630.9843,54.0000,52.0000
135.2047,621.0565,49.0000,56.0000
123.8419,599.8393,49.0000,53.0000
108.6362,576.4143,47.0000,48.0000
112.3718,553.9081,45.0000,56.0000
113.8761,542.2464,42.0000,64.0000
124.4995,538.2464,34.0000,66.0000
125.4479,500.2382,28.0000,64.0000
130.7217,476.2852,28.0000,69.0000
136.0951,444.3389,23.0000,69.0000
148.7237,417.3015,21.0000,66.0000
155.4416,383.5889,22.0000,70.0000
161.2231,361.2757,24.0000,66.0000
168.7690,342.9345,28.0000,64.0000
188.1082,348.8477,31.0000,59.0000
196.8900,322.5704,43.0000,79.0000
181.7334,327.7351,58.0000,82.0000
181.7334,327.7351,58.0000,82.0000
181.7334,327.7351,58.0000,82.0000
181.7334,327.7351,58.0000,82.0000
181.7334,327.7351,58.0000,82.0000
197.6062,313.4018,66.0000,97.0000
197.6062,313.4018,66.0000,97.0000
197.6062,313.4018,66.0000,97.0000
197.6062,313.4018,66.0000,97.0000
197.6062,313.4018,66.0000,97.0000
197.6062,313.4018,66.0000,97.0000
197.6062,313.4018,66.0000,97.0000
197.6062,313.4018,66.0000,97.0000
197.6062,313.4018,66.0000,97.0000
197.6062,313.4018,66.0000,97.0000
197.6062,313.4018,66.0000,97.0000
197.6062,313.4018,66.0000,97.0000
197.6062,313.4018,66.0000,97.0000
197.6062,313.4018,66.0000,97.0000
197.6062,313.4018,66.0000,97.0000
197.6062,313.4018,66.0000,97.0000
197.6062,313.4018,66.0000,97.0000
197.6062,313.4018,66.0000,97.0000
236.6586,258.7684,51.0000,92.0000
233.7918,255.9112,62.0000,97.0000
235.6588,252.8790,65.0000,101.0000
247.3923,268.0777,43.0000,82.0000
286.7416,276.5431,30.0000,65.0000
280.7767,264.0281,40.0000,61.0000
273.2170,267.3759,40.0000,69.0000
282.8369,259.0895,31.0000,70.0000
288.1365,241.4250,33.0000,68.0000
277.8359,233.5770,43.0000,65.0000
276.1164,231.7043,43.0000,65.0000
264.5125,226.8573,56.0000,67.0000
259.8553,226.1077,80.0000,62.0000
250.9580,231.7005,85.0000,59.0000
247.8102,230.4831,86.0000,58.0000
248.2421,231.6697,87.0000,58.0000
247.8789,232.9622,91.0000,58.0000
248.4459,232.6897,88.0000,58.0000
247.3129,231.1396,90.0000,61.0000
245.7873,233.2350,92.0000,57.0000
245.4213,232.4782,93.0000,59.0000
245.3472,234.9229,98.0000,57.0000
240.5611,236.0457,102.0000,57.0000
237.5547,239.1202,105.0000,57.0000
229.7233,240.5479,105.0000,59.0000
227.4034,240.9105,105.0000,62.0000
223.5858,241.8495,106.0000,62.0000
224.2932,240.3996,104.0000,64.0000
245.9009,228.1818,104.0000,67.0000
245.5540,225.2701,104.0000,72.0000
243.2762,220.7857,97.0000,77.0000
242.4407,219.2767,100.0000,79.0000
255.0032,222.9564,78.0000,63.0000
261.2388,228.1935,64.0000,53.0000
266.2411,228.2449,53.0000,51.0000
266.1391,228.5961,53.0000,49.0000
263.6715,230.2857,56.0000,45.0000
257.9079,231.8452,59.0000,41.0000
254.3577,235.5898,62.0000,36.0000
253.8006,235.4208,63.0000,36.0000
248.4138,241.0888,65.0000,28.0000
243.4731,244.3990,66.0000,24.0000
237.0193,245.0601,69.0000,28.0000
241.4698,250.8645,65.0000,29.0000
229.8675,257.0649,67.0000,29.0000
219.3649,263.0793,64.0000,31.0000
211.3773,267.7496,64.0000,31.0000
190.8180,294.0452,47.0000,23.0000
189.9306,310.5232,32.0000,19.0000
191.8760,321.6765,26.0000,20.0000
177.6099,328.9442,41.0000,25.0000
169.9149,325.5447,54.0000,32.0000
170.1449,324.1429,63.0000,31.0000
184.2117,316.8768,48.0000,48.0000
190.6331,301.4426,33.0000,62.0000
200.8348,287.2229,30.0000,66.0000
214.2598,273.6705,34.0000,63.0000
225.7640,273.9901,43.0000,54.0000
244.9518,255.8686,45.0000,51.0000
264.7446,245.3485,48.0000,47.0000
295.2157,228.6195,43.0000,36.0000
330.2614,212.3773,38.0000,32.0000
366.0599,209.0756,28.0000,26.0000
392.8754,206.5844,19.0000,20.0000
413.6590,210.4030,9.0000,12.0000
2
0
0
0
0
1
573.6783,247.6014,58.0000,28.0000
612.2271,227.1860,44.0000,22.0000
612.0051,213.8142,54.0000,37.0000
613.8310,209.7910,49.0000,55.0000
613.1678,207.0950,46.0000,61.0000
612.0971,208.1425,40.0000,64.0000
612.4632,207.2420,33.0000,69.0000
612.7059,201.0076,30.0000,72.0000
610.0192,199.8204,26.0000,73.0000
605.8570,193.4853,24.0000,74.0000
596.8215,192.1728,27.0000,72.0000
589.2643,189.2954,31.0000,68.0000
576.1541,191.1837,28.0000,51.0000
558.2759,188.2274,19.0000,33.0000
558.2759,188.2274,19.0000,33.0000
2
0
0
0
0
1
532.2014,192.5137,35.0000,32.0000
543.3162,205.0354,41.0000,21.0000
573.0236,207.3349,39.0000,17.0000
573.0236,207.3349,39.0000,17.0000
2
0
0
0
0
1
753.6865,338.3012,45.0000,30.0000
775.0691,359.6815,32.0000,24.0000
790.3544,380.2620,22.0000,19.0000
790.8053,393.8621,15.0000,14.0000
2
0
0
0
0
1
733.0000,623.0000,31.0000,40.0000
733.0000,623.0000,31.0000,40.0000
2
0
0
0
0
1
582.0000,474.0000,27.0000,46.0000
2
0
0
0
0
1
492.7098,254.9482,36.0000,42.0000
496.7303,226.1014,24.0000,34.0000
511.0681,205.8749,25.0000,20.0000
518.3067,192.8474,26.0000,24.0000
517.3218,187.0176,29.0000,40.0000
520.9833,192.5922,25.0000,57.0000
520.9833,192.5922,25.0000,57.0000
520.9833,192.5922,25.0000,57.0000
520.9833,192.5922,25.0000,57.0000
2
0
0
0
0
1
287.1497,246.9581,34.0000,23.0000
269.6247,252.0906,43.0000,29.0000
259.0869,266.7413,30.0000,28.0000
241.3555,289.7967,25.0000,21.0000
2
0
0
0
0
1
248.4367,574.7355,25.0000,64.0000
236.7334,583.1656,34.0000,62.0000
236.7334,583.1656,34.0000,62.0000
236.7334,583.1656,34.0000,62.0000
2
0
0
0
0
1
159.4897,650.6711,33.0000,44.0000
169.9725,658.9800,21.0000,28.0000
161.6836,642.0910,28.0000,51.0000
171.9822,652.8258,21.0000,51.0000
179.4835,664.1501,20.0000,57.0000
187.7125,671.4199,19.0000,57.0000
190.9942,681.6437,19.0000,55.0000
189.7832,711.2486,24.0000,48.0000
198.8855,729.5712,20.0000,23.0000
2
0
0
0
0
1
307.8795,756.3244,64.0000,24.0000
352.3211,750.6591,58.0000,21.0000
388.3742,745.8374,58.0000,26.0000
417.3781,752.3606,64.0000,26.0000
431.2205,751.8258,65.0000,26.0000
452.6115,760.0758,62.0000,33.0000
482.9737,769.0277,43.0000,35.0000
497.2376,787.3306,30.0000,31.0000
508.4426,813.6425,20.0000,19.0000
518.2766,836.4352,13.0000,6.0000
514.2404,836.3159,19.0000,9.0000
519.9481,836.7727,24.0000,12.0000
521.8763,835.4055,33.0000,19.0000
522.5568,837.7733,49.0000,27.0000
523.8787,837.6910,62.0000,33.0000
530.3348,839.7359,65.0000,27.0000
532.3295,840.2950,66.0000,27.0000
535.6697,842.5240,64.0000,22.0000
537.1464,842.8940,66.0000,23.0000
538.7368,842.8777,64.0000,23.0000
565.7502,822.7993,79.0000,30.0000
584.2597,792.9859,101.0000,53.0000
565.1840,797.2757,115.0000,55.0000
548.3149,797.3705,123.0000,54.0000
547.7230,799.5683,123.0000,51.0000
555.0561,796.9336,119.0000,48.0000
557.0601,791.9573,115.0000,51.0000
555.0234,793.6697,118.0000,49.0000
556.0256,793.6147,112.0000,49.0000
556.5177,789.7796,112.0000,52.0000
555.7763,782.8469,112.0000,67.0000
555.7165,773.6820,113.0000,82.0000
562.3966,762.9183,105.0000,97.0000
569.3590,745.1607,96.0000,114.0000
573.2678,720.9883,94.0000,130.0000
577.3062,710.7807,89.0000,148.0000
582.4290,703.7389,84.0000,148.0000
581.9183,704.5459,84.0000,148.0000
584.6739,704.4308,81.0000,148.0000
587.1576,704.0187,75.0000,148.0000
591.2549,700.5348,70.0000,148.0000
592.8451,701.6888,72.0000,148.0000
594.1812,701.9558,75.0000,148.0000
592.9830,700.4835,75.0000,148.0000
592.1561,699.3528,77.0000,150.0000
591.6948,700.1278,79.0000,150.0000
592.1128,700.0107,80.0000,150.0000
592.2380,698.1761,80.0000,152.0000
592.0329,697.6164,80.0000,152.0000
592.0943,699.6236,81.0000,149.0000
592.1570,699.1021,81.0000,151.0000
593.8701,698.8456,79.0000,151.0000
595.0097,699.6791,80.0000,151.0000
594.9866,700.3666,80.0000,151.0000
594.1415,698.5764,82.0000,153.0000
592.4295,700.8724,84.0000,150.0000
591.2196,701.1406,89.0000,152.0000
590.5006,699.9447,90.0000,152.0000
589.4184,700.7390,91.0000,149.0000
596.9602,732.6684,92.0000,151.0000
588.1705,697.0981,94.0000,151.0000
582.7629,671.8446,95.0000,151.0000
589.5759,701.4844,97.0000,148.0000
585.3358,700.8131,103.0000,148.0000
585.9087,693.9144,96.0000,111.0000
593.2825,691.6644,78.0000,97.0000
2
0
0
0
0
1
710.8401,721.6839,39.0000,45.0000
713.9978,722.5296,37.0000,45.0000
713.3802,719.1367,34.0000,49.0000
699.8298,704.0399,38.0000,49.0000
710.3026,714.2974,36.0000,44.0000