1
46.7987,50.0091,14.0000,43.0000
46.7987,50.0091,14.0000,43.0000
46.7987,50.0091,14.0000,43.0000
43.7096,41.7345,8.0000,31.0000
43.7096,41.7345,8.0000,31.0000
43.7096,41.7345,8.0000,31.0000
39.6166,48.1433,7.0000,26.0000
41.4423,47.2371,7.0000,22.0000
43.7319,50.7548,11.0000,28.0000
43.7319,50.7548,11.0000,28.0000
44.2571,39.8577,15.0000,32.0000
44.2571,39.8577,15.0000,32.0000
44.2571,39.8577,15.0000,32.0000
44.2571,39.8577,15.0000,32.0000
2
0
0
0
0
1
80.0000,29.0000,23.0000,62.0000
80.0000,29.0000,23.0000,62.0000
86.4303,43.3242,22.0000,47.0000
76.9348,76.0029,13.0000,31.0000
77.7500,71.1201,8.0000,22.0000
84.2701,81.8227,4.0000,12.0000
87.3317,77.3547,2.0000,7.0000
86.4848,76.2700,3.0000,7.0000
2
0
0
0
0
1
116.1346,20.5613,13.0000,51.0000
115.6080,32.5707,8.0000,30.0000
117.6760,37.1961,3.0000,18.0000
2
0
0
0
0
1
150.5403,23.0157,19.0000,63.0000
148.0998,34.0227,22.0000,57.0000
2
0
0
0
0
1
105.9768,23.9854,21.0000,59.0000
116.5452,42.0342,14.0000,40.0000
123.5645,51.3742,8.0000,24.0000
126.7335,56.4618,4.0000,13.0000
126.7335,56.4618,4.0000,13.0000
126.7335,56.4618,4.0000,13.0000
2
0
0
0
0
1
124.9675,37.5855,25.0000,68.0000
125.0289,36.0949,25.0000,72.0000
130.7992,50.0899,23.0000,66.0000
143.2050,64.9367,19.0000,66.0000
137.9882,72.7510,24.0000,66.0000
121.9618,64.5159,24.0000,77.0000
126.1342,41.1485,24.0000,81.0000
118.8483,37.6706,23.0000,86.0000
108.5198,50.1814,20.0000,75.0000
99.2129,39.0861,19.0000,70.0000
97.8395,50.0869,17.0000,62.0000
109.6006,56.0798,13.0000,66.0000
119.6001,78.9191,9.0000,62.0000
127.6303,106.9511,6.0000,46.0000
127.6303,106.9511,6.0000,46.0000
2
0
0
0
0
1
174.8881,48.5471,33.0000,79.0000
170.9145,51.9353,38.0000,83.0000
169.5689,44.2912,32.0000,85.0000
174.9971,51.9513,26.0000,75.0000
171.7224,42.1752,28.0000,78.0000
2
0
0
0
0
1
128.9795,37.9975,34.0000,86.0000
144.8271,34.6607,32.0000,94.0000
143.6151,31.6963,40.0000,99.0000
131.9760,45.7664,45.0000,95.0000
128.4660,30.4351,55.0000,97.0000
130.9854,38.2449,63.0000,98.0000
118.9390,21.8523,80.0000,105.0000
101.3218,-2.5271,100.0000,111.0000
101.3218,-2.5271,100.0000,111.0000
101.3218,-2.5271,100.0000,111.0000
101.3218,-2.5271,100.0000,111.0000
101.3218,-2.5271,100.0000,111.0000
101.3218,-2.5271,100.0000,111.0000
101.3218,-2.5271,100.0000,111.0000
101.3218,-2.5271,100.0000,111.0000
101.3218,-2.5271,100.0000,111.0000
101.3218,-2.5271,100.0000,111.0000
101.3218,-2.5271,100.0000,111.0000
101.3218,-2.5271,100.0000,111.0000
101.3218,-2.5271,100.0000,111.0000
101.3218,-2.5271,100.0000,111.0000
101.3218,-2.5271,100.0000,111.0000
101.3218,-2.5271,100.0000,111.0000
101.3218,-2.5271,100.0000,111.0000
101.3218,-2.5271,100.0000,111.0000
101.3218,-2.5271,100.0000,111.0000
101.3218,-2.5271,100.0000,111.0000
101.3218,-2.5271,100.0000,111.0000
101.3218,-2.5271,100.0000,111.0000
101.3218,-2.5271,100.0000,111.0000
101.3218,-2.5271,100.0000,111.0000
101.3218,-2.5271,100.0000,111.0000
101.3218,-2.5271,100.0000,111.0000
101.3218,-2.5271,100.0000,111.0000
101.3218,-2.5271,100.0000,111.0000
101.3218,-2.5271,100.0000,111.0000
101.3218,-2.5271,100.0000,111.0000
175.2167,-5.4088,89.0000,117.0000
138.5161,-13.7229,123.0000,124.0000
112.1485,-13.3638,153.0000,134.0000
112.1485,-13.3638,153.0000,134.0000
112.1485,-13.3638,153.0000,134.0000
112.1485,-13.3638,153.0000,134.0000
112.1485,-13.3638,153.0000,134.0000