174.4883
0.0380
0.0410
0.0420
0.0370
0.0420
0.0390
0.0380
0.0360
0.0370
0.0430
0.0430
0.0420
0.0400
0.0320
0.0330
NaN
NaN
NaN
NaN
174.5293
0.0340
0.0420
0.0410
0.0400
0.0450
0.0500
0.0440
0.0400
0.0390
NaN
NaN
NaN
NaN
174.4893
0.0390
0.0410
0.0440
0.0400
NaN
NaN
NaN
NaN
174.4464
0.0370
0.0390
0.0390
NaN
NaN
NaN
NaN
174.4573
0.0420
0.0400
0.0440
0.0440
0.0400
0.0370
0.0410
NaN
NaN
NaN
NaN
174.4413
0.0340
0.0390
0.0360
0.0360
0.0400
0.0440
0.0410
0.0630
0.0450
0.0430
0.0380
0.0390
0.0410
0.0400
0.0420
0.0420
NaN
NaN
NaN
NaN
174.4908
0.0400
0.0380
0.0350
0.0410
0.0400
0.0380
NaN
NaN
NaN
NaN
174.4764
0.0370
0.0340
0.0360
0.0430
0.0560
0.0450
0.0390
0.0370
0.0390
0.0410
0.0350
0.0520
0.0410
0.0460
0.0410
0.0390
0.0420
0.0440
0.0390
0.0400
0.0380
0.0420
0.0600
0.0500
0.0450
0.0770
0.0520
0.0570
0.0450
0.0420
0.0440
0.0430
0.0460
0.0500
0.0450
0.0460
0.0430
0.0440
0.0430
0.0470
0.0420
0.0430
0.0470
0.0450