1
38.0000,601.6527,81.0000,54.0000
54.0000,601.6013,70.0000,57.0000
74.0000,623.8387,57.0000,33.0000
94.0000,607.1404,45.0000,51.0000
108.0000,617.2566,36.0000,27.0000
123.0000,618.2972,25.0000,27.0000
132.0000,642.0740,11.0000,10.0000
125.8178,638.6200,17.0000,17.0000
115.0465,625.9614,33.0000,34.0000
100.2013,612.4437,46.0000,51.0000
85.0000,584.0087,56.0000,81.0000
67.0000,595.4363,63.0000,73.0000
72.7804,592.2565,71.0000,76.0000
59.6699,596.7491,90.0000,68.0000
46.0000,573.3170,127.0000,85.0000
66.0000,581.0267,123.0000,71.0000
50.0000,574.1317,169.0000,83.0000
79.0000,585.0200,161.0000,67.0000
83.9807,587.3900,193.0000,54.0000
110.0000,584.0458,206.0000,54.0000
139.0000,587.9642,222.0000,61.0000
187.0000,586.9120,208.0000,60.0000
224.0000,584.9158,224.0000,67.0000
279.0000,586.9087,204.0000,74.0000
354.0000,595.4320,146.0000,68.0000
411.0000,580.9938,112.0000,89.0000
421.0000,573.4715,89.0000,79.0000
432.0000,578.7908,90.0000,67.0000
442.0000,574.8666,97.0000,49.0000
456.2033,581.2497,107.0000,38.0000
443.9941,581.3239,122.0000,45.0000
440.7104,577.8408,127.0000,51.0000
447.3001,583.0595,121.0000,31.0000
446.2722,585.3892,128.0000,37.0000
440.6204,587.9925,94.0000,49.0000
450.0000,597.8843,77.0000,49.0000
462.0000,601.6682,61.0000,58.0000
482.0000,616.2770,47.0000,63.0000
486.0451,620.4852,58.0000,64.0000
485.2057,641.4006,47.0000,48.0000
494.9952,648.4202,57.0000,43.0000
496.4046,646.9534,74.0000,53.0000
496.0006,648.3810,83.0000,59.0000
482.0000,659.8923,94.0000,57.0000
469.0000,678.9807,83.0000,38.0000
459.1605,669.6199,72.0000,52.0000
452.0510,670.7694,81.0000,52.0000
470.0000,665.8603,72.0000,53.0000
485.0000,647.9370,83.0000,72.0000
479.0958,652.3241,53.0000,43.0000
485.9390,666.2762,43.0000,19.0000
484.4052,667.4511,43.0000,22.0000
486.0491,666.8962,41.0000,22.0000
485.2813,666.6005,42.0000,23.0000
486.0199,666.9196,41.0000,22.0000
485.3281,666.5425,42.0000,23.0000
485.9871,666.8607,41.0000,22.0000
485.4084,666.6913,42.0000,23.0000
486.0517,666.5267,41.0000,23.0000
485.4036,666.5639,42.0000,23.0000
485.2589,666.4669,43.0000,23.0000
485.3493,666.4001,42.0000,23.0000
485.1802,666.3860,42.0000,23.0000
485.2451,666.4019,42.0000,23.0000
485.2192,666.3912,42.0000,23.0000
486.2793,667.5904,43.0000,20.0000
484.9281,667.9188,45.0000,20.0000
484.9185,667.9730,45.0000,20.0000
484.9606,668.1958,45.0000,20.0000
484.9720,668.2103,45.0000,20.0000
475.0000,655.6835,55.0000,40.0000
463.0000,642.8137,65.0000,65.0000
475.0000,652.1223,65.0000,47.0000
498.0000,650.8934,46.0000,43.0000
495.9031,667.0231,36.0000,16.0000
487.4928,666.3941,47.0000,22.0000
490.1403,668.2319,49.0000,17.0000
488.0329,668.4406,50.0000,18.0000
488.6688,668.9263,50.0000,17.0000
488.2565,668.4561,50.0000,18.0000
488.6055,668.6946,50.0000,17.0000
488.2462,668.8854,50.0000,17.0000
488.5308,668.7916,50.0000,17.0000
487.7698,669.0382,50.0000,17.0000
488.4075,669.9935,49.0000,15.0000
487.6911,670.3730,50.0000,15.0000
487.7174,670.2341,50.0000,15.0000
487.6816,670.2345,50.0000,15.0000
487.5970,668.8639,50.0000,17.0000
487.5560,667.8347,50.0000,18.0000
487.8148,667.8525,50.0000,18.0000
487.6418,667.7400,50.0000,18.0000
487.6614,667.5824,50.0000,18.0000
487.8009,667.4495,50.0000,18.0000
487.9620,667.4012,50.0000,18.0000
488.9801,667.2968,48.0000,18.0000
489.0603,667.1201,49.0000,18.0000
488.8977,667.0284,49.0000,18.0000
489.0232,666.6596,49.0000,19.0000
489.0910,667.8503,49.0000,17.0000
487.9615,666.6499,50.0000,19.0000
489.5211,668.5274,48.0000,16.0000
487.2175,666.5040,51.0000,20.0000
489.3966,668.8729,48.0000,15.0000
486.9805,666.1556,51.0000,20.0000
490.2009,668.0804,47.0000,16.0000
487.1379,665.1995,51.0000,21.0000
490.9689,667.2403,46.0000,17.0000
487.5439,665.2679,51.0000,21.0000
490.0530,669.4051,47.0000,14.0000
486.4885,666.6702,52.0000,20.0000
489.1379,669.5997,48.0000,14.0000
487.0231,669.7167,51.0000,15.0000
486.9567,670.1861,51.0000,14.0000
486.8357,669.8061,51.0000,15.0000
487.6459,669.7826,50.0000,15.0000
487.3853,669.7876,50.0000,15.0000
487.6094,669.7694,50.0000,15.0000
487.4236,669.7861,50.0000,15.0000
487.5694,669.7843,50.0000,15.0000
487.2829,669.7817,50.0000,15.0000
486.7574,669.5255,51.0000,15.0000
486.5599,669.9812,51.0000,14.0000
486.1976,669.5313,51.0000,15.0000
486.5465,669.8948,51.0000,14.0000
486.2313,669.4949,51.0000,15.0000
486.2283,666.9969,51.0000,19.0000
487.4495,669.3151,51.0000,14.0000
485.6214,666.3685,52.0000,20.0000
487.2840,669.1326,51.0000,14.0000
484.6111,665.8104,53.0000,20.0000
487.2009,669.0623,50.0000,14.0000
484.9976,668.6987,53.0000,16.0000
485.4072,669.6146,52.0000,14.0000
485.5423,669.1044,52.0000,15.0000
485.7957,669.0134,52.0000,15.0000
485.6961,669.0851,52.0000,15.0000
485.6953,669.0310,52.0000,15.0000
485.7903,669.0783,52.0000,15.0000
485.8054,669.0686,52.0000,15.0000
485.9313,669.3133,52.0000,15.0000
475.0000,663.9582,63.0000,23.0000
457.0000,652.4796,53.0000,46.0000
442.0000,636.3872,75.0000,76.0000
438.7374,609.7469,89.0000,90.0000
454.0000,603.5992,80.0000,90.0000
454.0000,603.5992,80.0000,90.0000
454.0000,603.5992,80.0000,90.0000
454.0000,603.5992,80.0000,90.0000
454.0000,603.5992,80.0000,90.0000
454.0000,603.5992,80.0000,90.0000
454.0000,603.5992,80.0000,90.0000
454.0000,603.5992,80.0000,90.0000
454.0000,603.5992,80.0000,90.0000
454.0000,603.5992,80.0000,90.0000
454.0000,603.5992,80.0000,90.0000
454.0000,603.5992,80.0000,90.0000
454.0000,603.5992,80.0000,90.0000
454.0000,603.5992,80.0000,90.0000