396.2674
0.0674
0.0495
0.0663
0.0481
0.0807
0.0532
0.0573
0.0587
0.0621
0.0531
0.0602
0.0591
0.0757
0.0681
0.0609
0.0544
0.0642
0.0725
0.0531
0.0641
0.0804
0.0660
0.0732
0.0462
0.0797
0.0537
0.0621
0.0533
0.0600
0.0560
0.0598
0.0651
0.0634
0.0797
0.0628
0.0624
0.0700
0.0721
0.0601
0.0598
0.0630
0.0589
0.0634
0.0714
0.0707
0.0495
0.0804
0.0852
0.0788
0.0643
0.0601
0.0769
0.0691
0.0659
0.0489
0.0680
0.0831
0.0671
0.0601
0.0651
0.0771
0.0705
0.0665
0.0804
0.0678
0.0650
0.0734
0.0737
0.0761
0.0561
0.0637
0.0624
0.0791
0.0693
0.0752
0.0708
0.0727
0.0644
0.0761
0.0741
0.0649
0.0608
0.0511
0.0667
0.0667
0.0732
0.0690
0.0626
0.0608
0.0714
0.0604
0.0628
0.0501
0.0500
0.0750
0.0771
0.0661
0.0730
0.0587
0.0577
0.0630
0.0774
0.0630
0.0745
0.0702
0.0654
0.0551
0.0574
0.0660
0.0688
0.0721
0.0590
0.0638
0.0604
0.0750
0.0830
0.0564
0.0590
0.0570
0.0573
0.0526
0.0560
0.0607
0.0740
0.0700
0.0522
0.0657
0.0591
0.0667
0.0580
0.0580
0.0664
0.0574
0.0590
0.0658
0.0634
0.0772
0.0670
0.0751
0.0619
0.0621
0.0507
0.0407
0.0732
0.0548
0.0550
0.0773
0.0624
0.0541
0.0735
0.0737
0.0568
0.0632
0.0601
0.0611
0.0609
0.0738
0.0681
0.0645