1
182.1521,349.7611,51.7458,104.3578
182.1521,349.7611,51.7458,104.3578
182.1521,349.7611,51.7458,104.3578
182.1521,349.7611,51.7458,104.3578
182.1521,349.7611,51.7458,104.3578
2
0
0
0
0
1
285.7959,358.0907,64.6781,116.8386
285.7959,358.0907,64.6781,116.8386
285.7959,358.0907,64.6781,116.8386
2
0
0
0
0
1
406.9756,414.4969,119.7488,82.4762
406.9756,414.4969,119.7488,82.4762
406.9756,414.4969,119.7488,82.4762
406.9756,414.4969,119.7488,82.4762
406.9756,414.4969,119.7488,82.4762
406.9756,414.4969,119.7488,82.4762
406.9756,414.4969,119.7488,82.4762
406.9756,414.4969,119.7488,82.4762
406.9756,414.4969,119.7488,82.4762
406.9756,414.4969,119.7488,82.4762
406.9756,414.4969,119.7488,82.4762
406.9756,414.4969,119.7488,82.4762
406.9756,414.4969,119.7488,82.4762
2
0
0
0
0
1
628.8510,290.0577,108.4280,122.4545
628.8510,290.0577,108.4280,122.4545
628.8510,290.0577,108.4280,122.4545
628.8510,290.0577,108.4280,122.4545
628.8510,290.0577,108.4280,122.4545
628.8510,290.0577,108.4280,122.4545
628.8510,290.0577,108.4280,122.4545
628.8510,290.0577,108.4280,122.4545
628.8510,290.0577,108.4280,122.4545
628.8510,290.0577,108.4280,122.4545
628.8510,290.0577,108.4280,122.4545
628.8510,290.0577,108.4280,122.4545
628.8510,290.0577,108.4280,122.4545
628.8510,290.0577,108.4280,122.4545
628.8510,290.0577,108.4280,122.4545
628.8510,290.0577,108.4280,122.4545
628.8510,290.0577,108.4280,122.4545
628.8510,290.0577,108.4280,122.4545
628.8510,290.0577,108.4280,122.4545
628.8510,290.0577,108.4280,122.4545
628.8510,290.0577,108.4280,122.4545
628.8510,290.0577,108.4280,122.4545
628.8510,290.0577,108.4280,122.4545
628.8510,290.0577,108.4280,122.4545
628.8510,290.0577,108.4280,122.4545
628.8510,290.0577,108.4280,122.4545
628.8510,290.0577,108.4280,122.4545
628.8510,290.0577,108.4280,122.4545
628.8510,290.0577,108.4280,122.4545
628.8510,290.0577,108.4280,122.4545
628.8510,290.0577,108.4280,122.4545
628.8510,290.0577,108.4280,122.4545
2
0
0
0
0
1
694.8964,469.4316,135.7523,142.4269
694.8964,469.4316,135.7523,142.4269
694.8964,469.4316,135.7523,142.4269
694.8964,469.4316,135.7523,142.4269
694.8964,469.4316,135.7523,142.4269
694.8964,469.4316,135.7523,142.4269
694.8964,469.4316,135.7523,142.4269
694.8964,469.4316,135.7523,142.4269
694.8964,469.4316,135.7523,142.4269
694.8964,469.4316,135.7523,142.4269
694.8964,469.4316,135.7523,142.4269
694.8964,469.4316,135.7523,142.4269
694.8964,469.4316,135.7523,142.4269
694.8964,469.4316,135.7523,142.4269
694.8964,469.4316,135.7523,142.4269
694.8964,469.4316,135.7523,142.4269
694.8964,469.4316,135.7523,142.4269
694.8964,469.4316,135.7523,142.4269
694.8964,469.4316,135.7523,142.4269
694.8964,469.4316,135.7523,142.4269
694.8964,469.4316,135.7523,142.4269
694.8964,469.4316,135.7523,142.4269
694.8964,469.4316,135.7523,142.4269
694.8964,469.4316,135.7523,142.4269
694.8964,469.4316,135.7523,142.4269
694.8964,469.4316,135.7523,142.4269
694.8964,469.4316,135.7523,142.4269
694.8964,469.4316,135.7523,142.4269
694.8964,469.4316,135.7523,142.4269
694.8964,469.4316,135.7523,142.4269
694.8964,469.4316,135.7523,142.4269
694.8964,469.4316,135.7523,142.4269
694.8964,469.4316,135.7523,142.4269
694.8964,469.4316,135.7523,142.4269
694.8964,469.4316,135.7523,142.4269
694.8964,469.4316,135.7523,142.4269
694.8964,469.4316,135.7523,142.4269
694.8964,469.4316,135.7523,142.4269
694.8964,469.4316,135.7523,142.4269
694.8964,469.4316,135.7523,142.4269