1
184.3942,20.1286,48.2116,37.7428
184.3942,20.1286,48.2116,37.7428
184.3942,20.1286,48.2116,37.7428
184.3942,20.1286,48.2116,37.7428
184.3942,20.1286,48.2116,37.7428
184.3942,20.1286,48.2116,37.7428
184.3942,20.1286,48.2116,37.7428
184.3942,20.1286,48.2116,37.7428
184.3942,20.1286,48.2116,37.7428
184.3942,20.1286,48.2116,37.7428
184.3942,20.1286,48.2116,37.7428
184.3942,20.1286,48.2116,37.7428
184.3942,20.1286,48.2116,37.7428
184.3942,20.1286,48.2116,37.7428
184.3942,20.1286,48.2116,37.7428
184.3942,20.1286,48.2116,37.7428
184.3942,20.1286,48.2116,37.7428
184.3942,20.1286,48.2116,37.7428
184.3942,20.1286,48.2116,37.7428
184.3942,20.1286,48.2116,37.7428
184.3942,20.1286,48.2116,37.7428
184.3942,20.1286,48.2116,37.7428
184.3942,20.1286,48.2116,37.7428
184.3942,20.1286,48.2116,37.7428
184.3942,20.1286,48.2116,37.7428
184.3942,20.1286,48.2116,37.7428
184.3942,20.1286,48.2116,37.7428
184.3942,20.1286,48.2116,37.7428
2
0
0
0
0
1
173.3340,59.6377,50.5720,34.1316
173.3340,59.6377,50.5720,34.1316
173.3340,59.6377,50.5720,34.1316
173.3340,59.6377,50.5720,34.1316
173.3340,59.6377,50.5720,34.1316
173.3340,59.6377,50.5720,34.1316
173.3340,59.6377,50.5720,34.1316
173.3340,59.6377,50.5720,34.1316
173.3340,59.6377,50.5720,34.1316
173.3340,59.6377,50.5720,34.1316
173.3340,59.6377,50.5720,34.1316
173.3340,59.6377,50.5720,34.1316
173.3340,59.6377,50.5720,34.1316
173.3340,59.6377,50.5720,34.1316
173.3340,59.6377,50.5720,34.1316
173.3340,59.6377,50.5720,34.1316
173.3340,59.6377,50.5720,34.1316
173.3340,59.6377,50.5720,34.1316
173.3340,59.6377,50.5720,34.1316
173.3340,59.6377,50.5720,34.1316
173.3340,59.6377,50.5720,34.1316
173.3340,59.6377,50.5720,34.1316
173.3340,59.6377,50.5720,34.1316
173.3340,59.6377,50.5720,34.1316
173.3340,59.6377,50.5720,34.1316
173.3340,59.6377,50.5720,34.1316
173.3340,59.6377,50.5720,34.1316
173.3340,59.6377,50.5720,34.1316
173.3340,59.6377,50.5720,34.1316
173.3340,59.6377,50.5720,34.1316
173.3340,59.6377,50.5720,34.1316
173.3340,59.6377,50.5720,34.1316
173.3340,59.6377,50.5720,34.1316
173.3340,59.6377,50.5720,34.1316
173.3340,59.6377,50.5720,34.1316
173.3340,59.6377,50.5720,34.1316
173.3340,59.6377,50.5720,34.1316
173.3340,59.6377,50.5720,34.1316
173.3340,59.6377,50.5720,34.1316
173.3340,59.6377,50.5720,34.1316
173.3340,59.6377,50.5720,34.1316
173.3340,59.6377,50.5720,34.1316
173.3340,59.6377,50.5720,34.1316
173.3340,59.6377,50.5720,34.1316
173.3340,59.6377,50.5720,34.1316
173.3340,59.6377,50.5720,34.1316
173.3340,59.6377,50.5720,34.1316
173.3340,59.6377,50.5720,34.1316
173.3340,59.6377,50.5720,34.1316
173.3340,59.6377,50.5720,34.1316
173.3340,59.6377,50.5720,34.1316
173.3340,59.6377,50.5720,34.1316
173.3340,59.6377,50.5720,34.1316
173.3340,59.6377,50.5720,34.1316
173.3340,59.6377,50.5720,34.1316
173.3340,59.6377,50.5720,34.1316
173.3340,59.6377,50.5720,34.1316
173.3340,59.6377,50.5720,34.1316
173.3340,59.6377,50.5720,34.1316
173.3340,59.6377,50.5720,34.1316
173.3340,59.6377,50.5720,34.1316
173.3340,59.6377,50.5720,34.1316
173.3340,59.6377,50.5720,34.1316
173.3340,59.6377,50.5720,34.1316
173.3340,59.6377,50.5720,34.1316
173.3340,59.6377,50.5720,34.1316
173.3340,59.6377,50.5720,34.1316
173.3340,59.6377,50.5720,34.1316
173.3340,59.6377,50.5720,34.1316
173.3340,59.6377,50.5720,34.1316
173.3340,59.6377,50.5720,34.1316
173.3340,59.6377,50.5720,34.1316
173.3340,59.6377,50.5720,34.1316
173.3340,59.6377,50.5720,34.1316
173.3340,59.6377,50.5720,34.1316
173.3340,59.6377,50.5720,34.1316
173.3340,59.6377,50.5720,34.1316
2
0
0
0
0
1
214.7600,20.3644,15.1451,35.2122
214.7600,20.3644,15.1451,35.2122
214.7600,20.3644,15.1451,35.2122
214.7600,20.3644,15.1451,35.2122
214.7600,20.3644,15.1451,35.2122
214.7600,20.3644,15.1451,35.2122
214.7600,20.3644,15.1451,35.2122
214.7600,20.3644,15.1451,35.2122
214.7600,20.3644,15.1451,35.2122
214.7600,20.3644,15.1451,35.2122
214.7600,20.3644,15.1451,35.2122
214.7600,20.3644,15.1451,35.2122
214.7600,20.3644,15.1451,35.2122
214.7600,20.3644,15.1451,35.2122
214.7600,20.3644,15.1451,35.2122
2
0
0
0
0
1
232.8033,16.3662,17.0434,44.2506
232.8033,16.3662,17.0434,44.2506
232.8033,16.3662,17.0434,44.2506
232.8033,16.3662,17.0434,44.2506
232.8033,16.3662,17.0434,44.2506
232.8033,16.3662,17.0434,44.2506
232.8033,16.3662,17.0434,44.2506
232.8033,16.3662,17.0434,44.2506
2
0
0
0
0
1
247.3376,62.0921,14.0548,64.9287
247.3376,62.0921,14.0548,64.9287
247.3376,62.0921,14.0548,64.9287
247.3376,62.0921,14.0548,64.9287
247.3376,62.0921,14.0548,64.9287
247.3376,62.0921,14.0548,64.9287
247.3376,62.0921,14.0548,64.9287
247.3376,62.0921,14.0548,64.9287
247.3376,62.0921,14.0548,64.9287
247.3376,62.0921,14.0548,64.9287
247.3376,62.0921,14.0548,64.9287
247.3376,62.0921,14.0548,64.9287
247.3376,62.0921,14.0548,64.9287
247.3376,62.0921,14.0548,64.9287
2
0
0
0
0
1
230.7499,133.3617,18.9001,58.2915
230.7499,133.3617,18.9001,58.2915
230.7499,133.3617,18.9001,58.2915
230.7499,133.3617,18.9001,58.2915
230.7499,133.3617,18.9001,58.2915
230.7499,133.3617,18.9001,58.2915
230.7499,133.3617,18.9001,58.2915
230.7499,133.3617,18.9001,58.2915
230.7499,133.3617,18.9001,58.2915
230.7499,133.3617,18.9001,58.2915
230.7499,133.3617,18.9001,58.2915
230.7499,133.3617,18.9001,58.2915
230.7499,133.3617,18.9001,58.2915
230.7499,133.3617,18.9001,58.2915
230.7499,133.3617,18.9001,58.2915
230.7499,133.3617,18.9001,58.2915
230.7499,133.3617,18.9001,58.2915
230.7499,133.3617,18.9001,58.2915
230.7499,133.3617,18.9001,58.2915
230.7499,133.3617,18.9001,58.2915
230.7499,133.3617,18.9001,58.2915
230.7499,133.3617,18.9001,58.2915
230.7499,133.3617,18.9001,58.2915
230.7499,133.3617,18.9001,58.2915
230.7499,133.3617,18.9001,58.2915
230.7499,133.3617,18.9001,58.2915
230.7499,133.3617,18.9001,58.2915
230.7499,133.3617,18.9001,58.2915
230.7499,133.3617,18.9001,58.2915
2
0
0
0
0
1
158.2882,192.9013,68.4337,46.9974
158.2882,192.9013,68.4337,46.9974
158.2882,192.9013,68.4337,46.9974
158.2882,192.9013,68.4337,46.9974
158.2882,192.9013,68.4337,46.9974
158.2882,192.9013,68.4337,46.9974
158.2882,192.9013,68.4337,46.9974
158.2882,192.9013,68.4337,46.9974
158.2882,192.9013,68.4337,46.9974
158.2882,192.9013,68.4337,46.9974
158.2882,192.9013,68.4337,46.9974
158.2882,192.9013,68.4337,46.9974
158.2882,192.9013,68.4337,46.9974
158.2882,192.9013,68.4337,46.9974
158.2882,192.9013,68.4337,46.9974
158.2882,192.9013,68.4337,46.9974
158.2882,192.9013,68.4337,46.9974
158.2882,192.9013,68.4337,46.9974
158.2882,192.9013,68.4337,46.9974
158.2882,192.9013,68.4337,46.9974
158.2882,192.9013,68.4337,46.9974
158.2882,192.9013,68.4337,46.9974
158.2882,192.9013,68.4337,46.9974
158.2882,192.9013,68.4337,46.9974
158.2882,192.9013,68.4337,46.9974
158.2882,192.9013,68.4337,46.9974
158.2882,192.9013,68.4337,46.9974
158.2882,192.9013,68.4337,46.9974
158.2882,192.9013,68.4337,46.9974
158.2882,192.9013,68.4337,46.9974
158.2882,192.9013,68.4337,46.9974
158.2882,192.9013,68.4337,46.9974
158.2882,192.9013,68.4337,46.9974
158.2882,192.9013,68.4337,46.9974
158.2882,192.9013,68.4337,46.9974
158.2882,192.9013,68.4337,46.9974
158.2882,192.9013,68.4337,46.9974
158.2882,192.9013,68.4337,46.9974
158.2882,192.9013,68.4337,46.9974
158.2882,192.9013,68.4337,46.9974
158.2882,192.9013,68.4337,46.9974
158.2882,192.9013,68.4337,46.9974
2
0
0
0
0
1
76.4995,225.9235,59.4640,52.3580
76.4995,225.9235,59.4640,52.3580
76.4995,225.9235,59.4640,52.3580
76.4995,225.9235,59.4640,52.3580
76.4995,225.9235,59.4640,52.3580
76.4995,225.9235,59.4640,52.3580
76.4995,225.9235,59.4640,52.3580
76.4995,225.9235,59.4640,52.3580
76.4995,225.9235,59.4640,52.3580
76.4995,225.9235,59.4640,52.3580
76.4995,225.9235,59.4640,52.3580
76.4995,225.9235,59.4640,52.3580
76.4995,225.9235,59.4640,52.3580
76.4995,225.9235,59.4640,52.3580
76.4995,225.9235,59.4640,52.3580
76.4995,225.9235,59.4640,52.3580
76.4995,225.9235,59.4640,52.3580
2
0
0
0
0
1
146.8826,238.9374,62.9499,28.5752
146.8826,238.9374,62.9499,28.5752
146.8826,238.9374,62.9499,28.5752
146.8826,238.9374,62.9499,28.5752
146.8826,238.9374,62.9499,28.5752
146.8826,238.9374,62.9499,28.5752
146.8826,238.9374,62.9499,28.5752
146.8826,238.9374,62.9499,28.5752
146.8826,238.9374,62.9499,28.5752
146.8826,238.9374,62.9499,28.5752
146.8826,238.9374,62.9499,28.5752
146.8826,238.9374,62.9499,28.5752
146.8826,238.9374,62.9499,28.5752
146.8826,238.9374,62.9499,28.5752
146.8826,238.9374,62.9499,28.5752
146.8826,238.9374,62.9499,28.5752
146.8826,238.9374,62.9499,28.5752
146.8826,238.9374,62.9499,28.5752
146.8826,238.9374,62.9499,28.5752
146.8826,238.9374,62.9499,28.5752
146.8826,238.9374,62.9499,28.5752
146.8826,238.9374,62.9499,28.5752
146.8826,238.9374,62.9499,28.5752
146.8826,238.9374,62.9499,28.5752
146.8826,238.9374,62.9499,28.5752
146.8826,238.9374,62.9499,28.5752
146.8826,238.9374,62.9499,28.5752
146.8826,238.9374,62.9499,28.5752
146.8826,238.9374,62.9499,28.5752
146.8826,238.9374,62.9499,28.5752
146.8826,238.9374,62.9499,28.5752
146.8826,238.9374,62.9499,28.5752
146.8826,238.9374,62.9499,28.5752
146.8826,238.9374,62.9499,28.5752
146.8826,238.9374,62.9499,28.5752
2
0
0
0
0
1
229.2983,189.9892,50.0934,49.8016
229.2983,189.9892,50.0934,49.8016
229.2983,189.9892,50.0934,49.8016
229.2983,189.9892,50.0934,49.8016
229.2983,189.9892,50.0934,49.8016
229.2983,189.9892,50.0934,49.8016
229.2983,189.9892,50.0934,49.8016
229.2983,189.9892,50.0934,49.8016
229.2983,189.9892,50.0934,49.8016
229.2983,189.9892,50.0934,49.8016
229.2983,189.9892,50.0934,49.8016
229.2983,189.9892,50.0934,49.8016
229.2983,189.9892,50.0934,49.8016
229.2983,189.9892,50.0934,49.8016
229.2983,189.9892,50.0934,49.8016
229.2983,189.9892,50.0934,49.8016
229.2983,189.9892,50.0934,49.8016
2
0
0
0
0
1
321.8497,138.6035,72.5057,60.0629
321.8497,138.6035,72.5057,60.0629
321.8497,138.6035,72.5057,60.0629
321.8497,138.6035,72.5057,60.0629
321.8497,138.6035,72.5057,60.0629
321.8497,138.6035,72.5057,60.0629
321.8497,138.6035,72.5057,60.0629
321.8497,138.6035,72.5057,60.0629
321.8497,138.6035,72.5057,60.0629
321.8497,138.6035,72.5057,60.0629
321.8497,138.6035,72.5057,60.0629
321.8497,138.6035,72.5057,60.0629
321.8497,138.6035,72.5057,60.0629
321.8497,138.6035,72.5057,60.0629
321.8497,138.6035,72.5057,60.0629
321.8497,138.6035,72.5057,60.0629
321.8497,138.6035,72.5057,60.0629
321.8497,138.6035,72.5057,60.0629
321.8497,138.6035,72.5057,60.0629
321.8497,138.6035,72.5057,60.0629
321.8497,138.6035,72.5057,60.0629
321.8497,138.6035,72.5057,60.0629
321.8497,138.6035,72.5057,60.0629