1
654.4120,269.1297,22.9610,138.8807
654.4120,269.1297,22.9610,138.8807
654.4120,269.1297,22.9610,138.8807
654.4120,269.1297,22.9610,138.8807
654.4120,269.1297,22.9610,138.8807
654.4120,269.1297,22.9610,138.8807
654.4120,269.1297,22.9610,138.8807
654.4120,269.1297,22.9610,138.8807
654.4120,269.1297,22.9610,138.8807
654.4120,269.1297,22.9610,138.8807
654.4120,269.1297,22.9610,138.8807
654.4120,269.1297,22.9610,138.8807
654.4120,269.1297,22.9610,138.8807
2
0
0
0
0
1
643.4249,304.8534,24.8302,135.7232
643.4249,304.8534,24.8302,135.7232
643.4249,304.8534,24.8302,135.7232
643.4249,304.8534,24.8302,135.7232
643.4249,304.8534,24.8302,135.7232
643.4249,304.8534,24.8302,135.7232
643.4249,304.8534,24.8302,135.7232
643.4249,304.8534,24.8302,135.7232
643.4249,304.8534,24.8302,135.7232
643.4249,304.8534,24.8302,135.7232
643.4249,304.8534,24.8302,135.7232
643.4249,304.8534,24.8302,135.7232
643.4249,304.8534,24.8302,135.7232
2
0
0
0
0
1
650.8882,258.7902,24.3036,129.3446
650.8882,258.7902,24.3036,129.3446
650.8882,258.7902,24.3036,129.3446
650.8882,258.7902,24.3036,129.3446
2
0
0
0
0
1
628.7146,250.4539,34.4408,105.9272
628.7146,250.4539,34.4408,105.9272
628.7146,250.4539,34.4408,105.9272
628.7146,250.4539,34.4408,105.9272
628.7146,250.4539,34.4408,105.9272
628.7146,250.4539,34.4408,105.9272
628.7146,250.4539,34.4408,105.9272
628.7146,250.4539,34.4408,105.9272
628.7146,250.4539,34.4408,105.9272
628.7146,250.4539,34.4408,105.9272
628.7146,250.4539,34.4408,105.9272
628.7146,250.4539,34.4408,105.9272
628.7146,250.4539,34.4408,105.9272
2
0
0
0
0
1
695.0766,236.3998,31.5618,120.9405
695.0766,236.3998,31.5618,120.9405
695.0766,236.3998,31.5618,120.9405
695.0766,236.3998,31.5618,120.9405
695.0766,236.3998,31.5618,120.9405
695.0766,236.3998,31.5618,120.9405
695.0766,236.3998,31.5618,120.9405
695.0766,236.3998,31.5618,120.9405
695.0766,236.3998,31.5618,120.9405
695.0766,236.3998,31.5618,120.9405
695.0766,236.3998,31.5618,120.9405
695.0766,236.3998,31.5618,120.9405
695.0766,236.3998,31.5618,120.9405
2
0
0
0
0
1
744.5149,206.0722,41.9302,130.9355
744.5149,206.0722,41.9302,130.9355
744.5149,206.0722,41.9302,130.9355
744.5149,206.0722,41.9302,130.9355
744.5149,206.0722,41.9302,130.9355
744.5149,206.0722,41.9302,130.9355
744.5149,206.0722,41.9302,130.9355
744.5149,206.0722,41.9302,130.9355
744.5149,206.0722,41.9302,130.9355
744.5149,206.0722,41.9302,130.9355
744.5149,206.0722,41.9302,130.9355
744.5149,206.0722,41.9302,130.9355
744.5149,206.0722,41.9302,130.9355
744.5149,206.0722,41.9302,130.9355
744.5149,206.0722,41.9302,130.9355
744.5149,206.0722,41.9302,130.9355
744.5149,206.0722,41.9302,130.9355
744.5149,206.0722,41.9302,130.9355
744.5149,206.0722,41.9302,130.9355
744.5149,206.0722,41.9302,130.9355
744.5149,206.0722,41.9302,130.9355
744.5149,206.0722,41.9302,130.9355
744.5149,206.0722,41.9302,130.9355
744.5149,206.0722,41.9302,130.9355
744.5149,206.0722,41.9302,130.9355
744.5149,206.0722,41.9302,130.9355
744.5149,206.0722,41.9302,130.9355
744.5149,206.0722,41.9302,130.9355
744.5149,206.0722,41.9302,130.9355
744.5149,206.0722,41.9302,130.9355
744.5149,206.0722,41.9302,130.9355
744.5149,206.0722,41.9302,130.9355
744.5149,206.0722,41.9302,130.9355
744.5149,206.0722,41.9302,130.9355
744.5149,206.0722,41.9302,130.9355
744.5149,206.0722,41.9302,130.9355
744.5149,206.0722,41.9302,130.9355
744.5149,206.0722,41.9302,130.9355
744.5149,206.0722,41.9302,130.9355
744.5149,206.0722,41.9302,130.9355
744.5149,206.0722,41.9302,130.9355
744.5149,206.0722,41.9302,130.9355
744.5149,206.0722,41.9302,130.9355
744.5149,206.0722,41.9302,130.9355
744.5149,206.0722,41.9302,130.9355
744.5149,206.0722,41.9302,130.9355
744.5149,206.0722,41.9302,130.9355
744.5149,206.0722,41.9302,130.9355
744.5149,206.0722,41.9302,130.9355
2
0
0
0
0
1
850.1432,200.4056,63.5535,137.4988
850.1432,200.4056,63.5535,137.4988
850.1432,200.4056,63.5535,137.4988
850.1432,200.4056,63.5535,137.4988
850.1432,200.4056,63.5535,137.4988
850.1432,200.4056,63.5535,137.4988
850.1432,200.4056,63.5535,137.4988
850.1432,200.4056,63.5535,137.4988
850.1432,200.4056,63.5535,137.4988
850.1432,200.4056,63.5535,137.4988
850.1432,200.4056,63.5535,137.4988
850.1432,200.4056,63.5535,137.4988
850.1432,200.4056,63.5535,137.4988
850.1432,200.4056,63.5535,137.4988
850.1432,200.4056,63.5535,137.4988
850.1432,200.4056,63.5535,137.4988
850.1432,200.4056,63.5535,137.4988
850.1432,200.4056,63.5535,137.4988
850.1432,200.4056,63.5535,137.4988
850.1432,200.4056,63.5535,137.4988
850.1432,200.4056,63.5535,137.4988
850.1432,200.4056,63.5535,137.4988
850.1432,200.4056,63.5535,137.4988
850.1432,200.4056,63.5535,137.4988
850.1432,200.4056,63.5535,137.4988
850.1432,200.4056,63.5535,137.4988
850.1432,200.4056,63.5535,137.4988
850.1432,200.4056,63.5535,137.4988
850.1432,200.4056,63.5535,137.4988
850.1432,200.4056,63.5535,137.4988
850.1432,200.4056,63.5535,137.4988
850.1432,200.4056,63.5535,137.4988
850.1432,200.4056,63.5535,137.4988
850.1432,200.4056,63.5535,137.4988
850.1432,200.4056,63.5535,137.4988
850.1432,200.4056,63.5535,137.4988
850.1432,200.4056,63.5535,137.4988
850.1432,200.4056,63.5535,137.4988
850.1432,200.4056,63.5535,137.4988
850.1432,200.4056,63.5535,137.4988
850.1432,200.4056,63.5535,137.4988
850.1432,200.4056,63.5535,137.4988
850.1432,200.4056,63.5535,137.4988
850.1432,200.4056,63.5535,137.4988
850.1432,200.4056,63.5535,137.4988
850.1432,200.4056,63.5535,137.4988
850.1432,200.4056,63.5535,137.4988
850.1432,200.4056,63.5535,137.4988
850.1432,200.4056,63.5535,137.4988
850.1432,200.4056,63.5535,137.4988
850.1432,200.4056,63.5535,137.4988
850.1432,200.4056,63.5535,137.4988
850.1432,200.4056,63.5535,137.4988
850.1432,200.4056,63.5535,137.4988
2
0
0
0
0
1
645.0304,222.8708,232.4192,169.5233
645.0304,222.8708,232.4192,169.5233
645.0304,222.8708,232.4192,169.5233
645.0304,222.8708,232.4192,169.5233
645.0304,222.8708,232.4192,169.5233
645.0304,222.8708,232.4192,169.5233
645.0304,222.8708,232.4192,169.5233
645.0304,222.8708,232.4192,169.5233
645.0304,222.8708,232.4192,169.5233
645.0304,222.8708,232.4192,169.5233
645.0304,222.8708,232.4192,169.5233
645.0304,222.8708,232.4192,169.5233
645.0304,222.8708,232.4192,169.5233
645.0304,222.8708,232.4192,169.5233
645.0304,222.8708,232.4192,169.5233
645.0304,222.8708,232.4192,169.5233
645.0304,222.8708,232.4192,169.5233
645.0304,222.8708,232.4192,169.5233
645.0304,222.8708,232.4192,169.5233
645.0304,222.8708,232.4192,169.5233
645.0304,222.8708,232.4192,169.5233
645.0304,222.8708,232.4192,169.5233
645.0304,222.8708,232.4192,169.5233
645.0304,222.8708,232.4192,169.5233
645.0304,222.8708,232.4192,169.5233
645.0304,222.8708,232.4192,169.5233
645.0304,222.8708,232.4192,169.5233
645.0304,222.8708,232.4192,169.5233
645.0304,222.8708,232.4192,169.5233
645.0304,222.8708,232.4192,169.5233
645.0304,222.8708,232.4192,169.5233
645.0304,222.8708,232.4192,169.5233
645.0304,222.8708,232.4192,169.5233
645.0304,222.8708,232.4192,169.5233
645.0304,222.8708,232.4192,169.5233
645.0304,222.8708,232.4192,169.5233
645.0304,222.8708,232.4192,169.5233
645.0304,222.8708,232.4192,169.5233