192.9938
0.0231
0.0237
0.0251
0.0234
0.0237
0.0241
0.0297
0.0340
0.0307
0.0295
0.0240
0.0307
0.0294
0.0230
0.0244
0.0280
0.0240
0.0234
0.0240
0.0230
0.0294
0.0230
0.0232
0.0230
0.0245
0.0230
0.0294
0.0294
0.0247
0.0230
0.0230
0.0237
0.0230
0.0231
0.0310
0.0250
0.0230
0.0230
0.0278
0.0334
0.0250
0.0290
0.0234
0.0234
0.0240
0.0240
0.0294
0.0330
0.0259
0.0259
0.0234
0.0294
0.0294
0.0293
0.0242
0.0240
0.0238
0.0300
0.0294
0.0234
0.0229
0.0240
0.0270
0.0229
0.0238
0.0230
0.0291
0.0230
0.0233
0.0230
0.0241
0.0280
0.0240
0.0240
0.0290
0.0242
0.0300
0.0250
0.0271
0.0240
0.0237
0.0290
0.0278
0.0310
0.0260
0.0242
0.0246
0.0241
0.0304
0.0297
0.0234
0.0280
0.0309
0.0279
0.0247
0.0300
0.0240
0.0310
0.0300
0.0299
0.0342
0.0239
0.0238
0.0303
0.0249
0.0237
0.0277
0.0310
0.0310
0.0251
0.0240
0.0310
0.0240
0.0280
0.0232
0.0249
0.0262
0.0250
0.0237
0.0240
0.0306
0.0264
0.0300
0.0247
0.0240
0.0302
0.0279
0.0243
0.0240
0.0290
0.0244
0.0299
0.0300
0.0292
0.0307
0.0304
0.0239
0.0312
0.0242
0.0239
0.0242
0.0249
0.0232
0.0300
0.0282
0.0249
0.0292
0.0250
0.0309
0.0302