1
703.9329,242.6084,33.6792,71.3382
703.9329,242.6084,33.6792,71.3382
703.9329,242.6084,33.6792,71.3382
703.9329,242.6084,33.6792,71.3382
703.9329,242.6084,33.6792,71.3382
703.9329,242.6084,33.6792,71.3382
703.9329,242.6084,33.6792,71.3382
703.9329,242.6084,33.6792,71.3382
703.9329,242.6084,33.6792,71.3382
703.9329,242.6084,33.6792,71.3382
703.9329,242.6084,33.6792,71.3382
703.9329,242.6084,33.6792,71.3382
2
0
0
0
0
1
647.7155,247.0563,28.6591,54.4723
647.7155,247.0563,28.6591,54.4723
647.7155,247.0563,28.6591,54.4723
647.7155,247.0563,28.6591,54.4723
647.7155,247.0563,28.6591,54.4723
647.7155,247.0563,28.6591,54.4723
647.7155,247.0563,28.6591,54.4723
647.7155,247.0563,28.6591,54.4723
2
0
0
0
0
1
595.7075,250.0830,36.8400,43.3240
595.7075,250.0830,36.8400,43.3240
595.7075,250.0830,36.8400,43.3240
595.7075,250.0830,36.8400,43.3240
595.7075,250.0830,36.8400,43.3240
595.7075,250.0830,36.8400,43.3240
595.7075,250.0830,36.8400,43.3240
595.7075,250.0830,36.8400,43.3240
595.7075,250.0830,36.8400,43.3240
595.7075,250.0830,36.8400,43.3240
2
0
0
0
0
1
551.7316,245.8905,25.4768,43.7640
551.7316,245.8905,25.4768,43.7640
551.7316,245.8905,25.4768,43.7640
551.7316,245.8905,25.4768,43.7640
551.7316,245.8905,25.4768,43.7640
551.7316,245.8905,25.4768,43.7640
551.7316,245.8905,25.4768,43.7640
551.7316,245.8905,25.4768,43.7640
551.7316,245.8905,25.4768,43.7640
551.7316,245.8905,25.4768,43.7640
551.7316,245.8905,25.4768,43.7640
551.7316,245.8905,25.4768,43.7640
551.7316,245.8905,25.4768,43.7640
551.7316,245.8905,25.4768,43.7640
551.7316,245.8905,25.4768,43.7640
551.7316,245.8905,25.4768,43.7640
551.7316,245.8905,25.4768,43.7640
551.7316,245.8905,25.4768,43.7640
551.7316,245.8905,25.4768,43.7640
551.7316,245.8905,25.4768,43.7640
551.7316,245.8905,25.4768,43.7640
551.7316,245.8905,25.4768,43.7640
551.7316,245.8905,25.4768,43.7640
551.7316,245.8905,25.4768,43.7640
551.7316,245.8905,25.4768,43.7640
551.7316,245.8905,25.4768,43.7640
551.7316,245.8905,25.4768,43.7640
551.7316,245.8905,25.4768,43.7640
551.7316,245.8905,25.4768,43.7640
551.7316,245.8905,25.4768,43.7640
551.7316,245.8905,25.4768,43.7640
551.7316,245.8905,25.4768,43.7640
551.7316,245.8905,25.4768,43.7640
551.7316,245.8905,25.4768,43.7640
551.7316,245.8905,25.4768,43.7640
551.7316,245.8905,25.4768,43.7640
551.7316,245.8905,25.4768,43.7640
551.7316,245.8905,25.4768,43.7640
551.7316,245.8905,25.4768,43.7640
551.7316,245.8905,25.4768,43.7640
551.7316,245.8905,25.4768,43.7640
551.7316,245.8905,25.4768,43.7640
551.7316,245.8905,25.4768,43.7640
551.7316,245.8905,25.4768,43.7640
551.7316,245.8905,25.4768,43.7640
551.7316,245.8905,25.4768,43.7640
551.7316,245.8905,25.4768,43.7640
551.7316,245.8905,25.4768,43.7640
551.7316,245.8905,25.4768,43.7640
551.7316,245.8905,25.4768,43.7640
2
0
0
0
0
1
592.4279,248.2677,30.3242,33.4346
592.4279,248.2677,30.3242,33.4346
592.4279,248.2677,30.3242,33.4346
592.4279,248.2677,30.3242,33.4346
592.4279,248.2677,30.3242,33.4346
592.4279,248.2677,30.3242,33.4346
592.4279,248.2677,30.3242,33.4346
592.4279,248.2677,30.3242,33.4346
592.4279,248.2677,30.3242,33.4346
592.4279,248.2677,30.3242,33.4346
592.4279,248.2677,30.3242,33.4346
592.4279,248.2677,30.3242,33.4346
592.4279,248.2677,30.3242,33.4346
592.4279,248.2677,30.3242,33.4346
592.4279,248.2677,30.3242,33.4346
592.4279,248.2677,30.3242,33.4346
592.4279,248.2677,30.3242,33.4346
2
0
0
0
0
1
512.0499,237.8852,27.9602,41.4696
512.0499,237.8852,27.9602,41.4696
512.0499,237.8852,27.9602,41.4696
2
0
0
0
0
1
420.5621,247.7862,29.6057,41.7726
420.5621,247.7862,29.6057,41.7726
2
0
0
0
0
1
288.5910,259.3870,26.5179,30.0959
2
0
0
0
0
1
159.7708,254.1995,22.6384,41.0311
159.7708,254.1995,22.6384,41.0311
2
0
0
0
0
1
78.4076,264.0103,37.9128,39.6194
78.4076,264.0103,37.9128,39.6194
78.4076,264.0103,37.9128,39.6194
78.4076,264.0103,37.9128,39.6194
78.4076,264.0103,37.9128,39.6194
78.4076,264.0103,37.9128,39.6194
78.4076,264.0103,37.9128,39.6194
78.4076,264.0103,37.9128,39.6194
78.4076,264.0103,37.9128,39.6194
78.4076,264.0103,37.9128,39.6194
78.4076,264.0103,37.9128,39.6194
78.4076,264.0103,37.9128,39.6194
78.4076,264.0103,37.9128,39.6194
78.4076,264.0103,37.9128,39.6194
78.4076,264.0103,37.9128,39.6194
78.4076,264.0103,37.9128,39.6194
78.4076,264.0103,37.9128,39.6194
78.4076,264.0103,37.9128,39.6194
78.4076,264.0103,37.9128,39.6194
2
0
0
0
0
1
180.1606,266.6384,35.9588,39.9133
180.1606,266.6384,35.9588,39.9133
180.1606,266.6384,35.9588,39.9133
180.1606,266.6384,35.9588,39.9133
180.1606,266.6384,35.9588,39.9133
2
0
0
0
0
1
267.2989,269.3369,21.8721,46.1062
267.2989,269.3369,21.8721,46.1062
267.2989,269.3369,21.8721,46.1062
2
0
0
0
0
1
334.1894,258.2639,23.3412,60.2671
334.1894,258.2639,23.3412,60.2671
334.1894,258.2639,23.3412,60.2671
2
0
0
0
0
1
396.3956,260.7755,28.1089,50.6591
396.3956,260.7755,28.1089,50.6591
396.3956,260.7755,28.1089,50.6591
2
0
0
0
0
1
465.3480,262.2086,23.4840,43.7178
465.3480,262.2086,23.4840,43.7178
465.3480,262.2086,23.4840,43.7178
465.3480,262.2086,23.4840,43.7178
2
0
0
0
0
1
496.1897,259.6574,22.2906,43.7552
496.1897,259.6574,22.2906,43.7552
496.1897,259.6574,22.2906,43.7552
496.1897,259.6574,22.2906,43.7552
496.1897,259.6574,22.2906,43.7552
496.1897,259.6574,22.2906,43.7552
496.1897,259.6574,22.2906,43.7552
496.1897,259.6574,22.2906,43.7552
496.1897,259.6574,22.2906,43.7552
496.1897,259.6574,22.2906,43.7552
2
0
0
0
0
1
385.3525,258.9814,32.5299,47.5271
385.3525,258.9814,32.5299,47.5271
2
0
0
0
0
1
294.3000,270.1746,28.4600,48.5908
294.3000,270.1746,28.4600,48.5908
294.3000,270.1746,28.4600,48.5908
294.3000,270.1746,28.4600,48.5908
294.3000,270.1746,28.4600,48.5908
294.3000,270.1746,28.4600,48.5908
2
0
0
0
0
1
205.0903,297.2738,35.5193,39.4224
205.0903,297.2738,35.5193,39.4224
205.0903,297.2738,35.5193,39.4224
2
0
0
0
0
1
182.9603,302.9176,34.0543,32.0597
182.9603,302.9176,34.0543,32.0597
182.9603,302.9176,34.0543,32.0597
182.9603,302.9176,34.0543,32.0597
182.9603,302.9176,34.0543,32.0597
182.9603,302.9176,34.0543,32.0597
2
0
0
0
0
1
235.5392,301.3601,38.6217,42.8098
235.5392,301.3601,38.6217,42.8098
235.5392,301.3601,38.6217,42.8098
235.5392,301.3601,38.6217,42.8098
235.5392,301.3601,38.6217,42.8098
235.5392,301.3601,38.6217,42.8098
235.5392,301.3601,38.6217,42.8098
235.5392,301.3601,38.6217,42.8098
2
0
0
0
0
1
310.0772,297.4338,32.8556,41.1074
310.0772,297.4338,32.8556,41.1074
310.0772,297.4338,32.8556,41.1074
310.0772,297.4338,32.8556,41.1074
310.0772,297.4338,32.8556,41.1074
310.0772,297.4338,32.8556,41.1074
2
0
0
0
0
1
372.0148,299.7668,18.1704,42.8763
372.0148,299.7668,18.1704,42.8763
372.0148,299.7668,18.1704,42.8763
372.0148,299.7668,18.1704,42.8763
372.0148,299.7668,18.1704,42.8763
372.0148,299.7668,18.1704,42.8763
372.0148,299.7668,18.1704,42.8763
372.0148,299.7668,18.1704,42.8763
372.0148,299.7668,18.1704,42.8763
372.0148,299.7668,18.1704,42.8763
372.0148,299.7668,18.1704,42.8763
372.0148,299.7668,18.1704,42.8763
2
0
0
0
0
1
396.5000,286.5000,15.0000,20.0000
396.5000,286.5000,15.0000,20.0000
396.5000,286.5000,15.0000,20.0000
396.5000,286.5000,15.0000,20.0000
396.5000,286.5000,15.0000,20.0000
396.5000,286.5000,15.0000,20.0000
396.5000,286.5000,15.0000,20.0000
396.5000,286.5000,15.0000,20.0000
396.5000,286.5000,15.0000,20.0000
396.5000,286.5000,15.0000,20.0000
396.5000,286.5000,15.0000,20.0000
396.5000,286.5000,15.0000,20.0000
2
0
0
0
0
1
356.2557,292.5248,24.6386,21.1605
356.2557,292.5248,24.6386,21.1605
356.2557,292.5248,24.6386,21.1605
2
0
0
0
0
1
269.6194,304.9257,22.8713,21.1187
269.6194,304.9257,22.8713,21.1187
2
0
0
0
0
1
187.6568,294.1849,36.5064,36.4852
187.6568,294.1849,36.5064,36.4852
187.6568,294.1849,36.5064,36.4852
187.6568,294.1849,36.5064,36.4852
187.6568,294.1849,36.5064,36.4852
2
0
0
0
0
1
137.0310,296.8432,28.6980,45.0785
137.0310,296.8432,28.6980,45.0785
137.0310,296.8432,28.6980,45.0785
137.0310,296.8432,28.6980,45.0785
137.0310,296.8432,28.6980,45.0785
137.0310,296.8432,28.6980,45.0785
137.0310,296.8432,28.6980,45.0785
137.0310,296.8432,28.6980,45.0785
137.0310,296.8432,28.6980,45.0785
137.0310,296.8432,28.6980,45.0785
137.0310,296.8432,28.6980,45.0785
137.0310,296.8432,28.6980,45.0785
137.0310,296.8432,28.6980,45.0785
137.0310,296.8432,28.6980,45.0785
137.0310,296.8432,28.6980,45.0785
137.0310,296.8432,28.6980,45.0785
137.0310,296.8432,28.6980,45.0785
137.0310,296.8432,28.6980,45.0785
137.0310,296.8432,28.6980,45.0785
137.0310,296.8432,28.6980,45.0785
137.0310,296.8432,28.6980,45.0785
137.0310,296.8432,28.6980,45.0785