1
216.2569,156.2225,35.4861,66.6150
216.2569,156.2225,35.4861,66.6150
216.2569,156.2225,35.4861,66.6150
216.2569,156.2225,35.4861,66.6150
216.2569,156.2225,35.4861,66.6150
216.2569,156.2225,35.4861,66.6150
216.2569,156.2225,35.4861,66.6150
216.2569,156.2225,35.4861,66.6150
2
0
0
0
0
1
204.2031,305.2212,44.4938,62.0726
204.2031,305.2212,44.4938,62.0726
2
0
0
0
0
1
57.0960,274.7214,52.8880,51.1371
57.0960,274.7214,52.8880,51.1371
57.0960,274.7214,52.8880,51.1371
2
0
0
0
0
1
238.0221,265.5185,54.2459,45.2781
238.0221,265.5185,54.2459,45.2781
238.0221,265.5185,54.2459,45.2781
238.0221,265.5185,54.2459,45.2781
238.0221,265.5185,54.2459,45.2781
238.0221,265.5185,54.2459,45.2781
2
0
0
0
0
1
353.2217,318.4540,62.1266,48.7321
353.2217,318.4540,62.1266,48.7321
353.2217,318.4540,62.1266,48.7321
353.2217,318.4540,62.1266,48.7321
353.2217,318.4540,62.1266,48.7321
353.2217,318.4540,62.1266,48.7321
353.2217,318.4540,62.1266,48.7321
2
0
0
0
0
1
374.0369,295.3581,62.4812,56.1039
374.0369,295.3581,62.4812,56.1039
374.0369,295.3581,62.4812,56.1039
374.0369,295.3581,62.4812,56.1039
2
0
0
0
0
1
220.0370,208.6973,66.0610,52.2954
220.0370,208.6973,66.0610,52.2954
220.0370,208.6973,66.0610,52.2954
2
0
0
0
0
1
107.9942,159.8356,68.8431,66.7888
107.9942,159.8356,68.8431,66.7888
107.9942,159.8356,68.8431,66.7888
107.9942,159.8356,68.8431,66.7888
107.9942,159.8356,68.8431,66.7888
107.9942,159.8356,68.8431,66.7888
107.9942,159.8356,68.8431,66.7888
2
0
0
0
0
1
167.2767,44.7629,47.3916,54.7433
167.2767,44.7629,47.3916,54.7433
167.2767,44.7629,47.3916,54.7433
167.2767,44.7629,47.3916,54.7433
167.2767,44.7629,47.3916,54.7433
167.2767,44.7629,47.3916,54.7433
167.2767,44.7629,47.3916,54.7433
167.2767,44.7629,47.3916,54.7433
167.2767,44.7629,47.3916,54.7433
167.2767,44.7629,47.3916,54.7433
167.2767,44.7629,47.3916,54.7433
167.2767,44.7629,47.3916,54.7433
167.2767,44.7629,47.3916,54.7433
167.2767,44.7629,47.3916,54.7433
167.2767,44.7629,47.3916,54.7433
167.2767,44.7629,47.3916,54.7433
167.2767,44.7629,47.3916,54.7433
167.2767,44.7629,47.3916,54.7433
2
0
0
0
0
1
95.5863,131.4720,59.6285,65.5959
95.5863,131.4720,59.6285,65.5959
95.5863,131.4720,59.6285,65.5959
95.5863,131.4720,59.6285,65.5959
95.5863,131.4720,59.6285,65.5959
95.5863,131.4720,59.6285,65.5959
95.5863,131.4720,59.6285,65.5959