174.3416
0.0540
0.0390
0.0430
0.0470
0.0820
NaN
NaN
NaN
NaN
174.4196
0.0430
0.0550
0.0580
0.0450
0.0480
0.0510
0.0520
0.0510
0.0470
0.0460
0.0480
0.0480
0.0450
0.0500
0.0470
0.0470
0.0530
0.0520
0.0600
0.0640
0.0940
0.0560
0.0520
0.0530
0.0590
0.0550
0.0540
0.0530
0.0760
0.0570
0.0550
0.0520
0.0530
0.0510
0.0550
0.0550
0.0560
0.0540
0.0580
0.0530
0.0580
0.0550
0.0520
0.0540
0.0540
0.0580
0.0520
0.0500
0.0500
0.0480
0.0490
0.0570
0.0720
0.0530
0.0570
0.0570
0.0560
0.0560
0.0580
0.0520
0.0550
0.0560
0.0610
0.1360
0.0750
0.0750
0.0590
0.0550
0.0540
0.0580
0.0560
0.0580
0.0610
0.0610
0.0610
0.0590
0.0550
0.0620
0.0590
0.0650
0.0590
0.0500
0.0580
0.0630
0.0570
0.0580
0.0570
0.0630
0.0560
0.0540
0.0610
0.0480
0.0520
0.0540
0.0540
0.0640
0.0570
0.0630
0.0650
0.0540
0.0650
0.0590
0.0570
0.0840
0.1210
0.0730
0.0570
0.0540
0.0580
0.0570
0.0610
0.0540
0.0490
0.0450
0.0470
0.0510
0.0480
0.0500
0.0700
0.0710
0.0550
0.0620
0.0600
0.0570
0.0590
0.0580
0.0660
0.0680
0.0590
0.0570
0.0570
0.0620
0.0510
0.0570
0.0510
0.0500
0.0580
0.0500
0.0520
0.0570
0.0530
0.0780
0.0700
0.0670
0.0600
0.1440
0.0810
0.0630
0.0630
0.0580
0.0550
0.0520
0.0600
0.0550
0.0570
0.0520
0.0560
0.0530
0.0540
0.0570
0.0570
0.0590
0.0580
0.0650
0.0860
0.0550
0.0600
0.0490
0.0510
0.0890
0.0530
0.0560
0.0550
0.0600
0.0520
0.0570
0.0580
0.0600
0.0530
0.0600
0.0600
0.0570
0.0550
0.0540
0.0580
0.0550
0.0570
0.0910
0.0620
0.0600
0.0730
0.0590
0.0570
0.0550
0.0580
0.0530
0.0550
0.0600
0.0590
0.0530
0.1240
0.0600
0.0510
0.0510
0.1040
0.0600
0.0580
0.0570
0.0620
0.0560
0.0600
0.0590
0.0590
0.0550
0.0490
0.0510
0.0710
0.0580
0.0560
0.0560
0.0580
0.0600
0.0680
0.0560
0.0580
0.0600
0.0580
0.1130
0.0840
0.0620
0.0640
0.0590
0.0740
0.0650
0.0560
0.0560
0.0510
0.0550
0.0590
0.0520
0.0580
0.0540
0.0550
0.0550
0.0510
0.0600
0.0590
0.0510
0.0490
0.0480
0.0500
0.0470
0.0480
0.0550
0.0760
0.0640
0.0540
0.0550
0.0550
0.0520
0.0650
0.0570
0.0640
0.0580
0.0580
0.0570
0.0550
0.0590
0.0540
0.0780
0.1380
0.0740
0.2670
0.0780
0.1130
0.0720
0.0870
0.0570
0.0550
0.0570
0.1040
0.0610
0.0730
0.0740
0.0950
0.0630
0.0530
0.0510
0.0510
0.0530
0.0580
0.0670
0.0620
0.0480
0.0480
0.0500
0.0540
0.0600
0.0630
0.1130
0.0670
0.0770
0.1450
0.0740
0.0640
0.0590
0.0520
0.0660
0.0740
0.0630
0.0650
0.0610
0.0490
0.0590
0.0630
0.0540
0.0560
0.0550
0.0580
0.0590
0.0530
0.0550
0.0540
0.0600
0.0570
0.0530
0.0550
0.0580
0.0610
0.0540
0.0610
0.0540
0.0540
0.0540
0.0560
0.0610
0.0640
0.0550
0.0570
0.0550
0.0620
0.0650
0.0600
0.1090
0.1530
0.0540
0.0590
0.0540
0.0520
0.0530
0.0860
0.0530
0.0580
0.0610
0.0550
0.0580
0.0630
0.0570
0.0580
0.0570
0.0540
0.0560
0.0570
0.0550
0.0590
0.0760
0.0600
0.0570
0.0510
0.0580
0.0570
0.0670
0.0980
0.0560
0.0570
0.0580
0.0650
0.0660
0.0590
0.0630
0.0650
0.0640
0.0650
0.1340
0.0570
0.0550
0.0970
0.0510
0.0530
0.0510
0.0510
0.0560
0.0790
0.0560
0.0630
0.0590
0.0580
0.0570
0.0520
0.0580
0.0540
0.0550
0.0520
0.0510
0.0500
0.0880
0.0640
0.0600
0.0660
0.0680
0.0560
0.0580
0.0550
0.0680
0.0570
0.0550
0.0560
0.0560
0.0550
0.0570
0.0590
0.0700
0.0640
0.1650
0.0710
0.0560
0.0630
0.0640
0.0540
0.0690
0.0540
0.0530
0.0540
0.0600
0.0530
0.0600
0.0580
0.0580
NaN
NaN
NaN
NaN
174.4276
0.0470
0.0510
0.0520
0.0460
0.0490
0.0510
0.0470
0.0450
0.0480
0.0420
0.0380
0.0400
0.0400
0.0490
0.0570
0.0440
0.0480
0.0470
0.0560
0.0490
0.0650
0.0850
0.0700
0.0530
0.0550
0.0490
0.0470
0.0490
0.0480
0.0470
0.0620
0.0540
0.0500
0.0480
0.0470
0.0520
0.0480
0.0580
0.0550
0.0520
0.0520
0.0530
0.0520
0.0540
0.0510
0.0490
0.0550
0.0500
0.0520
0.0500
0.0500
0.0500
0.0510
0.0500
0.0510
0.0540
0.0550
0.0600
0.0560
0.0510
0.0520
0.0510
0.0500
0.0480
0.0470
0.0460
0.1010
0.0680
0.0660
0.0680
0.0480
0.0720
0.0490
0.0570
0.0550
0.0540
0.0520
0.0540
0.0490
0.0530
NaN
NaN
NaN
NaN
174.5236
0.0510
0.0420
0.0430
0.0450
0.0550
0.0430
0.0560
0.0490
0.0450
0.0490
0.0430
0.0420
0.0430
0.0550
0.0450
0.0480
0.0420
0.0450
0.0500
0.0730
0.0870
0.0560
0.0560
0.0480
0.0450
0.0510
NaN
NaN
NaN
NaN
174.4546
0.0440
0.0460
0.0460
0.0450
0.0480
0.0430
0.0450
0.0420
0.0440
0.0440
0.0460
0.0400
NaN
NaN
NaN
NaN
174.4317
0.0460
0.0480
0.0460
0.0450
0.0420
0.0470
0.0470
0.0450
0.0440
0.0590
0.0550
0.0490
0.0440
0.0450
0.0480
0.0490
0.0490
0.0430
0.0510
0.0570
0.0750
NaN
NaN
NaN
NaN
174.4056
0.0500
0.0490
0.0510
0.0490
0.0470
0.0460
0.0470
0.0440
0.0510
NaN
NaN
NaN
NaN
174.3846
0.0450
0.0510
0.0470
0.0470
0.0480
0.0470
0.0500
0.0510
0.0440
0.0510
0.0430
0.0510
NaN
NaN
NaN
NaN
174.4286
0.0460
0.0470
0.0460
0.0450
0.0450
0.0480
0.0490
0.0450
0.0540
0.0500
0.0530
0.0560
0.0480
0.0490
0.0510
0.0530
0.0480
0.0480
0.0510
0.0500
0.0970
0.0630
0.0760
0.0510
0.0510
0.0530
0.0520
0.0580
0.0700
0.0620
0.0570
0.0570
0.0560
0.0500
0.0500
NaN
NaN
NaN
NaN
174.4976
0.0390
0.0500
0.0550
0.0540
0.0520
0.0460
0.0480
0.0490
0.0490
0.0490
0.0470
NaN
NaN
NaN
NaN
174.4796
0.0470
0.0440
0.0410
0.0520
0.0500
0.0480
0.0490
0.0460
0.0440
0.0460
0.0490
0.0580
0.0560
0.0500
0.0510
0.0470
0.0520
0.0490
0.0430
0.0680
0.0730
0.0540
0.0500
0.0530
0.0820
0.0660
0.0520
0.0550
0.0520
0.0520
0.0510
0.0550
0.0520
0.0530
0.0560
0.0530
0.0500
0.0520
0.0520
0.0510
0.0530
0.0510
0.0530
0.0550
0.0570
0.0550
0.0500
0.0580
0.0580
0.0670
0.0640
0.0520
0.0520
0.0550
0.0510
0.0490
0.0540
0.0510
0.0540
0.0510
0.0570
0.0550
0.0550
0.0540
0.0550
0.0520
0.1150
0.0710
0.0580
0.0540
0.0540
0.0540
NaN
NaN
NaN
NaN
174.5376
0.0450
0.0510
0.0440
0.0490
0.0500
0.0520
0.0480
0.0490
0.0430
0.0420
0.0430
0.0410
0.0410
0.0430
NaN
NaN
NaN
NaN
174.3851
0.0460
0.0530
0.0500
0.0480
0.0480
NaN
NaN
NaN
NaN
174.2946
0.0450
0.0480
0.0510
NaN
NaN
NaN
NaN
174.3536
0.0440
0.0510
0.0490
0.0460
0.0510
0.0450
0.0440
0.0470
0.0500
0.0490
0.0490
0.0540
0.0480
0.0520
0.0500
0.0490
0.0490
0.0490
0.0480
NaN
NaN
NaN
NaN
174.3016
0.0460
0.0470
0.0470
0.0390
0.0430
0.0510