193.5715
0.0418
0.0421
0.0418
0.0360
0.0370
0.0419
0.0500
0.0367
0.0364
0.0500
0.0391
0.0470
0.0431
0.0521
0.0360
0.0401
0.0398
0.0471
0.0421
0.0497
0.0434
0.0457
0.0514
0.0500
0.0422
0.0450
0.0434
0.0419
0.0463
0.0454
0.0350
0.0451
0.0437
0.0424
0.0472
0.0370
0.0431
0.0459
0.0467
0.0440
0.0511
0.0352
0.0430
0.0411
0.0470
0.0382
0.0371
0.0420
0.0521
0.0377
0.0421
0.0428
0.0473
0.0521
0.0370
0.0498
0.0464
0.0473
0.0369
0.0560
0.0542
0.0474
0.0420
0.0387
0.0460
0.0450
0.0448
0.0428
0.0450
0.0388
0.0380
0.0451
0.0387
0.0430
0.0421