173.8503
0.2320
0.2430
0.3380
0.3090
0.3210
0.2800
0.3000
0.2480
0.2720
0.4560
0.2660
0.3720
0.3410
0.2950
NaN
NaN
NaN
NaN
176.6799
0.2400
0.3010
NaN
NaN
NaN
NaN
176.5303
0.2410
0.2300
0.2830
NaN
NaN
NaN
NaN
174.6053
0.2190
0.2450
0.2670
0.2670
0.3000
NaN
NaN
NaN
NaN
173.6483
0.2150
0.2620
0.2780
0.2710
0.3060
0.2550
NaN
NaN
NaN
NaN
175.9975
0.2200
0.2700
0.3210
0.2830
0.3400
0.4420
0.2860
0.3320
0.2990
0.3330
0.2630
0.2900
0.3000
0.2630
NaN
NaN
NaN
NaN
174.9973
0.2200
0.2300
0.2680
0.5170
NaN
NaN
NaN
NaN
176.7516
0.2610
0.2500
0.2660
0.3170
0.2670
NaN
NaN
NaN
NaN
176.6995
0.3040
0.3000
0.2790
0.4520
0.2730
0.3440
0.3090
0.2820
0.3050
0.2720
NaN
NaN
NaN
NaN
177.3467
0.2920
0.3480
0.2900
0.3110
0.3130
0.4570
0.3180
0.2700
0.2750
0.2540
0.2670
0.2820
0.2640
0.2820
0.3020
NaN
NaN
NaN
NaN
176.3105
0.2320
0.2600
0.2510
NaN
NaN
NaN
NaN
175.1395
0.2280
0.2680
0.2500
NaN
NaN
NaN
NaN
173.6135
0.2240
0.2610
0.2240
0.2770
NaN
NaN
NaN
NaN
173.7715
0.2120
0.2600
0.2440
0.2190
0.3150
0.2290
0.2570
NaN
NaN
NaN
NaN
173.6605
0.2260
0.2650
0.2270
0.2480
0.3500
0.2500
0.2630
0.2470
0.2290
0.2650
0.2470
NaN
NaN
NaN
NaN
173.6895
0.2140
0.2360
0.2250
0.2470
0.3340
NaN
NaN
NaN
NaN
173.6325
0.2230
0.2690
0.2430
0.2750
0.2860
0.2700
0.2690
0.3010
0.2470
0.3170
NaN
NaN
NaN
NaN
173.4185
0.2310
0.2660
0.2780
0.2830
0.2550
0.2620
0.2590
0.2790
0.2860
0.2620
0.2610
NaN
NaN
NaN
NaN
173.4105
0.2190
0.2370
0.2530
0.2810
0.3460
NaN
NaN
NaN
NaN
173.3645
0.2350
0.2490
0.2610
NaN
NaN
NaN
NaN
173.4005
0.2300
0.2560
0.2800
0.2950
0.2750
0.2880
0.2930