1
382.6475,470.4528,67.0000,66.0000
385.9973,462.9896,74.0000,70.0000
390.2021,455.7931,82.0000,71.0000
395.0799,453.7867,79.0000,67.0000
384.8509,455.8592,86.0000,64.0000
373.5921,458.4732,91.0000,67.0000
363.3613,461.8239,89.0000,70.0000
363.3613,461.8239,89.0000,70.0000
363.3613,461.8239,89.0000,70.0000
363.3613,461.8239,89.0000,70.0000
363.3613,461.8239,89.0000,70.0000
363.3613,461.8239,89.0000,70.0000
363.3613,461.8239,89.0000,70.0000
2
0
0
0
0
1
916.6250,384.1875,51.0000,31.0000
2
0
0
0
0
1
1307.3544,323.6728,45.0000,33.0000
1307.3544,323.6728,45.0000,33.0000
2
0
0
0
0
1
1522.5894,299.9410,43.0000,31.0000
1522.5894,299.9410,43.0000,31.0000
1522.5894,299.9410,43.0000,31.0000
1522.5894,299.9410,43.0000,31.0000
2
0
0
0
0
1
1606.8941,295.4683,40.0000,54.0000
1609.4618,294.0938,36.0000,52.0000
1610.3105,289.8322,37.0000,47.0000
1610.3105,289.8322,37.0000,47.0000
1607.6416,307.0945,45.0000,37.0000
2
0
0
0
0
1
1600.1408,235.0761,30.0000,21.0000
1583.1537,218.3417,45.0000,33.0000
1587.1062,219.4902,41.0000,27.0000
1580.5248,229.5852,46.0000,32.0000
1570.2435,225.5019,45.0000,31.0000
1554.7019,215.3264,42.0000,31.0000
1554.7019,215.3264,42.0000,31.0000
1575.3269,204.0139,27.0000,11.0000
1568.1238,202.5174,43.0000,13.0000
1574.7425,206.3580,26.0000,8.0000
1577.6955,201.8724,34.0000,12.0000
1577.6955,201.8724,34.0000,12.0000
1577.6955,201.8724,34.0000,12.0000
2
0
0
0
0
1
1184.5095,261.2595,60.0000,53.0000
1156.1468,272.1206,48.0000,55.0000
1156.1468,272.1206,48.0000,55.0000
2
0
0
0
0
1
755.0024,373.7507,63.0000,62.0000
715.3612,386.5203,52.0000,61.0000
689.1385,415.9799,39.0000,62.0000
668.9197,431.3200,20.0000,46.0000
2
0
0
0
0
1
417.8605,531.0677,59.0000,74.0000
404.0774,566.8146,59.0000,28.0000
365.3104,555.8571,60.0000,30.0000
368.5983,549.1892,76.0000,53.0000
368.5983,549.1892,76.0000,53.0000
368.5983,549.1892,76.0000,53.0000
368.5983,549.1892,76.0000,53.0000
368.5983,549.1892,76.0000,53.0000
368.5983,549.1892,76.0000,53.0000
2
0
0
0
0
1
420.5974,526.5468,69.0000,65.0000
418.8476,522.4195,71.0000,71.0000
417.7419,529.0594,69.0000,68.0000
416.3964,526.3916,71.0000,61.0000
416.4462,527.0172,73.0000,60.0000
413.2114,529.1912,77.0000,58.0000
409.2664,532.6337,79.0000,52.0000
409.8910,531.3782,79.0000,51.0000
412.5481,527.0958,77.0000,58.0000
410.7087,525.4881,79.0000,60.0000
423.6279,537.1461,59.0000,36.0000
447.7247,545.8307,41.0000,12.0000
457.6421,545.0649,24.0000,3.0000
465.8732,545.9893,3.0000,2.0000
2
0
0
0
0
1
443.5698,489.9881,71.0000,63.0000
469.3985,498.6401,44.0000,42.0000
2
0
0
0
0
1
1013.3116,374.4984,67.0000,40.0000
1013.3116,374.4984,67.0000,40.0000
2
0
0
0
0
1
1526.0945,293.2398,50.0000,36.0000
1567.2820,297.4792,27.0000,32.0000
1567.2820,297.4792,27.0000,32.0000
2
0
0
0
0
1
1621.0000,275.0000,51.0000,18.0000
1621.0000,275.0000,51.0000,18.0000
1621.0000,275.0000,51.0000,18.0000
1621.0000,275.0000,51.0000,18.0000
1621.0000,275.0000,51.0000,18.0000
1621.0000,275.0000,51.0000,18.0000
2
0
0
0
0
1
1533.2588,246.0479,69.0000,37.0000
1546.4291,218.1297,61.0000,41.0000
1514.3096,227.5899,63.0000,47.0000
1564.5596,223.0673,43.0000,19.0000
1529.1696,230.8646,66.0000,24.0000
1529.9665,230.9896,51.0000,20.0000
1512.8825,238.5927,61.0000,16.0000
1516.5433,246.4547,44.0000,11.0000
1510.2374,250.5284,50.0000,10.0000
1506.9342,260.9596,34.0000,2.0000
2
0
0
0
0
1
1215.4133,323.4257,64.0000,51.0000
1175.1149,328.1876,55.0000,53.0000
1139.9746,354.0722,44.0000,47.0000
1115.4193,357.2564,27.0000,44.0000
2
0
0
0
0
1
760.7487,422.8925,72.0000,50.0000
717.0385,432.5671,68.0000,50.0000
677.3127,443.6540,69.0000,50.0000
648.3563,455.9785,73.0000,48.0000
610.1759,465.9222,66.0000,49.0000
579.3884,474.0680,63.0000,51.0000
545.6219,480.5992,54.0000,49.0000
517.0709,489.6447,46.0000,46.0000
517.0709,489.6447,46.0000,46.0000
2
0
0
0
0
1
300.9031,492.7805,80.0000,52.0000
296.7574,493.3576,80.0000,49.0000
291.9155,497.1137,78.0000,46.0000
292.1437,495.9019,75.0000,51.0000
295.1018,491.4973,70.0000,57.0000
297.6331,503.8836,54.0000,29.0000
293.2347,512.4578,32.0000,8.0000
293.2347,512.4578,32.0000,8.0000
293.2347,512.4578,32.0000,8.0000
293.2347,512.4578,32.0000,8.0000
2
0
0
0
0
1
315.7556,580.6405,63.0000,38.0000
331.5972,577.8509,70.0000,40.0000
341.0000,573.4383,71.0000,39.0000
336.2456,570.7358,76.0000,39.0000
2
0
0
0
0
1
923.0820,502.0243,73.0000,41.0000
980.9522,502.5601,54.0000,34.0000
2
0
0
0
0
1
1417.5967,480.7023,71.0000,34.0000
1469.6318,476.7461,63.0000,36.0000
1514.1596,472.9872,55.0000,34.0000
1557.7500,468.9634,42.0000,39.0000
1569.4755,471.8707,62.0000,54.0000
1581.0041,444.0235,77.0000,67.0000
2