1
49.5332,49.5522,16.2267,63.4185
49.5332,49.5522,16.2267,63.4185
2
0
0
0
0
1
32.8186,42.0898,25.6277,63.0864
32.8186,42.0898,25.6277,63.0864
32.8186,42.0898,25.6277,63.0864
32.8186,42.0898,25.6277,63.0864
2
0
0
0
0
1
79.5139,28.2715,17.7002,67.0295
79.5139,28.2715,17.7002,67.0295
79.5139,28.2715,17.7002,67.0295
79.5139,28.2715,17.7002,67.0295
79.5139,28.2715,17.7002,67.0295
79.5139,28.2715,17.7002,67.0295
79.5139,28.2715,17.7002,67.0295
79.5139,28.2715,17.7002,67.0295
79.5139,28.2715,17.7002,67.0295
79.5139,28.2715,17.7002,67.0295
2
0
0
0
0
1
101.9562,19.1667,20.2975,75.0820
101.9562,19.1667,20.2975,75.0820
101.9562,19.1667,20.2975,75.0820
2
0
0
0
0
1
145.4817,30.4152,22.1166,63.3070
145.4817,30.4152,22.1166,63.3070
2
0
0
0
0
1
102.8371,13.2819,24.9859,76.3527
102.8371,13.2819,24.9859,76.3527
102.8371,13.2819,24.9859,76.3527
102.8371,13.2819,24.9859,76.3527
102.8371,13.2819,24.9859,76.3527
102.8371,13.2819,24.9859,76.3527
102.8371,13.2819,24.9859,76.3527
102.8371,13.2819,24.9859,76.3527
102.8371,13.2819,24.9859,76.3527
2
0
0
0
0
1
131.8506,41.7524,24.8689,81.7357
131.8506,41.7524,24.8689,81.7357
131.8506,41.7524,24.8689,81.7357
131.8506,41.7524,24.8689,81.7357
131.8506,41.7524,24.8689,81.7357
131.8506,41.7524,24.8689,81.7357
2
0
0
0
0
1
131.1337,69.6580,27.5326,74.3085
131.1337,69.6580,27.5326,74.3085
131.1337,69.6580,27.5326,74.3085
131.1337,69.6580,27.5326,74.3085
2
0
0
0
0
1
174.5394,52.5952,23.2812,85.3811
2
0
0
0
0
1
130.9217,30.9467,30.6566,89.3482
130.9217,30.9467,30.6566,89.3482
130.9217,30.9467,30.6566,89.3482
130.9217,30.9467,30.6566,89.3482
130.9217,30.9467,30.6566,89.3482
130.9217,30.9467,30.6566,89.3482
130.9217,30.9467,30.6566,89.3482
130.9217,30.9467,30.6566,89.3482
2
0
0
0
0
1
171.8357,30.9783,27.9485,93.7094
171.8357,30.9783,27.9485,93.7094
171.8357,30.9783,27.9485,93.7094
2
0
0
0
0
1
117.9907,54.6776,31.9686,82.2527
117.9907,54.6776,31.9686,82.2527
2
0
0
0
0
1
175.7388,25.1144,28.1874,82.0731
175.7388,25.1144,28.1874,82.0731
175.7388,25.1144,28.1874,82.0731
175.7388,25.1144,28.1874,82.0731
175.7388,25.1144,28.1874,82.0731
175.7388,25.1144,28.1874,82.0731
175.7388,25.1144,28.1874,82.0731
2
0
0
0
0
1