193.3465
0.0686
0.0804
0.0749
0.0724
0.0869
0.0665
0.0890
0.0874
0.0815
0.0941
0.0811
0.0833
0.0912
0.0934
0.0835
0.0860
0.0774
0.0779
0.0677
0.0911
0.0661
0.0701
0.0858
0.0945
0.0701
0.0791
0.0844
0.0730
0.0731
0.0794
0.0711
0.0730
0.0737
0.0691
0.0674
0.0781
0.0752
0.0661
0.0821
0.0855
0.0841
0.0714
0.0709
0.0732
0.0901
0.0791
0.0841
0.0671
0.0754
0.0864
0.0733
0.0834
0.0670
0.0703
0.0741
0.0741
0.0661
0.0911
0.0723
0.0899
0.1025
0.0784
0.0865
0.0961
0.0771
0.0720
0.0703
0.0700
0.0859
0.0931
0.0869
0.0969
0.0791
0.0748
0.0757
0.0768
0.1003
0.0764
0.0717
0.0708
0.0801
0.0764
0.0859
0.0810
0.0944
0.0964
0.0914
0.0791
0.0864
0.0711
0.0729
0.0800
0.0721
0.0882
0.0772
0.0931
0.0831
0.0821
0.0791
0.0802
0.0727
0.0749
0.0801
0.0748
0.0791
0.0814
0.0951
0.0698
0.0801
0.0737
0.0861
0.0765
0.0809
0.0909
0.0771
0.0814
0.0814
0.0807
0.0908
0.0688
0.0871
0.0998
0.0854
0.1020
0.1001
0.0818
0.0731
0.0882
0.0831
0.0840
0.0777
0.0800
0.0797
0.0934
0.0958
0.0661
0.0911
0.0778
0.0851
0.0854
0.0694
0.0871
0.0908
0.0807
0.0761
0.0823
0.0869
0.0928
0.0798
0.0751
0.0794
0.0772
0.0814
0.0770
0.0870
0.0860
0.0920
0.0680
0.0870
0.0740
0.0790
0.0780
0.0730
0.0900
0.0930
0.0970
0.0900
0.0760
0.0660
0.0730
0.0810
0.0740
0.0770
0.0720
0.0850
0.0870
0.0780
0.0850
0.0810
0.0821
0.0861
0.0743
0.0740
0.0827
0.0701
0.0828
0.0754
0.0923
0.0876
0.0727
0.0814
0.0697
0.0761
0.0671
0.0726
0.0706
0.0802
0.0872
0.0941
0.0905
0.0816
0.0941
0.0869
0.0751
0.0831
0.0681
0.0871
0.0833
0.0663
0.0755
0.0794
0.0844
0.0822
0.0862
0.0977
0.0701
0.0801
0.0701
0.0861
0.0792
0.0837
0.0672
0.0750
0.0797
0.0745
0.0771
0.0749
0.0671
0.0841
0.0872
0.0809
0.0839
0.0900
0.0790
0.0762
0.0869
0.0798
0.0788
0.0821
0.0707
0.0700
0.0921
0.0855
0.0717
0.0914
0.0851
0.0711