1
104.6147,40.9161,117.0000,100.0000
95.3672,29.4878,130.0000,106.0000
93.4742,12.9070,121.0000,114.0000
103.3105,21.6805,116.0000,101.0000
88.3789,10.0386,112.0000,105.0000
86.5068,8.0024,110.0000,106.0000
123.1739,6.7088,106.0000,112.0000
146.6777,-6.8335,109.0000,115.0000
128.8888,-14.5231,131.0000,122.0000
132.0221,-14.1459,142.0000,123.0000
134.2021,-14.6062,150.0000,119.0000
144.7948,-13.8072,150.0000,120.0000
153.6687,-8.2125,145.0000,114.0000
163.0786,1.0614,139.0000,108.0000
171.2375,5.4978,134.0000,109.0000
176.2415,11.1656,134.0000,107.0000
183.2774,17.8869,129.0000,103.0000
184.0608,21.9237,137.0000,109.0000
184.1262,26.0375,143.0000,105.0000
187.5006,35.1838,143.0000,95.0000
194.9253,46.9948,134.0000,81.0000
198.1624,58.5270,131.0000,70.0000
197.4029,67.9975,135.0000,60.0000
200.8198,76.6083,132.0000,55.0000
199.3109,73.8212,138.0000,64.0000
182.0435,81.0596,138.0000,66.0000
128.7489,90.1651,144.0000,63.0000
128.7489,90.1651,144.0000,63.0000
192.2818,87.1486,90.0000,46.0000
192.2818,87.1486,90.0000,46.0000
192.2818,87.1486,90.0000,46.0000
192.2818,87.1486,90.0000,46.0000
192.2818,87.1486,90.0000,46.0000
192.2818,87.1486,90.0000,46.0000
192.2818,87.1486,90.0000,46.0000
192.2818,87.1486,90.0000,46.0000
192.2818,87.1486,90.0000,46.0000
2
0
0
0
0
1
196.8049,145.9251,57.0000,63.0000
200.3987,149.1163,54.0000,63.0000
204.1190,154.2393,53.0000,60.0000
205.6807,162.9796,54.0000,60.0000
205.6807,162.9796,54.0000,60.0000
207.5593,180.7852,54.0000,56.0000
207.5593,180.7852,54.0000,56.0000
210.6687,200.4727,52.0000,49.0000
210.6289,209.1730,54.0000,49.0000
210.6289,209.1730,54.0000,49.0000
210.6289,209.1730,54.0000,49.0000
227.7176,234.4432,51.0000,39.0000
236.4424,242.7900,56.0000,46.0000
237.4890,242.7097,56.0000,50.0000
244.7890,246.8727,55.0000,50.0000
252.8571,248.2497,54.0000,54.0000
252.8571,248.2497,54.0000,54.0000
252.8571,248.2497,54.0000,54.0000
252.8571,248.2497,54.0000,54.0000
252.8571,248.2497,54.0000,54.0000
252.8571,248.2497,54.0000,54.0000
2
0
0
0
0
1
352.2135,133.6667,67.0000,64.0000
371.7034,103.4462,57.0000,68.0000
377.5659,99.9600,49.0000,72.0000
394.0974,89.0183,43.0000,77.0000
401.2187,70.6148,51.0000,86.0000
402.8493,12.8771,69.0000,99.0000
403.0386,-11.7841,92.0000,112.0000
405.0051,-15.0007,121.0000,98.0000
405.6135,-8.8166,160.0000,87.0000
361.1841,-4.3081,236.0000,95.0000
278.5777,-8.4055,315.0000,105.0000
178.4169,-6.1428,360.0000,117.0000
104.3784,-2.9759,360.0000,129.0000
100.0521,-4.5608,360.0000,141.0000
96.3543,-6.1878,360.0000,152.0000
94.4256,-4.6441,360.0000,162.0000
93.7037,-6.5720,360.0000,173.0000
93.3940,-5.3045,360.0000,183.0000
97.6896,-7.6862,360.0000,193.0000
99.0461,-8.6304,360.0000,202.0000
104.0620,-12.3234,360.0000,217.0000
106.6006,-15.8488,360.0000,227.0000
105.7630,-13.2355,360.0000,230.0000
108.7746,-13.0742,360.0000,233.0000
108.2651,-13.9786,360.0000,236.0000
109.8481,-13.9822,360.0000,236.0000
113.6817,-14.9185,360.0000,236.0000
115.9930,-16.3942,360.0000,236.0000
118.4422,-15.8029,360.0000,232.0000
116.9908,-14.2414,360.0000,228.0000
119.3082,-16.6277,360.0000,228.0000
117.6515,-18.0144,360.0000,224.0000
114.1908,-20.0058,360.0000,220.0000
112.7410,-17.4542,360.0000,213.0000
108.2151,-18.5085,360.0000,209.0000
107.7225,-16.8917,360.0000,202.0000
102.5530,-18.0177,360.0000,198.0000
100.6035,-18.5245,360.0000,194.0000
97.8778,-18.2513,360.0000,184.0000
92.4994,-16.8059,360.0000,178.0000
87.9151,-18.1714,360.0000,175.0000
89.4122,-15.8502,360.0000,161.0000
81.4653,-15.7566,360.0000,155.0000
88.0814,-12.4072,360.0000,140.0000
92.8002,-11.6976,360.0000,129.0000
90.3897,-12.2065,360.0000,129.0000
91.7096,-14.0764,360.0000,122.0000
77.8086,-12.5073,360.0000,120.0000
84.6155,-12.8180,360.0000,114.0000
2
0
0
0
0
1
83.5045,144.2190,77.0000,71.0000
92.7774,147.8730,66.0000,46.0000
92.8756,145.5783,44.0000,28.0000
108.4524,149.0889,27.0000,16.0000
108.4524,149.0889,27.0000,16.0000
108.4524,149.0889,27.0000,16.0000
2
0
0
0
0
1
204.6217,103.5966,44.0000,64.0000
205.9384,113.0171,43.0000,61.0000
207.8087,121.6691,40.0000,59.0000
211.9439,131.7256,40.0000,56.0000
214.2377,141.4566,40.0000,52.0000
213.7293,148.0118,45.0000,50.0000
214.2485,152.0498,44.0000,50.0000
212.4788,152.1761,43.0000,50.0000
210.1429,155.4519,41.0000,51.0000
208.9136,159.4970,43.0000,54.0000
210.5574,165.8772,43.0000,53.0000
211.8730,172.2731,44.0000,53.0000
213.4907,177.1135,45.0000,54.0000
215.1742,181.9805,46.0000,54.0000
214.4794,184.4209,46.0000,54.0000
213.1380,186.3675,47.0000,55.0000
212.2720,188.8324,48.0000,55.0000
213.9138,191.4848,48.0000,55.0000
215.7577,194.2025,49.0000,55.0000
220.4646,197.2696,49.0000,56.0000
223.0988,198.3836,50.0000,56.0000
222.5445,199.3997,53.0000,55.0000
219.8192,197.9257,54.0000,53.0000
219.6320,197.0569,54.0000,53.0000
220.3963,196.9708,59.0000,53.0000
224.7119,195.6937,59.0000,53.0000