173.6744
0.0460
0.0570
0.0590
0.0610
0.0600
0.0600
0.0530
0.0570
0.0520
0.0600
0.0600
0.0540
0.0540
0.0570
0.0620
0.0610
0.0650
0.0880
0.0820
0.0630
0.0560
0.0610
0.0590
0.0550
0.0570
0.0650
0.0590
0.0530
0.0530
0.0570
0.0530
0.0570
0.0550
0.0530
0.0540
0.0530
0.0540
0.0560
NaN
NaN
NaN
NaN
173.7654
0.0490
0.0560
0.0560
0.0510
0.0570
0.0500
0.0480
0.0500
0.0450
0.0470
0.0510
0.0480
0.0480
0.0500
0.0640
0.0500
0.0510
0.0660
0.0750
0.1200
0.0740
0.0660
NaN
NaN
NaN
NaN
173.7024
0.0480
0.0520
0.0570
0.0540
0.0560
0.0570
0.0570
0.0520
0.0550
0.0540
0.0600
0.0560
0.0580
0.0540
0.0590
0.0560
0.0520
0.0600
0.1000
0.0830
0.0680
0.0610
0.0520
0.0580
0.0570
0.0620
0.0590
0.0600
0.0590
0.0600
0.0590
0.0630
0.0590
0.0610
0.0600
0.0580
0.0660
0.0620
0.0640
0.0610
0.0650
0.0610
0.0620
0.0610
0.0640
0.0650
0.0680
0.0610
0.0620
0.0620
NaN
NaN
NaN
NaN
173.6984
0.0530
0.0590
0.0500
0.0460
0.0580
0.0490
0.0450
NaN
NaN
NaN
NaN
173.6984
0.0480
0.0510
0.0530
0.0560
0.0560
0.0500
0.0550
0.0570
0.0520
0.0550
0.0570
0.0560
0.0560
0.0580
0.0580
0.0600
0.0580
0.0580
0.0840
0.0820
0.0600
0.0610
0.0600
0.0540
0.0590
0.0590