194.8179
0.0540
0.0430
0.0510
0.0410
0.0450
0.0410
0.0490
0.0550
0.0620
0.0420
0.0410
0.0570
0.0550
0.0640
0.0530
0.0430
0.0480
0.0600
0.0440
0.0420
0.0418
0.0404
0.0487
0.0450
0.0598
0.0537
0.0440
0.0551
0.0450
0.0470
0.0510
0.0540
0.0410
0.0450
0.0630
0.0430
0.0490
0.0420
0.0498
0.0481
0.0487
0.0404
0.0412
0.0572
0.0551
0.0520
0.0430
0.0578
0.0494
0.0501
0.0621
0.0560
0.0567
0.0476
0.0501
0.0590
0.0471
0.0412
0.0409
0.0480
0.0601
0.0555
0.0452
0.0419
0.0460
0.0541
0.0630
0.0507
0.0520
0.0457
0.0557
0.0550
0.0511
0.0510
0.0488
0.0647
0.0518
0.0524
0.0527
0.0441
0.0471
0.0420
0.0613
0.0400
0.0444
0.0567
0.0522
0.0470
0.0518
0.0521
0.0597
0.0520
0.0430
0.0515
0.0670
0.0580
0.0467
0.0458
0.0487
0.0494
0.0479
0.0517
0.0517
0.0500
0.0581
0.0429
0.0493
0.0460
0.0432
0.0431
0.0500
0.0467
0.0544
0.0500
0.0480
0.0481
0.0672
0.0521
0.0507
0.0631
0.0661
0.0527
0.0440
0.0595
0.0480
0.0407
0.0457
0.0410
0.0457
0.0450
0.0420
0.0437
0.0471
0.0517
0.0534
0.0410
0.0501
0.0642
0.0613
0.0612
0.0520
0.0412
0.0510
0.0432
0.0412
0.0532
0.0541
0.0421
0.0409
0.0411
0.0471
0.0453
0.0527
0.0495
0.0528
0.0471
0.0470
0.0521
0.0487
0.0567
0.0439
0.0490
0.0420
0.0410
0.0404
0.0410
0.0450
0.0571
0.0411
0.0567
0.0584
0.0520
0.0458
0.0574
0.0537
0.0481
0.0530
0.0610
0.0541
0.0442
0.0410
0.0431
0.0427
0.0484
0.0411
0.0568
0.0519
0.0514
0.0530
0.0604
0.0611
0.0517
0.0447
0.0517
0.0488
0.0501
0.0471
0.0567
0.0470
0.0441
0.0494
0.0537
0.0475
0.0546
0.0522
0.0503
0.0484
0.0570
0.0561
0.0564
0.0464
0.0510
0.0561
0.0560
0.0487
0.0520
0.0480
0.0451
0.0440
0.0431
0.0430
0.0461
0.0471
0.0628
0.0414
0.0481
0.0422
0.0632
0.0520
0.0592
0.0606
0.0485
0.0557
0.0471
0.0501
0.0417
0.0510
0.0667
0.0487
0.0570
0.0411
0.0481
0.0457
0.0434
0.0668
0.0561
0.0624
0.0626
0.0550
0.0622
0.0644
0.0502
0.0479
0.0528
0.0468
0.0484
0.0427
0.0467
0.0464
0.0510
0.0512
0.0414
0.0481
0.0480
0.0570
0.0591
0.0436
0.0572
0.0557
0.0597
0.0557
0.0541
0.0667
0.0534
0.0404
0.0470
0.0598
0.0644
0.0471
0.0440
0.0411
0.0431
0.0500
0.0471
0.0553
0.0496
0.0524
0.0490
0.0570
0.0552
0.0481
0.0537
0.0527
0.0567
0.0550
0.0551
0.0580
0.0541
0.0583
0.0571
0.0538
0.0497
0.0614
0.0470
0.0495
0.0424
0.0500
0.0612
0.0610
0.0424
0.0401
0.0427
0.0414
0.0437
0.0554
0.0629
0.0487
0.0566
0.0535
0.0548
0.0521
0.0529
0.0532
0.0560