1
446.1272,177.5306,41.3957,45.0238
446.1272,177.5306,41.3957,45.0238
446.1272,177.5306,41.3957,45.0238
446.1272,177.5306,41.3957,45.0238
446.1272,177.5306,41.3957,45.0238
446.1272,177.5306,41.3957,45.0238
446.1272,177.5306,41.3957,45.0238
446.1272,177.5306,41.3957,45.0238
446.1272,177.5306,41.3957,45.0238
446.1272,177.5306,41.3957,45.0238
446.1272,177.5306,41.3957,45.0238
446.1272,177.5306,41.3957,45.0238
446.1272,177.5306,41.3957,45.0238
446.1272,177.5306,41.3957,45.0238
446.1272,177.5306,41.3957,45.0238
446.1272,177.5306,41.3957,45.0238
446.1272,177.5306,41.3957,45.0238
446.1272,177.5306,41.3957,45.0238
446.1272,177.5306,41.3957,45.0238
446.1272,177.5306,41.3957,45.0238
446.1272,177.5306,41.3957,45.0238
446.1272,177.5306,41.3957,45.0238
446.1272,177.5306,41.3957,45.0238
446.1272,177.5306,41.3957,45.0238
446.1272,177.5306,41.3957,45.0238
446.1272,177.5306,41.3957,45.0238
446.1272,177.5306,41.3957,45.0238
446.1272,177.5306,41.3957,45.0238
446.1272,177.5306,41.3957,45.0238
2
0
0
0
0
1
487.1505,19.1990,126.0790,168.5205
487.1505,19.1990,126.0790,168.5205
487.1505,19.1990,126.0790,168.5205
487.1505,19.1990,126.0790,168.5205
487.1505,19.1990,126.0790,168.5205
487.1505,19.1990,126.0790,168.5205
487.1505,19.1990,126.0790,168.5205
487.1505,19.1990,126.0790,168.5205
487.1505,19.1990,126.0790,168.5205
487.1505,19.1990,126.0790,168.5205
487.1505,19.1990,126.0790,168.5205
487.1505,19.1990,126.0790,168.5205
487.1505,19.1990,126.0790,168.5205
487.1505,19.1990,126.0790,168.5205
487.1505,19.1990,126.0790,168.5205
487.1505,19.1990,126.0790,168.5205
2
0
0
0
0
1
130.1303,-5.4045,250.4744,296.9341
130.1303,-5.4045,250.4744,296.9341
130.1303,-5.4045,250.4744,296.9341
130.1303,-5.4045,250.4744,296.9341
130.1303,-5.4045,250.4744,296.9341
130.1303,-5.4045,250.4744,296.9341
130.1303,-5.4045,250.4744,296.9341
130.1303,-5.4045,250.4744,296.9341
130.1303,-5.4045,250.4744,296.9341
130.1303,-5.4045,250.4744,296.9341
130.1303,-5.4045,250.4744,296.9341
130.1303,-5.4045,250.4744,296.9341
130.1303,-5.4045,250.4744,296.9341
130.1303,-5.4045,250.4744,296.9341
130.1303,-5.4045,250.4744,296.9341
130.1303,-5.4045,250.4744,296.9341
130.1303,-5.4045,250.4744,296.9341
130.1303,-5.4045,250.4744,296.9341
130.1303,-5.4045,250.4744,296.9341
130.1303,-5.4045,250.4744,296.9341
130.1303,-5.4045,250.4744,296.9341
130.1303,-5.4045,250.4744,296.9341
130.1303,-5.4045,250.4744,296.9341
130.1303,-5.4045,250.4744,296.9341
130.1303,-5.4045,250.4744,296.9341
130.1303,-5.4045,250.4744,296.9341
130.1303,-5.4045,250.4744,296.9341
130.1303,-5.4045,250.4744,296.9341
130.1303,-5.4045,250.4744,296.9341
130.1303,-5.4045,250.4744,296.9341
130.1303,-5.4045,250.4744,296.9341
130.1303,-5.4045,250.4744,296.9341
2
0
0
0
0
1
328.6421,-2.0331,292.1457,402.6854
328.6421,-2.0331,292.1457,402.6854
328.6421,-2.0331,292.1457,402.6854
328.6421,-2.0331,292.1457,402.6854
328.6421,-2.0331,292.1457,402.6854
328.6421,-2.0331,292.1457,402.6854
328.6421,-2.0331,292.1457,402.6854
328.6421,-2.0331,292.1457,402.6854
328.6421,-2.0331,292.1457,402.6854
328.6421,-2.0331,292.1457,402.6854
328.6421,-2.0331,292.1457,402.6854
328.6421,-2.0331,292.1457,402.6854
328.6421,-2.0331,292.1457,402.6854
328.6421,-2.0331,292.1457,402.6854
328.6421,-2.0331,292.1457,402.6854
328.6421,-2.0331,292.1457,402.6854
2
0
0
0
0
1
281.7148,151.0358,49.7104,59.9284
281.7148,151.0358,49.7104,59.9284
281.7148,151.0358,49.7104,59.9284
281.7148,151.0358,49.7104,59.9284
281.7148,151.0358,49.7104,59.9284
281.7148,151.0358,49.7104,59.9284
281.7148,151.0358,49.7104,59.9284
281.7148,151.0358,49.7104,59.9284
281.7148,151.0358,49.7104,59.9284
281.7148,151.0358,49.7104,59.9284
281.7148,151.0358,49.7104,59.9284
281.7148,151.0358,49.7104,59.9284
281.7148,151.0358,49.7104,59.9284