1
187.9377,214.9247,40.5797,98.5905
187.9377,214.9247,40.5797,98.5905
187.9377,214.9247,40.5797,98.5905
187.9377,214.9247,40.5797,98.5905
187.9377,214.9247,40.5797,98.5905
187.9377,214.9247,40.5797,98.5905
187.9377,214.9247,40.5797,98.5905
187.9377,214.9247,40.5797,98.5905
187.9377,214.9247,40.5797,98.5905
187.9377,214.9247,40.5797,98.5905
187.9377,214.9247,40.5797,98.5905
187.9377,214.9247,40.5797,98.5905
187.9377,214.9247,40.5797,98.5905
187.9377,214.9247,40.5797,98.5905
187.9377,214.9247,40.5797,98.5905
187.9377,214.9247,40.5797,98.5905
187.9377,214.9247,40.5797,98.5905
187.9377,214.9247,40.5797,98.5905
187.9377,214.9247,40.5797,98.5905
187.9377,214.9247,40.5797,98.5905
187.9377,214.9247,40.5797,98.5905
187.9377,214.9247,40.5797,98.5905
187.9377,214.9247,40.5797,98.5905
187.9377,214.9247,40.5797,98.5905
187.9377,214.9247,40.5797,98.5905
187.9377,214.9247,40.5797,98.5905
187.9377,214.9247,40.5797,98.5905
2
0
0
0
0
1
251.0771,225.8938,45.4209,99.7874
251.0771,225.8938,45.4209,99.7874
251.0771,225.8938,45.4209,99.7874
251.0771,225.8938,45.4209,99.7874
251.0771,225.8938,45.4209,99.7874
251.0771,225.8938,45.4209,99.7874
251.0771,225.8938,45.4209,99.7874
251.0771,225.8938,45.4209,99.7874
251.0771,225.8938,45.4209,99.7874
251.0771,225.8938,45.4209,99.7874
251.0771,225.8938,45.4209,99.7874
251.0771,225.8938,45.4209,99.7874
251.0771,225.8938,45.4209,99.7874
251.0771,225.8938,45.4209,99.7874
251.0771,225.8938,45.4209,99.7874
251.0771,225.8938,45.4209,99.7874
251.0771,225.8938,45.4209,99.7874
251.0771,225.8938,45.4209,99.7874
251.0771,225.8938,45.4209,99.7874
251.0771,225.8938,45.4209,99.7874
251.0771,225.8938,45.4209,99.7874
251.0771,225.8938,45.4209,99.7874
251.0771,225.8938,45.4209,99.7874
251.0771,225.8938,45.4209,99.7874
251.0771,225.8938,45.4209,99.7874
251.0771,225.8938,45.4209,99.7874
251.0771,225.8938,45.4209,99.7874
251.0771,225.8938,45.4209,99.7874
251.0771,225.8938,45.4209,99.7874
251.0771,225.8938,45.4209,99.7874
251.0771,225.8938,45.4209,99.7874
251.0771,225.8938,45.4209,99.7874
251.0771,225.8938,45.4209,99.7874
251.0771,225.8938,45.4209,99.7874
251.0771,225.8938,45.4209,99.7874
251.0771,225.8938,45.4209,99.7874
251.0771,225.8938,45.4209,99.7874
251.0771,225.8938,45.4209,99.7874
251.0771,225.8938,45.4209,99.7874
251.0771,225.8938,45.4209,99.7874
2
0
0
0
0
1
166.2964,246.3925,39.4971,80.9451
166.2964,246.3925,39.4971,80.9451
166.2964,246.3925,39.4971,80.9451
166.2964,246.3925,39.4971,80.9451
166.2964,246.3925,39.4971,80.9451
166.2964,246.3925,39.4971,80.9451
166.2964,246.3925,39.4971,80.9451
166.2964,246.3925,39.4971,80.9451
166.2964,246.3925,39.4971,80.9451
2
0
0
0
0
1
109.1510,232.5544,54.2104,80.0312
109.1510,232.5544,54.2104,80.0312
109.1510,232.5544,54.2104,80.0312
109.1510,232.5544,54.2104,80.0312
109.1510,232.5544,54.2104,80.0312
109.1510,232.5544,54.2104,80.0312
109.1510,232.5544,54.2104,80.0312
109.1510,232.5544,54.2104,80.0312
109.1510,232.5544,54.2104,80.0312
109.1510,232.5544,54.2104,80.0312
109.1510,232.5544,54.2104,80.0312
109.1510,232.5544,54.2104,80.0312
109.1510,232.5544,54.2104,80.0312
109.1510,232.5544,54.2104,80.0312
109.1510,232.5544,54.2104,80.0312
109.1510,232.5544,54.2104,80.0312
109.1510,232.5544,54.2104,80.0312
109.1510,232.5544,54.2104,80.0312
109.1510,232.5544,54.2104,80.0312
109.1510,232.5544,54.2104,80.0312
109.1510,232.5544,54.2104,80.0312
109.1510,232.5544,54.2104,80.0312
109.1510,232.5544,54.2104,80.0312
109.1510,232.5544,54.2104,80.0312
2
0
0
0
0
1
182.7152,183.9404,41.3146,91.1942
182.7152,183.9404,41.3146,91.1942
182.7152,183.9404,41.3146,91.1942
182.7152,183.9404,41.3146,91.1942
182.7152,183.9404,41.3146,91.1942
182.7152,183.9404,41.3146,91.1942
182.7152,183.9404,41.3146,91.1942
182.7152,183.9404,41.3146,91.1942
182.7152,183.9404,41.3146,91.1942
182.7152,183.9404,41.3146,91.1942
182.7152,183.9404,41.3146,91.1942
182.7152,183.9404,41.3146,91.1942
182.7152,183.9404,41.3146,91.1942
182.7152,183.9404,41.3146,91.1942
182.7152,183.9404,41.3146,91.1942
182.7152,183.9404,41.3146,91.1942
182.7152,183.9404,41.3146,91.1942
182.7152,183.9404,41.3146,91.1942
182.7152,183.9404,41.3146,91.1942
182.7152,183.9404,41.3146,91.1942
2
0
0
0
0
1
232.9492,163.6525,35.4916,105.6299
232.9492,163.6525,35.4916,105.6299
232.9492,163.6525,35.4916,105.6299
232.9492,163.6525,35.4916,105.6299
232.9492,163.6525,35.4916,105.6299
232.9492,163.6525,35.4916,105.6299
232.9492,163.6525,35.4916,105.6299
232.9492,163.6525,35.4916,105.6299
232.9492,163.6525,35.4916,105.6299
232.9492,163.6525,35.4916,105.6299
232.9492,163.6525,35.4916,105.6299
232.9492,163.6525,35.4916,105.6299
232.9492,163.6525,35.4916,105.6299
232.9492,163.6525,35.4916,105.6299
232.9492,163.6525,35.4916,105.6299
232.9492,163.6525,35.4916,105.6299
2
0
0
0
0
1
273.3254,160.8083,43.5243,84.4834
273.3254,160.8083,43.5243,84.4834
273.3254,160.8083,43.5243,84.4834
273.3254,160.8083,43.5243,84.4834
273.3254,160.8083,43.5243,84.4834
273.3254,160.8083,43.5243,84.4834
273.3254,160.8083,43.5243,84.4834
273.3254,160.8083,43.5243,84.4834
273.3254,160.8083,43.5243,84.4834
273.3254,160.8083,43.5243,84.4834
273.3254,160.8083,43.5243,84.4834
273.3254,160.8083,43.5243,84.4834
273.3254,160.8083,43.5243,84.4834
273.3254,160.8083,43.5243,84.4834
273.3254,160.8083,43.5243,84.4834
273.3254,160.8083,43.5243,84.4834
273.3254,160.8083,43.5243,84.4834
273.3254,160.8083,43.5243,84.4834
273.3254,160.8083,43.5243,84.4834
273.3254,160.8083,43.5243,84.4834
273.3254,160.8083,43.5243,84.4834
273.3254,160.8083,43.5243,84.4834
273.3254,160.8083,43.5243,84.4834
273.3254,160.8083,43.5243,84.4834
273.3254,160.8083,43.5243,84.4834
273.3254,160.8083,43.5243,84.4834
273.3254,160.8083,43.5243,84.4834
273.3254,160.8083,43.5243,84.4834
273.3254,160.8083,43.5243,84.4834
273.3254,160.8083,43.5243,84.4834
273.3254,160.8083,43.5243,84.4834
273.3254,160.8083,43.5243,84.4834
273.3254,160.8083,43.5243,84.4834
273.3254,160.8083,43.5243,84.4834
273.3254,160.8083,43.5243,84.4834
273.3254,160.8083,43.5243,84.4834
273.3254,160.8083,43.5243,84.4834
273.3254,160.8083,43.5243,84.4834
273.3254,160.8083,43.5243,84.4834
273.3254,160.8083,43.5243,84.4834
273.3254,160.8083,43.5243,84.4834
273.3254,160.8083,43.5243,84.4834
273.3254,160.8083,43.5243,84.4834
273.3254,160.8083,43.5243,84.4834
273.3254,160.8083,43.5243,84.4834
273.3254,160.8083,43.5243,84.4834
273.3254,160.8083,43.5243,84.4834
273.3254,160.8083,43.5243,84.4834
273.3254,160.8083,43.5243,84.4834
273.3254,160.8083,43.5243,84.4834
273.3254,160.8083,43.5243,84.4834
273.3254,160.8083,43.5243,84.4834
273.3254,160.8083,43.5243,84.4834
273.3254,160.8083,43.5243,84.4834
273.3254,160.8083,43.5243,84.4834
273.3254,160.8083,43.5243,84.4834
273.3254,160.8083,43.5243,84.4834
273.3254,160.8083,43.5243,84.4834
273.3254,160.8083,43.5243,84.4834
273.3254,160.8083,43.5243,84.4834
273.3254,160.8083,43.5243,84.4834
273.3254,160.8083,43.5243,84.4834
273.3254,160.8083,43.5243,84.4834
273.3254,160.8083,43.5243,84.4834
273.3254,160.8083,43.5243,84.4834
273.3254,160.8083,43.5243,84.4834
273.3254,160.8083,43.5243,84.4834
273.3254,160.8083,43.5243,84.4834
273.3254,160.8083,43.5243,84.4834
273.3254,160.8083,43.5243,84.4834
273.3254,160.8083,43.5243,84.4834
2
0
0
0
0
1
222.6913,184.6780,35.3575,114.0190
222.6913,184.6780,35.3575,114.0190
222.6913,184.6780,35.3575,114.0190
222.6913,184.6780,35.3575,114.0190
222.6913,184.6780,35.3575,114.0190
222.6913,184.6780,35.3575,114.0190
222.6913,184.6780,35.3575,114.0190
222.6913,184.6780,35.3575,114.0190
222.6913,184.6780,35.3575,114.0190
222.6913,184.6780,35.3575,114.0190
222.6913,184.6780,35.3575,114.0190
222.6913,184.6780,35.3575,114.0190
222.6913,184.6780,35.3575,114.0190
222.6913,184.6780,35.3575,114.0190
222.6913,184.6780,35.3575,114.0190
222.6913,184.6780,35.3575,114.0190
222.6913,184.6780,35.3575,114.0190
222.6913,184.6780,35.3575,114.0190
222.6913,184.6780,35.3575,114.0190
222.6913,184.6780,35.3575,114.0190
222.6913,184.6780,35.3575,114.0190
222.6913,184.6780,35.3575,114.0190
222.6913,184.6780,35.3575,114.0190
222.6913,184.6780,35.3575,114.0190
222.6913,184.6780,35.3575,114.0190
222.6913,184.6780,35.3575,114.0190
222.6913,184.6780,35.3575,114.0190
222.6913,184.6780,35.3575,114.0190
222.6913,184.6780,35.3575,114.0190
222.6913,184.6780,35.3575,114.0190
222.6913,184.6780,35.3575,114.0190
222.6913,184.6780,35.3575,114.0190
222.6913,184.6780,35.3575,114.0190
222.6913,184.6780,35.3575,114.0190
222.6913,184.6780,35.3575,114.0190
222.6913,184.6780,35.3575,114.0190
222.6913,184.6780,35.3575,114.0190
222.6913,184.6780,35.3575,114.0190
222.6913,184.6780,35.3575,114.0190
222.6913,184.6780,35.3575,114.0190
222.6913,184.6780,35.3575,114.0190
222.6913,184.6780,35.3575,114.0190
222.6913,184.6780,35.3575,114.0190
222.6913,184.6780,35.3575,114.0190
222.6913,184.6780,35.3575,114.0190
222.6913,184.6780,35.3575,114.0190
222.6913,184.6780,35.3575,114.0190
222.6913,184.6780,35.3575,114.0190
222.6913,184.6780,35.3575,114.0190
2
0
0
0
0
1
160.1581,199.9359,53.4088,99.0632
160.1581,199.9359,53.4088,99.0632
160.1581,199.9359,53.4088,99.0632
160.1581,199.9359,53.4088,99.0632
160.1581,199.9359,53.4088,99.0632
160.1581,199.9359,53.4088,99.0632
160.1581,199.9359,53.4088,99.0632
160.1581,199.9359,53.4088,99.0632
160.1581,199.9359,53.4088,99.0632
160.1581,199.9359,53.4088,99.0632
160.1581,199.9359,53.4088,99.0632
160.1581,199.9359,53.4088,99.0632
160.1581,199.9359,53.4088,99.0632
160.1581,199.9359,53.4088,99.0632
160.1581,199.9359,53.4088,99.0632
160.1581,199.9359,53.4088,99.0632
160.1581,199.9359,53.4088,99.0632
160.1581,199.9359,53.4088,99.0632
160.1581,199.9359,53.4088,99.0632
160.1581,199.9359,53.4088,99.0632
160.1581,199.9359,53.4088,99.0632
160.1581,199.9359,53.4088,99.0632
160.1581,199.9359,53.4088,99.0632
160.1581,199.9359,53.4088,99.0632
160.1581,199.9359,53.4088,99.0632
160.1581,199.9359,53.4088,99.0632
160.1581,199.9359,53.4088,99.0632
160.1581,199.9359,53.4088,99.0632
160.1581,199.9359,53.4088,99.0632
160.1581,199.9359,53.4088,99.0632
160.1581,199.9359,53.4088,99.0632
160.1581,199.9359,53.4088,99.0632
160.1581,199.9359,53.4088,99.0632
160.1581,199.9359,53.4088,99.0632
160.1581,199.9359,53.4088,99.0632
160.1581,199.9359,53.4088,99.0632
160.1581,199.9359,53.4088,99.0632
160.1581,199.9359,53.4088,99.0632
160.1581,199.9359,53.4088,99.0632
160.1581,199.9359,53.4088,99.0632
160.1581,199.9359,53.4088,99.0632
160.1581,199.9359,53.4088,99.0632
160.1581,199.9359,53.4088,99.0632
160.1581,199.9359,53.4088,99.0632
160.1581,199.9359,53.4088,99.0632
160.1581,199.9359,53.4088,99.0632
160.1581,199.9359,53.4088,99.0632
160.1581,199.9359,53.4088,99.0632
160.1581,199.9359,53.4088,99.0632
160.1581,199.9359,53.4088,99.0632
160.1581,199.9359,53.4088,99.0632
160.1581,199.9359,53.4088,99.0632
160.1581,199.9359,53.4088,99.0632
160.1581,199.9359,53.4088,99.0632
160.1581,199.9359,53.4088,99.0632
160.1581,199.9359,53.4088,99.0632
160.1581,199.9359,53.4088,99.0632
160.1581,199.9359,53.4088,99.0632
160.1581,199.9359,53.4088,99.0632
160.1581,199.9359,53.4088,99.0632
160.1581,199.9359,53.4088,99.0632
160.1581,199.9359,53.4088,99.0632
160.1581,199.9359,53.4088,99.0632
160.1581,199.9359,53.4088,99.0632
160.1581,199.9359,53.4088,99.0632
160.1581,199.9359,53.4088,99.0632
160.1581,199.9359,53.4088,99.0632
160.1581,199.9359,53.4088,99.0632
160.1581,199.9359,53.4088,99.0632
160.1581,199.9359,53.4088,99.0632
160.1581,199.9359,53.4088,99.0632
160.1581,199.9359,53.4088,99.0632
160.1581,199.9359,53.4088,99.0632
160.1581,199.9359,53.4088,99.0632
160.1581,199.9359,53.4088,99.0632
160.1581,199.9359,53.4088,99.0632
160.1581,199.9359,53.4088,99.0632
160.1581,199.9359,53.4088,99.0632
160.1581,199.9359,53.4088,99.0632
160.1581,199.9359,53.4088,99.0632
160.1581,199.9359,53.4088,99.0632
160.1581,199.9359,53.4088,99.0632
160.1581,199.9359,53.4088,99.0632
160.1581,199.9359,53.4088,99.0632
160.1581,199.9359,53.4088,99.0632
160.1581,199.9359,53.4088,99.0632
160.1581,199.9359,53.4088,99.0632
160.1581,199.9359,53.4088,99.0632
160.1581,199.9359,53.4088,99.0632
160.1581,199.9359,53.4088,99.0632
160.1581,199.9359,53.4088,99.0632
160.1581,199.9359,53.4088,99.0632
160.1581,199.9359,53.4088,99.0632
160.1581,199.9359,53.4088,99.0632
160.1581,199.9359,53.4088,99.0632
160.1581,199.9359,53.4088,99.0632
160.1581,199.9359,53.4088,99.0632
160.1581,199.9359,53.4088,99.0632
160.1581,199.9359,53.4088,99.0632
160.1581,199.9359,53.4088,99.0632
160.1581,199.9359,53.4088,99.0632
160.1581,199.9359,53.4088,99.0632
160.1581,199.9359,53.4088,99.0632
160.1581,199.9359,53.4088,99.0632
160.1581,199.9359,53.4088,99.0632
160.1581,199.9359,53.4088,99.0632
160.1581,199.9359,53.4088,99.0632
160.1581,199.9359,53.4088,99.0632
160.1581,199.9359,53.4088,99.0632
160.1581,199.9359,53.4088,99.0632
160.1581,199.9359,53.4088,99.0632
160.1581,199.9359,53.4088,99.0632
160.1581,199.9359,53.4088,99.0632
160.1581,199.9359,53.4088,99.0632
160.1581,199.9359,53.4088,99.0632
160.1581,199.9359,53.4088,99.0632
160.1581,199.9359,53.4088,99.0632
160.1581,199.9359,53.4088,99.0632
160.1581,199.9359,53.4088,99.0632
160.1581,199.9359,53.4088,99.0632
160.1581,199.9359,53.4088,99.0632
160.1581,199.9359,53.4088,99.0632
160.1581,199.9359,53.4088,99.0632
160.1581,199.9359,53.4088,99.0632
160.1581,199.9359,53.4088,99.0632
160.1581,199.9359,53.4088,99.0632
160.1581,199.9359,53.4088,99.0632
160.1581,199.9359,53.4088,99.0632
160.1581,199.9359,53.4088,99.0632
160.1581,199.9359,53.4088,99.0632
160.1581,199.9359,53.4088,99.0632
160.1581,199.9359,53.4088,99.0632
160.1581,199.9359,53.4088,99.0632
160.1581,199.9359,53.4088,99.0632
160.1581,199.9359,53.4088,99.0632
160.1581,199.9359,53.4088,99.0632
160.1581,199.9359,53.4088,99.0632
160.1581,199.9359,53.4088,99.0632
160.1581,199.9359,53.4088,99.0632
160.1581,199.9359,53.4088,99.0632
160.1581,199.9359,53.4088,99.0632
160.1581,199.9359,53.4088,99.0632
160.1581,199.9359,53.4088,99.0632
160.1581,199.9359,53.4088,99.0632
160.1581,199.9359,53.4088,99.0632
160.1581,199.9359,53.4088,99.0632
160.1581,199.9359,53.4088,99.0632
160.1581,199.9359,53.4088,99.0632
160.1581,199.9359,53.4088,99.0632
160.1581,199.9359,53.4088,99.0632
160.1581,199.9359,53.4088,99.0632
2
0
0
0
0
1
238.0783,230.6417,54.2634,91.8567
238.0783,230.6417,54.2634,91.8567
238.0783,230.6417,54.2634,91.8567
238.0783,230.6417,54.2634,91.8567
238.0783,230.6417,54.2634,91.8567
238.0783,230.6417,54.2634,91.8567
238.0783,230.6417,54.2634,91.8567
238.0783,230.6417,54.2634,91.8567
238.0783,230.6417,54.2634,91.8567
2
0
0
0
0
1
328.5821,233.1884,50.0508,95.2731
328.5821,233.1884,50.0508,95.2731
328.5821,233.1884,50.0508,95.2731
328.5821,233.1884,50.0508,95.2731
328.5821,233.1884,50.0508,95.2731
2
0
0
0
0
1
408.9920,241.5387,51.8460,89.8025
408.9920,241.5387,51.8460,89.8025
408.9920,241.5387,51.8460,89.8025
408.9920,241.5387,51.8460,89.8025
408.9920,241.5387,51.8460,89.8025
408.9920,241.5387,51.8460,89.8025
408.9920,241.5387,51.8460,89.8025
408.9920,241.5387,51.8460,89.8025
408.9920,241.5387,51.8460,89.8025
408.9920,241.5387,51.8460,89.8025
408.9920,241.5387,51.8460,89.8025
408.9920,241.5387,51.8460,89.8025
408.9920,241.5387,51.8460,89.8025
408.9920,241.5387,51.8460,89.8025
408.9920,241.5387,51.8460,89.8025
408.9920,241.5387,51.8460,89.8025
408.9920,241.5387,51.8460,89.8025
408.9920,241.5387,51.8460,89.8025
408.9920,241.5387,51.8460,89.8025
408.9920,241.5387,51.8460,89.8025
408.9920,241.5387,51.8460,89.8025
2
0
0
0
0
1
353.9223,186.7956,43.7255,95.5088
353.9223,186.7956,43.7255,95.5088
353.9223,186.7956,43.7255,95.5088
353.9223,186.7956,43.7255,95.5088
353.9223,186.7956,43.7255,95.5088
353.9223,186.7956,43.7255,95.5088
353.9223,186.7956,43.7255,95.5088
353.9223,186.7956,43.7255,95.5088
353.9223,186.7956,43.7255,95.5088
353.9223,186.7956,43.7255,95.5088
353.9223,186.7956,43.7255,95.5088
353.9223,186.7956,43.7255,95.5088
353.9223,186.7956,43.7255,95.5088
353.9223,186.7956,43.7255,95.5088
353.9223,186.7956,43.7255,95.5088
353.9223,186.7956,43.7255,95.5088
353.9223,186.7956,43.7255,95.5088
353.9223,186.7956,43.7255,95.5088
353.9223,186.7956,43.7255,95.5088
353.9223,186.7956,43.7255,95.5088
353.9223,186.7956,43.7255,95.5088
353.9223,186.7956,43.7255,95.5088
353.9223,186.7956,43.7255,95.5088
353.9223,186.7956,43.7255,95.5088
353.9223,186.7956,43.7255,95.5088
353.9223,186.7956,43.7255,95.5088
353.9223,186.7956,43.7255,95.5088
353.9223,186.7956,43.7255,95.5088
353.9223,186.7956,43.7255,95.5088
353.9223,186.7956,43.7255,95.5088
353.9223,186.7956,43.7255,95.5088
353.9223,186.7956,43.7255,95.5088
353.9223,186.7956,43.7255,95.5088
353.9223,186.7956,43.7255,95.5088
353.9223,186.7956,43.7255,95.5088
353.9223,186.7956,43.7255,95.5088
353.9223,186.7956,43.7255,95.5088
353.9223,186.7956,43.7255,95.5088
353.9223,186.7956,43.7255,95.5088
353.9223,186.7956,43.7255,95.5088
353.9223,186.7956,43.7255,95.5088
353.9223,186.7956,43.7255,95.5088
353.9223,186.7956,43.7255,95.5088
2
0
0
0
0
1
307.9026,183.3999,41.0349,104.8203
307.9026,183.3999,41.0349,104.8203
307.9026,183.3999,41.0349,104.8203
307.9026,183.3999,41.0349,104.8203
307.9026,183.3999,41.0349,104.8203
307.9026,183.3999,41.0349,104.8203
307.9026,183.3999,41.0349,104.8203
307.9026,183.3999,41.0349,104.8203
307.9026,183.3999,41.0349,104.8203
307.9026,183.3999,41.0349,104.8203
307.9026,183.3999,41.0349,104.8203
307.9026,183.3999,41.0349,104.8203
307.9026,183.3999,41.0349,104.8203
307.9026,183.3999,41.0349,104.8203
307.9026,183.3999,41.0349,104.8203
307.9026,183.3999,41.0349,104.8203
307.9026,183.3999,41.0349,104.8203
307.9026,183.3999,41.0349,104.8203
307.9026,183.3999,41.0349,104.8203
307.9026,183.3999,41.0349,104.8203
307.9026,183.3999,41.0349,104.8203
307.9026,183.3999,41.0349,104.8203
307.9026,183.3999,41.0349,104.8203
307.9026,183.3999,41.0349,104.8203
307.9026,183.3999,41.0349,104.8203
307.9026,183.3999,41.0349,104.8203
307.9026,183.3999,41.0349,104.8203
307.9026,183.3999,41.0349,104.8203
307.9026,183.3999,41.0349,104.8203
307.9026,183.3999,41.0349,104.8203
307.9026,183.3999,41.0349,104.8203
307.9026,183.3999,41.0349,104.8203
307.9026,183.3999,41.0349,104.8203
307.9026,183.3999,41.0349,104.8203
307.9026,183.3999,41.0349,104.8203
307.9026,183.3999,41.0349,104.8203
307.9026,183.3999,41.0349,104.8203
307.9026,183.3999,41.0349,104.8203
307.9026,183.3999,41.0349,104.8203
307.9026,183.3999,41.0349,104.8203
307.9026,183.3999,41.0349,104.8203
307.9026,183.3999,41.0349,104.8203
307.9026,183.3999,41.0349,104.8203
307.9026,183.3999,41.0349,104.8203
307.9026,183.3999,41.0349,104.8203
307.9026,183.3999,41.0349,104.8203
307.9026,183.3999,41.0349,104.8203
307.9026,183.3999,41.0349,104.8203
307.9026,183.3999,41.0349,104.8203
307.9026,183.3999,41.0349,104.8203
307.9026,183.3999,41.0349,104.8203
307.9026,183.3999,41.0349,104.8203
307.9026,183.3999,41.0349,104.8203
307.9026,183.3999,41.0349,104.8203
307.9026,183.3999,41.0349,104.8203
307.9026,183.3999,41.0349,104.8203
307.9026,183.3999,41.0349,104.8203
307.9026,183.3999,41.0349,104.8203
307.9026,183.3999,41.0349,104.8203
307.9026,183.3999,41.0349,104.8203
307.9026,183.3999,41.0349,104.8203
307.9026,183.3999,41.0349,104.8203
307.9026,183.3999,41.0349,104.8203
307.9026,183.3999,41.0349,104.8203
307.9026,183.3999,41.0349,104.8203
307.9026,183.3999,41.0349,104.8203
307.9026,183.3999,41.0349,104.8203
307.9026,183.3999,41.0349,104.8203
307.9026,183.3999,41.0349,104.8203
307.9026,183.3999,41.0349,104.8203
307.9026,183.3999,41.0349,104.8203
307.9026,183.3999,41.0349,104.8203
307.9026,183.3999,41.0349,104.8203
307.9026,183.3999,41.0349,104.8203
307.9026,183.3999,41.0349,104.8203
307.9026,183.3999,41.0349,104.8203
307.9026,183.3999,41.0349,104.8203
307.9026,183.3999,41.0349,104.8203
307.9026,183.3999,41.0349,104.8203
307.9026,183.3999,41.0349,104.8203
307.9026,183.3999,41.0349,104.8203
307.9026,183.3999,41.0349,104.8203
307.9026,183.3999,41.0349,104.8203
307.9026,183.3999,41.0349,104.8203
307.9026,183.3999,41.0349,104.8203
307.9026,183.3999,41.0349,104.8203
307.9026,183.3999,41.0349,104.8203
307.9026,183.3999,41.0349,104.8203
307.9026,183.3999,41.0349,104.8203
307.9026,183.3999,41.0349,104.8203
307.9026,183.3999,41.0349,104.8203
307.9026,183.3999,41.0349,104.8203
307.9026,183.3999,41.0349,104.8203
307.9026,183.3999,41.0349,104.8203
307.9026,183.3999,41.0349,104.8203
307.9026,183.3999,41.0349,104.8203
307.9026,183.3999,41.0349,104.8203
307.9026,183.3999,41.0349,104.8203
307.9026,183.3999,41.0349,104.8203
307.9026,183.3999,41.0349,104.8203
307.9026,183.3999,41.0349,104.8203
307.9026,183.3999,41.0349,104.8203
307.9026,183.3999,41.0349,104.8203
307.9026,183.3999,41.0349,104.8203
307.9026,183.3999,41.0349,104.8203
307.9026,183.3999,41.0349,104.8203
307.9026,183.3999,41.0349,104.8203
307.9026,183.3999,41.0349,104.8203
307.9026,183.3999,41.0349,104.8203
307.9026,183.3999,41.0349,104.8203
307.9026,183.3999,41.0349,104.8203
307.9026,183.3999,41.0349,104.8203
307.9026,183.3999,41.0349,104.8203
2
0
0
0
0
1
351.8777,213.9158,30.5246,111.4184
351.8777,213.9158,30.5246,111.4184
351.8777,213.9158,30.5246,111.4184
351.8777,213.9158,30.5246,111.4184
351.8777,213.9158,30.5246,111.4184
351.8777,213.9158,30.5246,111.4184
351.8777,213.9158,30.5246,111.4184
351.8777,213.9158,30.5246,111.4184
351.8777,213.9158,30.5246,111.4184
351.8777,213.9158,30.5246,111.4184
351.8777,213.9158,30.5246,111.4184
351.8777,213.9158,30.5246,111.4184
351.8777,213.9158,30.5246,111.4184
351.8777,213.9158,30.5246,111.4184
351.8777,213.9158,30.5246,111.4184
351.8777,213.9158,30.5246,111.4184
351.8777,213.9158,30.5246,111.4184
351.8777,213.9158,30.5246,111.4184
351.8777,213.9158,30.5246,111.4184
351.8777,213.9158,30.5246,111.4184
351.8777,213.9158,30.5246,111.4184
351.8777,213.9158,30.5246,111.4184
351.8777,213.9158,30.5246,111.4184
351.8777,213.9158,30.5246,111.4184
351.8777,213.9158,30.5246,111.4184
351.8777,213.9158,30.5246,111.4184
351.8777,213.9158,30.5246,111.4184
351.8777,213.9158,30.5246,111.4184
351.8777,213.9158,30.5246,111.4184
351.8777,213.9158,30.5246,111.4184
351.8777,213.9158,30.5246,111.4184
351.8777,213.9158,30.5246,111.4184
351.8777,213.9158,30.5246,111.4184
351.8777,213.9158,30.5246,111.4184
351.8777,213.9158,30.5246,111.4184
351.8777,213.9158,30.5246,111.4184
351.8777,213.9158,30.5246,111.4184
351.8777,213.9158,30.5246,111.4184
351.8777,213.9158,30.5246,111.4184
351.8777,213.9158,30.5246,111.4184
351.8777,213.9158,30.5246,111.4184
2