194.1298
0.0262
0.0292
0.0151
0.0202
0.0282
0.0313
0.0233
0.0252
0.0232
0.0223
0.0211
0.0253
0.0282
0.0293
0.0262
0.0131
0.0202
0.0262
0.0263
0.0202
0.0192
0.0262
0.0304
0.0272
0.0252
0.0260
0.0242
0.0283
0.0373
0.0263
0.0303
0.0274
0.0222
0.0293
0.0303
0.0242
0.0252
0.0303
0.0201
0.0303
0.0323
0.0243
0.0202
0.0262
0.0242
0.0192
0.0293
0.0192
0.0232
0.0222
0.0251
0.0333
0.0212
0.0221
0.0274
0.0252
0.0323
0.0222
0.0252
0.0222
0.0301
0.0262
0.0242
0.0303
0.0312
0.0262
0.0302
0.0242
0.0262
0.0212
0.0302
0.0212
0.0203
0.0293
0.0292
0.0272
0.0222
0.0293
0.0213
0.0262
0.0202
0.0223
0.0221
0.0252
0.0273
0.0293
0.0333
0.0303
0.0293
0.0263
0.0252
0.0272
0.0293
0.0283
0.0260
0.0260
0.0260
0.0280
0.0230
0.0340
0.0240
0.0280
0.0260
0.0250
0.0230
0.0320
0.0250
0.0220
0.0310
0.0240
0.0270
0.0270
0.0260
0.0290
0.0280
0.0290
0.0290
0.0260
0.0310
0.0290
0.0290
0.0260
0.0240
0.0280
0.0220
0.0260
0.0270
0.0230
0.0310
0.0270
0.0210
0.0220
0.0270
0.0240
0.0210
0.0210
0.0320
0.0280
0.0270