194.5233
0.0324
0.0300
0.0304
0.0291
0.0290
0.0331
0.0340
0.0331
0.0290
0.0323
0.0284
0.0364
0.0383
0.0328
0.0315
0.0352
0.0252
0.0257
0.0364
0.0234
0.0320
0.0340
0.0340
0.0454
0.0280
0.0340
0.0282
0.0392
0.0331
0.0352
0.0287
0.0311
0.0312
0.0290
0.0360
0.0320
0.0381
0.0326
0.0304
0.0329
0.0250
0.0323
0.0271
0.0280
0.0282
0.0309
0.0240
0.0304
0.0284
0.0360
0.0260
0.0279
0.0387
0.0290
0.0271
0.0270
0.0319
0.0300
0.0330
0.0247
0.0234
0.0290
0.0294
0.0344
0.0291
0.0285
0.0286
0.0313
0.0258
0.0293
0.0310
0.0319
0.0320
0.0309
0.0304
0.0283
0.0274
0.0351
0.0320
0.0280
0.0291
0.0300
0.0290
0.0340
0.0340
0.0306
0.0250
0.0279
0.0320
0.0352
0.0314
0.0264
0.0291
0.0269
0.0292
0.0290
0.0287
0.0360
0.0350
0.0301
0.0281
0.0314
0.0284
0.0304
0.0323
0.0330
0.0324
0.0311
0.0320
0.0361
0.0287
0.0302
0.0260
0.0301
0.0329
0.0333
0.0299
0.0323
0.0340
0.0273
0.0268
0.0342
0.0314
0.0380
0.0287
0.0424
0.0250
0.0273
0.0340
0.0317
0.0344
0.0323
0.0300
0.0300
0.0324
0.0317
0.0250
0.0257
0.0356
0.0270
0.0309
0.0328
0.0280
0.0390
0.0427
0.0364
0.0298
0.0320
0.0297
0.0383
0.0280
0.0270
0.0310
0.0293
0.0315
0.0330
0.0283
0.0283
0.0284
0.0334
0.0270
0.0327
0.0368
0.0310
0.0290
0.0380
0.0324
0.0397
0.0280
0.0350
0.0281
0.0287
0.0300
0.0325
0.0420
0.0250
0.0330
0.0311
0.0284
0.0384
0.0356
0.0337
0.0303
0.0281
0.0300
0.0290
0.0260
0.0328
0.0292
0.0282
0.0340
0.0361
0.0310
0.0307
0.0290
0.0314
0.0314
0.0280
0.0387
0.0281
0.0350
0.0320
0.0287
0.0294
0.0284
0.0303
0.0290
0.0284
0.0294
0.0300
0.0307
0.0280
0.0364
0.0294
0.0390
0.0278
0.0343
0.0340
0.0254
0.0320
0.0338
0.0342
0.0321
0.0340
0.0350
0.0300
0.0326
0.0314
0.0289
0.0293
0.0369
0.0319
0.0274
0.0287
0.0314
0.0268
0.0350
0.0325
0.0310
0.0300
0.0311
0.0340
0.0280
0.0330
0.0377
0.0350
0.0338
0.0323
0.0270
0.0394
0.0284
0.0310
0.0360
0.0300
0.0330
0.0324
0.0268
0.0289
0.0377
0.0297
0.0324
0.0274
0.0340
0.0354
0.0274
0.0324
0.0307
0.0350
0.0291
0.0340
0.0308
0.0290
0.0291
0.0303
0.0297
0.0334
0.0258
0.0370
0.0354
0.0284
0.0301
0.0294
0.0294
0.0264
0.0303
0.0380
0.0368
0.0310
0.0300
0.0302
0.0331
0.0340
0.0314
0.0284
0.0288
0.0330
0.0320
0.0250
0.0292
0.0305
0.0350
0.0290
0.0260
0.0311
0.0324
0.0303
0.0297
0.0320
0.0300
0.0293
0.0290
0.0351
0.0320
0.0363
0.0350
0.0314
0.0371
0.0323
0.0304
0.0300
0.0361
0.0340
0.0270
0.0320
0.0330
0.0348
0.0314
0.0287
0.0244
0.0264
0.0280
0.0310
0.0325
0.0280
0.0320
0.0292
0.0320
0.0254
0.0290
0.0290
0.0331
0.0254
0.0310
0.0332
0.0310
0.0270
0.0320
0.0283
0.0350
0.0344
0.0330
0.0260
0.0311
0.0240
0.0290
0.0291
0.0334
0.0317
0.0283
0.0260
0.0327
0.0280
0.0321
0.0340
0.0377