194.3892
0.0441
0.0478
0.0457
0.0438
0.0409
0.0471
0.0427
0.0424
0.0412
0.0413
0.0531
0.0561
0.0519
0.0493
0.0447
0.0370
0.0539
0.0470
0.0460
0.0405
0.0461
0.0506
0.0518
0.0448
0.0425
0.0466
0.0481
0.0428
0.0531
0.0520
0.0477
0.0451
0.0470
0.0422
0.0457
0.0460
0.0530
0.0375
0.0523
0.0430
0.0466
0.0399
0.0410
0.0490
0.0377
0.0490
0.0580
0.0511
0.0478
0.0459
0.0481
0.0403
0.0447
0.0491
0.0414
0.0511
0.0384
0.0520
0.0420
0.0530
0.0501
0.0446
0.0444
0.0460
0.0478
0.0404
0.0558
0.0396
0.0430
0.0538
0.0420
0.0510
0.0515
0.0512
0.0456
0.0480
0.0470
0.0470
0.0490
0.0450
0.0460
0.0470
0.0530
0.0420
0.0530
0.0510
0.0410
0.0440
0.0460
0.0510
0.0480
0.0440
0.0460
0.0420
0.0440
0.0460
0.0460
0.0400
0.0530
0.0500
0.0470
0.0400
0.0450
0.0500
0.0510
0.0480
0.0420
0.0460
0.0490
0.0460
0.0500
0.0440
0.0390
0.0400
0.0510
0.0450
0.0470
0.0520
0.0450
0.0520
0.0430
0.0540
0.0460
0.0410
0.0460
0.0480
0.0490
0.0470