389.3114
0.0395
0.0440
0.0431
0.0621
0.0341
0.0437
0.0431
0.0541
0.0460
0.0606
0.0380
0.0452
0.0410
0.0466
0.0430
0.0480
0.0407
0.0411
0.0527
0.0577
0.0497
0.0574
0.0421
0.0484
0.0422
0.0490
0.0390
0.0648
0.0417
0.0440
0.0379
0.0393
0.0472
0.0377
0.0408
0.0417
0.0431
0.0291
0.0616
0.0371
0.0500
0.0341
0.0393
0.0511
0.0477
0.0404
0.0394
0.0324
0.0410
0.0551
0.0454
0.0588
0.0430
0.0424
0.0330
0.0483
0.0447
0.0431
0.0423
0.0501
0.0580
0.0328
0.0397
0.0494
0.0491
0.0423
0.0420
0.0510
0.0421
0.0390
0.0531
0.0364
0.0432
0.0382
0.0360
0.0420
0.0563
0.0421
0.0402
0.0337
0.0403
0.0437
0.0357
0.0510
0.0438
0.0470
0.0401
0.0467
0.0434
0.0397
0.0291
0.0373
0.0347
0.0537
0.0399
0.0430
0.0521
0.0467
0.0401
0.0543
0.0448
0.0587
0.0289
0.0482
0.0409
0.0429
0.0374
0.0397
0.0526
0.0500
0.0451
0.0364
0.0390
0.0470
0.0490
0.0363
0.0326
0.0375
0.0400
0.0420
0.0491
0.0399
0.0467
0.0471
0.0446
0.0490
0.0440
0.0580
0.0398
0.0304
0.0360
0.0364
0.0367
0.0477
0.0443
0.0411
0.0444
0.0400
0.0471
0.0334
0.0377
0.0394
0.0441
0.0457
0.0431
0.0511
0.0420
0.0490
0.0457
0.0530
0.0383
0.0427
0.0436
0.0450
0.0407
0.0577
0.0378
0.0570
0.0424
0.0413
0.0430
0.0411
0.0590
0.0319
0.0460
0.0377
0.0387
0.0453
0.0451
0.0431
0.0609
0.0391
0.0541
0.0542
0.0354
0.0510
0.0341
0.0357
0.0410
0.0351
0.0567
0.0337
0.0457
0.0491
0.0440
0.0470
0.0388
0.0379
0.0440
0.0371
0.0470
0.0370
0.0404
0.0367
0.0379
0.0510
0.0390
0.0464
0.0377
0.0340
0.0480
0.0421
0.0440
0.0607
0.0347
0.0450
0.0381
0.0497
0.0304
0.0387
0.0617
0.0481
0.0430
0.0430
0.0519
0.0373
0.0411
0.0290
0.0571
0.0531
0.0424
0.0378
0.0400
0.0350
0.0410
0.0460
0.0461
0.0326
0.0520
0.0389
0.0580
0.0301
0.0663
0.0390
0.0357
0.0441
0.0372
0.0402
0.0420
0.0597
0.0454
0.0634
0.0280
0.0417
0.0320
0.0414
0.0397
0.0354
0.0460
0.0380
0.0310
0.0454
0.0433
0.0354
0.0377
0.0314
0.0347
0.0394
0.0411
0.0440
0.0486
0.0443
0.0378
0.0354
0.0362
0.0349
0.0473
0.0496
0.0339
0.0578
0.0349
0.0400
0.0502
0.0480
0.0487
0.0374
0.0514
0.0434
0.0370
0.0487
0.0434
0.0571
0.0450
0.0481
0.0410
0.0470
0.0481
0.0484
0.0360
0.0424
0.0567
0.0577
0.0404
0.0450
0.0481
0.0447
0.0547
0.0399
0.0471
0.0533
0.0400
0.0531
0.0351
0.0500
0.0294
0.0400
0.0410
0.0397
0.0543
0.0485
0.0427
0.0329
0.0517
0.0437
0.0407
0.0480
0.0455
0.0357
0.0387
0.0494
0.0539
0.0437
0.0440
0.0421
0.0431
0.0461
0.0544
0.0399
0.0454
0.0500
0.0607
0.0351
0.0596
0.0459
0.0440
0.0491
0.0395
0.0445
0.0321
0.0430
0.0523
0.0490
0.0461
0.0364
0.0487
0.0471
0.0574
0.0331
0.0387
0.0374
0.0421
0.0513
0.0462
0.0581
0.0411
0.0400
0.0464
0.0361
0.0414
0.0320
0.0567
0.0461
0.0378
0.0440
0.0279