174.5106
0.0680
0.0750
0.0690
0.0650
0.0700
0.0680
0.0700
0.0700
0.0660
0.0670
0.0630
0.0650
0.0630
0.0680
0.1300
0.1060
0.0760
0.0770
0.0730
0.0790
0.0810
0.0750
0.0720
0.0710
0.0720
0.0680
0.1040
0.0980
0.0800
0.0770
0.0730
0.0740
0.0770
0.0720
0.0740
0.0730
0.0710
0.0700
0.0790
0.0800
0.0740
0.0760
0.1020
0.1060
0.0950
0.0790
0.0760
0.0720
0.0710
0.0850
0.0760
0.0790
0.0780
0.0770
0.0980
0.0790
0.0790
0.0760
0.0730
0.0720
0.0730
0.0710
0.0810
0.0820
0.0760
0.0800
0.0780
0.0820
0.0720
0.0760
0.0770
0.0720
0.0730
0.0730
0.0770
0.1360
0.0900
0.0820
0.0770
0.0770
0.0750
0.0820
0.0770
0.0750
0.0710
0.0750
0.0810
0.0880
0.0920
0.0810
0.0780
0.0760
0.0760
0.0780
0.0730
0.0720
0.0720
0.0720
0.0760
0.0730
0.0780
0.0770
0.0830
0.1100
0.2160
0.0870
0.0850
0.0780
0.0750
0.0860
0.0850
0.0800
0.0740
0.0780
0.0770
0.0790
0.0720
0.0800
0.0760
0.0750
0.0740
0.0800
0.0820
0.0860
0.0760
0.0740
0.0760
0.0730
0.0770
0.0770
0.0800
0.0750
0.0780
0.0740
0.0970
0.1180
0.0750
0.0700
0.0710
0.0720
0.0740
0.1180
0.0840
0.0790
0.0770
0.0790
0.0690
0.0720
0.0730
0.0880
0.0730
0.0740
0.0730
0.0720
0.0740
0.0820
0.0770
0.0710
0.0710
0.0700
0.0740
0.0700
0.0740
0.0730
0.0690
0.0770
0.1490
0.1120
0.1050
0.0900
0.0730
0.1070
0.0760
0.0890
0.0750
0.0730
0.0740
0.0710
0.0720
0.0760
0.0820
0.0770
0.0730
0.0800
0.0830
0.0810
0.0890
0.0760
0.0780
0.0740
0.0810
0.0880
0.0820
0.0910
0.0820
0.0930
0.0950
0.0820
0.0860
0.0820
0.1030
0.0790
0.0770
0.0790
0.0760
0.0770
0.0850
0.0780
0.0750
0.0730
0.0770
0.0770
0.0780
0.0770
0.0870
0.0860
0.0860
0.0760
0.0740
0.0730
0.0690
0.0700
0.1120
0.1000
0.1040
0.1040
0.0840
0.0910
0.0800
0.0820
0.0840
0.0740
0.0720
0.0740
0.0750
0.0720
0.0720
0.0770
0.0760
0.0840
0.0780
0.0760
0.0730
0.0720
0.0710
0.0740
0.0730
0.0740
0.0680
0.0700
0.0710
0.0700
0.0730
0.0800
0.0850
0.0800
0.1800
0.1510
0.0700
0.0750
0.1010
0.0760
0.0770
0.0730
0.0760
0.0690
0.0710
0.0770
0.0720
0.0800
0.0720
0.0830
0.0830
0.0770
0.0700
0.0690
0.0700
0.0960
0.0720
0.0790
0.0740
0.0720
0.0860
0.0900
0.0920
0.0780
0.1710
0.1160
0.0760
0.0840
0.0890
0.0770
0.0770
0.0760
0.0750
0.0750
0.0790
0.0780
0.0730
0.0670
0.0730
0.0770
0.0710
0.0820
0.0840
0.0750
0.0730
0.0740
0.0750
0.0690
0.0710
0.0710
0.0730
0.0730
0.0730
0.0770
0.1600
0.1710
0.0740
0.0750
0.0790
0.0790
0.0890
0.0890
0.0740
0.0810
0.0800
0.0790
0.0790
0.0740
0.0740
0.0750
0.0800
0.0730
0.0750
0.0770
0.0750
0.0810
0.0720
0.0870
0.0750
0.0760
0.0760
0.0750
0.0760
0.0830
0.0750
0.2010
0.0900
0.0690
0.1130
0.1260
0.0840
0.0760
0.1920
0.0760
0.0740
0.0790
0.0800
0.0760
0.0820
0.0740
0.0770
0.0870
0.0830
0.0760
0.0790
0.0820
0.0720
0.0740
0.0700
0.0690
0.0710
0.0760
0.0860
0.0780
0.0730
0.0720
0.0700
0.0850
0.0790
0.0860
0.0950
0.0810
0.0730
0.0760
0.0810
0.0770
0.0780
0.0760
0.1330
0.1080
0.0760
0.0660
0.0690
0.0680
0.0710
0.0740
0.0710
0.0750
0.0730
0.0710
0.0720
0.0720
0.0780
0.0780
0.0760
0.0780
0.0690
0.0720
0.0730
0.0680
0.0770
0.0830
0.1080
0.0820
0.0740
0.0710
0.0710
0.0700
0.0710
0.0750
0.0950
0.0730
0.0700
0.0790
0.0880
0.0790
0.0780
0.0710
0.0710
0.0730
0.1420
0.0810
0.0980
0.0720
0.0730
0.0830
0.0770
0.0720
0.0700
0.0730
0.0710
0.0690
0.0740
0.1010
0.1240
0.0810
0.0820
0.0740
0.0780
0.0740
0.0820
0.0780
0.0750
0.0730
0.0720
0.0850
0.0790
0.0860
0.0760
0.0770
0.0770
0.0730
0.0700
0.0740
0.0740
0.0720
0.0690
0.0720
0.0720
0.0730
0.1160
0.0700
0.0790
0.1380
0.1510
0.0940
0.0800
0.1380
0.0740
0.0770
0.0770
0.0740
0.0790
0.0980
0.1500
0.0840
0.0770
0.0760
0.0830
0.0750
0.0720
0.0690
0.0720
0.0740
0.0770
0.0770
0.0920
0.0740
0.0770
0.0720
0.0720
0.0740
0.2110
0.0910
0.0750
0.0750
0.0720
0.0810
0.0950
0.0830
0.0820
0.0770
0.0820
0.0790
0.0830
0.0710
0.0740
0.0720
0.0670
0.0730
0.0880
0.0820
0.0710
0.0740
0.0750
0.0820
0.0750
0.0740
0.0750
0.0700
0.0720
0.0740
0.0780
0.1590
0.1000
0.0800
0.0790
0.0770
0.0720
0.0740
0.0700
0.0750
0.0750
0.0740
0.0760
0.0810
0.0740
0.0740
0.0780
0.1100
0.0910
0.0830
0.0800
0.0750
0.1000
0.0720
0.0740
0.0750
0.0780
0.0750
0.0740
0.0710
0.0730
0.0730
0.1960
0.1200
0.0840
0.0830
0.0810
0.0890
0.0900
0.0780
0.0800
0.0770
0.0870
0.0890
NaN
NaN
NaN
NaN
174.3756
0.0620
0.0650
0.0630
0.0640
0.0650
0.0600
0.0660
0.0650
0.0640
0.0650
0.0650
0.0580
0.0630
0.0610
0.0660
0.0760
0.1360
0.0820
0.0760
0.0690
0.0680
0.0750
0.0730
0.0690
0.0720
0.0870
0.0680
0.0670
0.0720
0.0740
0.0730
0.0720
0.0730
0.0710
0.0720
0.0740
0.0750
0.0710
0.0680
0.0680
0.0680
0.0960
0.0890
0.0740
0.0720
0.0690
0.0680
NaN
NaN
NaN
NaN
174.5086
0.0580
0.0570
0.0630
0.0600
0.0680
0.0780
0.0720
0.0660
0.0680
0.0700
0.0670
0.0660
0.0680
0.0690
0.0720
0.0780
0.0710
0.0600
0.0620
0.0640
0.0820
0.0810
0.0710
0.0720
0.0700
0.0730
0.0670
0.0690
0.0760
0.0700
0.0690
0.0650
0.0690
0.0710
0.0740
0.0800
0.0730
0.0730
0.0740
0.0730
0.0740
0.0730
0.0770
0.0700
0.0700
0.0700
0.0660
0.0730
0.0790
0.0820
0.1320
0.1020
0.0690
0.0690
0.0690
0.0720
0.0690
0.0670
0.0650
0.0680
0.0670
0.0740
0.1440
0.1030
0.0760
0.0720
0.0780
0.0740
0.0760
0.0800
0.0750
0.0700