1
712.0000,231.0000,22.0000,24.0000
712.0000,231.0000,22.0000,24.0000
712.0000,231.0000,22.0000,24.0000
712.0000,231.0000,22.0000,24.0000
712.0000,231.0000,22.0000,24.0000
712.0000,231.0000,22.0000,24.0000
712.0000,231.0000,22.0000,24.0000
712.0000,231.0000,22.0000,24.0000
712.0000,231.0000,22.0000,24.0000
712.0000,231.0000,22.0000,24.0000
712.0000,231.0000,22.0000,24.0000
712.0000,231.0000,22.0000,24.0000
712.0000,231.0000,22.0000,24.0000
712.0000,231.0000,22.0000,24.0000
712.0000,231.0000,22.0000,24.0000
712.0000,231.0000,22.0000,24.0000
712.0000,231.0000,22.0000,24.0000
712.0000,231.0000,22.0000,24.0000
712.0000,231.0000,22.0000,24.0000
712.0000,231.0000,22.0000,24.0000
712.0000,231.0000,22.0000,24.0000
712.0000,231.0000,22.0000,24.0000
712.0000,231.0000,22.0000,24.0000
712.0000,231.0000,22.0000,24.0000
712.0000,231.0000,22.0000,24.0000
712.0000,231.0000,22.0000,24.0000
712.0000,231.0000,22.0000,24.0000
712.0000,231.0000,22.0000,24.0000
712.0000,231.0000,22.0000,24.0000
712.0000,231.0000,22.0000,24.0000
712.0000,231.0000,22.0000,24.0000
712.0000,231.0000,22.0000,24.0000
712.0000,231.0000,22.0000,24.0000
2
0
0
0
0
1
662.0000,225.6667,27.3333,30.6667
662.0000,225.6667,27.3333,30.6667
662.0000,225.6667,27.3333,30.6667
662.0000,225.6667,27.3333,30.6667
662.0000,225.6667,27.3333,30.6667
2
0
0
0
0
1
657.8000,227.6000,26.2000,29.8000
657.8000,227.6000,26.2000,29.8000
657.8000,227.6000,26.2000,29.8000
2
0
0
0
0
1
707.2500,232.7500,26.0000,29.0000
707.2500,232.7500,26.0000,29.0000
707.2500,232.7500,26.0000,29.0000
707.2500,232.7500,26.0000,29.0000
707.2500,232.7500,26.0000,29.0000
707.2500,232.7500,26.0000,29.0000
707.2500,232.7500,26.0000,29.0000
707.2500,232.7500,26.0000,29.0000
707.2500,232.7500,26.0000,29.0000
707.2500,232.7500,26.0000,29.0000
707.2500,232.7500,26.0000,29.0000
2
0
0
0
0
1
728.1667,236.0000,26.6667,27.3333
728.1667,236.0000,26.6667,27.3333
728.1667,236.0000,26.6667,27.3333
728.1667,236.0000,26.6667,27.3333
728.1667,236.0000,26.6667,27.3333
728.1667,236.0000,26.6667,27.3333
728.1667,236.0000,26.6667,27.3333
728.1667,236.0000,26.6667,27.3333
728.1667,236.0000,26.6667,27.3333
2
0
0
0
0
1
668.0000,235.3333,30.3333,31.0000
668.0000,235.3333,30.3333,31.0000
668.0000,235.3333,30.3333,31.0000
668.0000,235.3333,30.3333,31.0000
668.0000,235.3333,30.3333,31.0000
668.0000,235.3333,30.3333,31.0000
668.0000,235.3333,30.3333,31.0000
668.0000,235.3333,30.3333,31.0000
668.0000,235.3333,30.3333,31.0000
668.0000,235.3333,30.3333,31.0000
668.0000,235.3333,30.3333,31.0000
668.0000,235.3333,30.3333,31.0000
668.0000,235.3333,30.3333,31.0000
2
0
0
0
0
1
720.6364,240.3636,26.8182,28.7273
720.6364,240.3636,26.8182,28.7273
720.6364,240.3636,26.8182,28.7273
720.6364,240.3636,26.8182,28.7273
720.6364,240.3636,26.8182,28.7273
720.6364,240.3636,26.8182,28.7273
720.6364,240.3636,26.8182,28.7273
720.6364,240.3636,26.8182,28.7273
720.6364,240.3636,26.8182,28.7273
720.6364,240.3636,26.8182,28.7273
720.6364,240.3636,26.8182,28.7273
720.6364,240.3636,26.8182,28.7273
720.6364,240.3636,26.8182,28.7273
720.6364,240.3636,26.8182,28.7273
720.6364,240.3636,26.8182,28.7273
720.6364,240.3636,26.8182,28.7273
720.6364,240.3636,26.8182,28.7273
720.6364,240.3636,26.8182,28.7273
720.6364,240.3636,26.8182,28.7273
720.6364,240.3636,26.8182,28.7273
720.6364,240.3636,26.8182,28.7273
720.6364,240.3636,26.8182,28.7273
720.6364,240.3636,26.8182,28.7273
720.6364,240.3636,26.8182,28.7273
720.6364,240.3636,26.8182,28.7273
720.6364,240.3636,26.8182,28.7273
2
0
0
0
0
1
656.0000,237.0000,29.0000,29.0000
656.0000,237.0000,29.0000,29.0000
656.0000,237.0000,29.0000,29.0000
656.0000,237.0000,29.0000,29.0000
656.0000,237.0000,29.0000,29.0000
656.0000,237.0000,29.0000,29.0000
656.0000,237.0000,29.0000,29.0000
2
0
0
0
0
1
715.5000,243.7500,25.2500,27.2500
715.5000,243.7500,25.2500,27.2500
715.5000,243.7500,25.2500,27.2500
715.5000,243.7500,25.2500,27.2500
715.5000,243.7500,25.2500,27.2500
715.5000,243.7500,25.2500,27.2500
715.5000,243.7500,25.2500,27.2500
2
0
0
0
0
1
749.0000,246.0000,29.0000,32.0000
749.0000,246.0000,29.0000,32.0000
749.0000,246.0000,29.0000,32.0000
749.0000,246.0000,29.0000,32.0000
749.0000,246.0000,29.0000,32.0000
749.0000,246.0000,29.0000,32.0000
749.0000,246.0000,29.0000,32.0000
749.0000,246.0000,29.0000,32.0000
749.0000,246.0000,29.0000,32.0000
749.0000,246.0000,29.0000,32.0000
749.0000,246.0000,29.0000,32.0000
749.0000,246.0000,29.0000,32.0000
2
0
0
0
0
1
688.2000,242.4000,31.2000,33.6000
688.2000,242.4000,31.2000,33.6000
688.2000,242.4000,31.2000,33.6000
688.2000,242.4000,31.2000,33.6000
2
0
0
0
0
1
670.0000,235.0000,34.0000,39.0000
670.0000,235.0000,34.0000,39.0000
670.0000,235.0000,34.0000,39.0000
670.0000,235.0000,34.0000,39.0000
670.0000,235.0000,34.0000,39.0000
670.0000,235.0000,34.0000,39.0000
670.0000,235.0000,34.0000,39.0000
2
0
0
0
0
1
716.0000,238.8000,31.6000,37.4000
716.0000,238.8000,31.6000,37.4000
716.0000,238.8000,31.6000,37.4000
716.0000,238.8000,31.6000,37.4000
716.0000,238.8000,31.6000,37.4000
716.0000,238.8000,31.6000,37.4000
716.0000,238.8000,31.6000,37.4000
716.0000,238.8000,31.6000,37.4000
716.0000,238.8000,31.6000,37.4000
716.0000,238.8000,31.6000,37.4000
716.0000,238.8000,31.6000,37.4000
716.0000,238.8000,31.6000,37.4000
716.0000,238.8000,31.6000,37.4000
716.0000,238.8000,31.6000,37.4000
716.0000,238.8000,31.6000,37.4000
716.0000,238.8000,31.6000,37.4000
716.0000,238.8000,31.6000,37.4000
716.0000,238.8000,31.6000,37.4000
716.0000,238.8000,31.6000,37.4000
716.0000,238.8000,31.6000,37.4000
716.0000,238.8000,31.6000,37.4000
716.0000,238.8000,31.6000,37.4000
716.0000,238.8000,31.6000,37.4000
2
0
0
0
0
1
659.2857,238.0000,31.8571,32.0000
659.2857,238.0000,31.8571,32.0000
659.2857,238.0000,31.8571,32.0000
659.2857,238.0000,31.8571,32.0000
659.2857,238.0000,31.8571,32.0000
659.2857,238.0000,31.8571,32.0000
659.2857,238.0000,31.8571,32.0000
659.2857,238.0000,31.8571,32.0000
659.2857,238.0000,31.8571,32.0000
659.2857,238.0000,31.8571,32.0000
659.2857,238.0000,31.8571,32.0000
659.2857,238.0000,31.8571,32.0000
659.2857,238.0000,31.8571,32.0000
659.2857,238.0000,31.8571,32.0000
659.2857,238.0000,31.8571,32.0000
659.2857,238.0000,31.8571,32.0000
659.2857,238.0000,31.8571,32.0000
659.2857,238.0000,31.8571,32.0000
659.2857,238.0000,31.8571,32.0000
659.2857,238.0000,31.8571,32.0000
659.2857,238.0000,31.8571,32.0000
659.2857,238.0000,31.8571,32.0000
659.2857,238.0000,31.8571,32.0000
659.2857,238.0000,31.8571,32.0000
659.2857,238.0000,31.8571,32.0000
659.2857,238.0000,31.8571,32.0000
659.2857,238.0000,31.8571,32.0000
659.2857,238.0000,31.8571,32.0000
659.2857,238.0000,31.8571,32.0000
659.2857,238.0000,31.8571,32.0000
659.2857,238.0000,31.8571,32.0000
659.2857,238.0000,31.8571,32.0000
659.2857,238.0000,31.8571,32.0000
659.2857,238.0000,31.8571,32.0000
659.2857,238.0000,31.8571,32.0000
659.2857,238.0000,31.8571,32.0000
659.2857,238.0000,31.8571,32.0000
659.2857,238.0000,31.8571,32.0000
659.2857,238.0000,31.8571,32.0000
659.2857,238.0000,31.8571,32.0000
659.2857,238.0000,31.8571,32.0000
659.2857,238.0000,31.8571,32.0000
659.2857,238.0000,31.8571,32.0000
659.2857,238.0000,31.8571,32.0000
659.2857,238.0000,31.8571,32.0000
659.2857,238.0000,31.8571,32.0000
2
0
0
0
0
1
691.7500,231.5000,30.0000,33.8750
691.7500,231.5000,30.0000,33.8750
691.7500,231.5000,30.0000,33.8750
691.7500,231.5000,30.0000,33.8750
691.7500,231.5000,30.0000,33.8750
691.7500,231.5000,30.0000,33.8750
691.7500,231.5000,30.0000,33.8750
691.7500,231.5000,30.0000,33.8750
691.7500,231.5000,30.0000,33.8750
691.7500,231.5000,30.0000,33.8750
691.7500,231.5000,30.0000,33.8750
691.7500,231.5000,30.0000,33.8750
691.7500,231.5000,30.0000,33.8750
691.7500,231.5000,30.0000,33.8750
691.7500,231.5000,30.0000,33.8750
691.7500,231.5000,30.0000,33.8750
691.7500,231.5000,30.0000,33.8750
691.7500,231.5000,30.0000,33.8750
691.7500,231.5000,30.0000,33.8750
691.7500,231.5000,30.0000,33.8750
691.7500,231.5000,30.0000,33.8750
691.7500,231.5000,30.0000,33.8750
691.7500,231.5000,30.0000,33.8750
691.7500,231.5000,30.0000,33.8750
691.7500,231.5000,30.0000,33.8750
691.7500,231.5000,30.0000,33.8750
691.7500,231.5000,30.0000,33.8750
691.7500,231.5000,30.0000,33.8750
691.7500,231.5000,30.0000,33.8750
691.7500,231.5000,30.0000,33.8750
691.7500,231.5000,30.0000,33.8750
691.7500,231.5000,30.0000,33.8750
691.7500,231.5000,30.0000,33.8750
691.7500,231.5000,30.0000,33.8750
691.7500,231.5000,30.0000,33.8750
691.7500,231.5000,30.0000,33.8750
691.7500,231.5000,30.0000,33.8750
691.7500,231.5000,30.0000,33.8750
691.7500,231.5000,30.0000,33.8750
691.7500,231.5000,30.0000,33.8750
691.7500,231.5000,30.0000,33.8750
691.7500,231.5000,30.0000,33.8750
691.7500,231.5000,30.0000,33.8750
691.7500,231.5000,30.0000,33.8750
691.7500,231.5000,30.0000,33.8750
691.7500,231.5000,30.0000,33.8750
691.7500,231.5000,30.0000,33.8750
691.7500,231.5000,30.0000,33.8750
691.7500,231.5000,30.0000,33.8750
691.7500,231.5000,30.0000,33.8750
691.7500,231.5000,30.0000,33.8750
691.7500,231.5000,30.0000,33.8750
2
0