1
699.9711,239.4851,32.0000,72.0000
694.5613,239.5603,37.0000,73.0000
693.8700,239.0389,32.0000,73.0000
690.9389,236.7934,30.0000,71.0000
686.8551,237.7582,31.0000,69.0000
688.2970,239.9162,26.0000,62.0000
684.2829,239.5225,27.0000,62.0000
683.4835,239.2266,25.0000,61.0000
682.8931,235.9128,24.0000,62.0000
681.8626,243.1735,23.0000,56.0000
680.2323,242.1888,23.0000,63.0000
677.1212,246.3679,23.0000,61.0000
674.5916,248.4152,22.0000,59.0000
670.7566,243.1951,22.0000,59.0000
663.7428,249.5687,22.0000,57.0000
659.6544,245.8887,22.0000,58.0000
655.7101,248.8158,22.0000,51.0000
650.0674,248.7822,26.0000,52.0000
650.0674,248.7822,26.0000,52.0000
642.1705,248.2230,25.0000,51.0000
639.7483,243.7619,24.0000,58.0000
631.6689,242.0472,31.0000,59.0000
629.7998,248.6771,28.0000,55.0000
625.5547,240.7184,33.0000,61.0000
625.5547,240.7184,33.0000,61.0000
625.5547,240.7184,33.0000,61.0000
625.5547,240.7184,33.0000,61.0000
610.0393,243.7555,29.0000,53.0000
601.4503,244.9371,40.0000,53.0000
601.4503,244.9371,40.0000,53.0000
601.4503,244.9371,40.0000,53.0000
601.4503,244.9371,40.0000,53.0000
601.4503,244.9371,40.0000,53.0000
601.4503,244.9371,40.0000,53.0000
601.4503,244.9371,40.0000,53.0000
601.4503,244.9371,40.0000,53.0000
601.4503,244.9371,40.0000,53.0000
601.4503,244.9371,40.0000,53.0000
601.4503,244.9371,40.0000,53.0000
601.4503,244.9371,40.0000,53.0000
2
0
0
0
0
1
554.4610,245.9344,20.0000,38.0000
549.0394,245.1489,26.0000,36.0000
547.5860,252.2217,25.0000,27.0000
545.7657,249.5940,25.0000,35.0000
541.4142,246.1542,27.0000,39.0000
540.8628,250.1761,24.0000,23.0000
541.5201,249.9632,23.0000,26.0000
542.8512,252.7224,22.0000,29.0000
538.3717,246.6907,26.0000,38.0000
540.3364,249.5116,18.0000,25.0000
536.7508,254.1074,22.0000,16.0000
537.7812,253.4392,20.0000,17.0000
536.5520,255.0135,23.0000,18.0000
538.8192,252.5635,17.0000,16.0000
537.8455,251.5373,16.0000,18.0000
537.4713,249.3987,16.0000,19.0000
538.4206,250.2903,13.0000,21.0000
537.2135,249.1069,14.0000,26.0000
535.4452,250.4023,15.0000,26.0000
534.2564,250.4351,15.0000,35.0000
533.6298,241.9265,16.0000,40.0000
533.1948,245.1187,14.0000,31.0000
531.1188,246.2157,18.0000,30.0000
533.6828,243.2983,14.0000,26.0000
531.7147,244.6732,18.0000,29.0000
534.4979,242.7573,15.0000,36.0000
530.7995,239.4680,20.0000,32.0000
534.3253,241.9056,15.0000,28.0000
535.3255,244.8685,14.0000,28.0000
532.9351,247.6505,18.0000,21.0000
533.5866,245.7111,18.0000,28.0000
536.3755,244.6494,15.0000,28.0000
536.9759,244.8761,16.0000,32.0000
540.9728,245.6067,13.0000,32.0000
541.5451,248.2625,17.0000,26.0000
544.9686,250.3000,15.0000,23.0000
543.1119,244.4779,20.0000,24.0000
551.1988,250.7714,14.0000,22.0000
548.2399,247.4227,21.0000,23.0000
553.8528,247.0078,16.0000,24.0000
553.1405,246.3175,20.0000,26.0000
556.8537,245.8278,20.0000,27.0000
557.5377,244.1627,21.0000,32.0000
565.5213,253.1329,17.0000,27.0000
564.3679,240.3794,21.0000,40.0000
567.4815,246.8086,18.0000,25.0000
572.3156,250.5464,15.0000,27.0000
574.3629,249.1632,16.0000,30.0000
575.9064,245.5137,17.0000,33.0000
579.4600,247.2500,17.0000,25.0000
576.6602,245.7794,23.0000,31.0000
583.9800,249.8093,16.0000,26.0000
583.9443,244.1502,18.0000,34.0000
584.6215,245.5332,21.0000,35.0000
590.1438,246.5727,17.0000,32.0000
592.9249,246.9696,18.0000,28.0000
590.1415,246.2589,21.0000,29.0000
590.1415,246.2589,21.0000,29.0000
590.1415,246.2589,21.0000,29.0000
601.3523,249.8357,15.0000,28.0000
601.4913,255.5209,17.0000,16.0000
597.5197,249.4234,18.0000,23.0000
606.7438,255.6318,10.0000,17.0000
602.9052,260.2622,16.0000,10.0000
602.5501,260.5247,18.0000,7.0000
609.8302,258.0969,8.0000,11.0000
608.1651,255.3658,10.0000,15.0000
604.3567,251.4428,13.0000,25.0000
599.9906,255.7915,13.0000,17.0000
594.2547,249.1161,12.0000,28.0000
589.0765,245.3126,14.0000,27.0000
585.9196,244.3059,14.0000,24.0000
581.4767,251.9344,11.0000,9.0000
577.5073,256.7132,15.0000,4.0000
569.2887,257.0366,15.0000,1.0000
562.2799,256.9067,17.0000,1.0000
553.1618,256.7806,17.0000,1.0000
2
0
0
0
0
1
491.8840,249.1649,21.0000,19.0000
486.0942,245.9279,15.0000,20.0000
477.7199,249.0391,13.0000,19.0000
470.7064,253.1639,8.0000,19.0000
467.4748,253.6265,1.0000,7.0000
2
0
0
0
0
1
357.9060,259.3823,20.0000,28.0000
348.5753,259.1822,11.0000,30.0000
2
0
0
0
0
1
196.9682,253.9460,17.0000,34.0000
186.7837,253.6080,10.0000,34.0000
2
0
0
0
0
1
87.3633,262.9818,21.0000,35.0000
92.1867,257.0068,11.0000,41.0000
90.2615,269.9368,10.0000,30.0000
92.4965,272.8306,5.0000,25.0000
92.4186,274.1655,6.0000,21.0000
92.3360,281.6349,8.0000,7.0000
96.9377,280.5480,3.0000,9.0000
98.1389,285.7921,1.0000,1.0000
98.1389,285.7921,1.0000,1.0000
98.1389,285.7921,1.0000,1.0000
98.4030,285.8079,1.0000,1.0000
2
0
0
0
0
1
92.8995,269.8587,46.0000,51.0000
100.8624,271.3946,43.0000,51.0000
103.9911,271.9133,48.0000,52.0000
113.0978,272.4083,45.0000,53.0000
118.6364,268.8934,47.0000,53.0000
126.4100,266.5631,49.0000,54.0000
138.5297,266.1416,45.0000,53.0000
148.0772,265.1145,46.0000,53.0000
160.4287,265.5365,45.0000,53.0000
170.9825,265.1529,42.0000,51.0000
184.3299,261.6993,36.0000,53.0000
189.6227,259.8606,39.0000,52.0000
198.6878,262.6632,37.0000,52.0000
205.3383,263.3064,36.0000,49.0000
211.1431,264.7320,34.0000,47.0000
220.5079,260.5959,31.0000,52.0000
229.2603,258.9127,30.0000,47.0000
240.7501,267.8892,25.0000,28.0000
247.1047,271.0518,26.0000,26.0000
255.6214,270.9925,22.0000,21.0000
261.4962,268.9212,22.0000,26.0000
268.3583,267.4362,23.0000,19.0000
274.4256,264.8861,22.0000,20.0000
282.1073,264.4586,22.0000,21.0000
291.4012,265.3166,17.0000,23.0000
298.6379,265.4197,18.0000,22.0000
307.7735,267.1531,16.0000,19.0000
312.2862,267.3087,19.0000,21.0000
323.5349,265.9607,15.0000,18.0000
329.4638,267.2298,16.0000,17.0000
337.7806,264.9787,14.0000,20.0000
344.1724,262.4235,14.0000,20.0000
346.1003,260.7891,21.0000,22.0000
356.4418,261.3490,21.0000,16.0000
360.4199,261.9185,25.0000,18.0000
369.3692,262.1927,26.0000,16.0000
376.2872,261.3133,26.0000,22.0000
390.1173,269.7448,25.0000,31.0000
389.8341,250.1895,21.0000,41.0000
395.2303,252.5659,21.0000,39.0000
406.2761,250.7848,18.0000,42.0000
414.2346,255.9228,18.0000,38.0000
425.8557,251.2715,14.0000,42.0000
425.8557,251.2715,14.0000,42.0000
425.8557,251.2715,14.0000,42.0000
2
0
0
0
0
1
481.3052,260.0049,23.0000,51.0000
485.7357,265.3377,21.0000,48.0000
486.3894,265.1347,24.0000,53.0000
484.6337,266.5989,30.0000,54.0000
488.5983,264.6932,28.0000,54.0000
489.5889,258.7098,28.0000,54.0000
487.7931,258.1704,32.0000,54.0000
489.8386,258.8323,29.0000,47.0000
486.4920,263.7303,32.0000,46.0000
487.7764,259.8265,32.0000,46.0000
487.7041,267.2371,29.0000,40.0000
483.7325,269.0759,38.0000,38.0000
486.2562,270.4179,36.0000,35.0000
485.6525,272.0048,39.0000,34.0000
480.2835,270.7908,48.0000,35.0000
482.7393,271.4098,39.0000,28.0000
473.5868,269.9741,46.0000,35.0000
467.9766,265.1741,43.0000,37.0000
456.3898,266.1563,36.0000,41.0000
440.2760,263.8386,37.0000,44.0000
423.4232,263.9551,37.0000,42.0000
407.8259,262.3105,38.0000,43.0000
393.2778,261.5582,38.0000,43.0000
381.0006,263.5981,36.0000,42.0000
366.2581,264.6708,39.0000,42.0000
350.7756,266.9341,40.0000,42.0000
337.8576,268.2804,40.0000,41.0000
324.1278,268.9870,40.0000,41.0000
313.0526,270.9669,39.0000,39.0000
304.9606,271.0909,34.0000,39.0000
296.1412,273.7767,35.0000,37.0000
283.5019,272.3499,39.0000,41.0000
279.7879,272.5722,33.0000,41.0000
279.7789,271.4838,28.0000,42.0000
275.6761,273.9746,28.0000,42.0000
268.7371,275.6098,28.0000,41.0000
262.7780,278.3388,28.0000,44.0000
257.7195,280.7630,27.0000,45.0000
245.0847,279.7607,40.0000,54.0000
229.7028,280.5633,53.0000,59.0000
254.4565,312.7123,65.0000,64.0000
249.1242,312.0005,76.0000,61.0000
232.2247,312.5477,83.0000,60.0000
221.7479,318.2150,74.0000,48.0000
213.1569,312.6492,64.0000,55.0000
213.1569,312.6492,64.0000,55.0000
213.1569,312.6492,64.0000,55.0000
2
0
0
0
0
1
182.6980,302.9183,31.0000,30.0000
182.6980,302.9183,31.0000,30.0000
208.6231,320.3407,18.0000,13.0000
208.6231,320.3407,18.0000,13.0000
212.9609,318.0781,8.0000,6.0000
208.9809,316.8221,2.0000,3.0000
2
0
0
0
0
1
234.6838,301.5482,42.0000,43.0000
241.7734,298.0962,33.0000,40.0000
244.7221,300.9443,38.0000,43.0000
243.2456,295.5041,45.0000,46.0000
251.4062,292.8843,40.0000,42.0000
257.2604,294.0979,36.0000,36.0000
274.2806,296.2599,27.0000,37.0000
272.3446,303.6370,35.0000,18.0000
272.8458,306.9255,49.0000,14.0000
271.4413,302.3969,58.0000,21.0000
280.2429,303.9338,48.0000,16.0000
293.4913,304.1794,45.0000,14.0000
299.7130,303.4913,42.0000,21.0000
303.5058,301.3795,38.0000,17.0000
313.9529,301.9232,33.0000,19.0000
325.6312,300.1866,31.0000,19.0000
333.5971,298.1621,31.0000,18.0000
344.1295,294.3726,29.0000,27.0000
341.8388,289.1474,36.0000,42.0000
341.8388,289.1474,36.0000,42.0000
341.8388,289.1474,36.0000,42.0000
341.8388,289.1474,36.0000,42.0000
341.8388,289.1474,36.0000,42.0000
341.8388,289.1474,36.0000,42.0000
341.8388,289.1474,36.0000,42.0000
341.8388,289.1474,36.0000,42.0000
341.8388,289.1474,36.0000,42.0000
341.8388,289.1474,36.0000,42.0000
341.8388,289.1474,36.0000,42.0000
341.8388,289.1474,36.0000,42.0000
341.8388,289.1474,36.0000,42.0000
341.8388,289.1474,36.0000,42.0000
341.8388,289.1474,36.0000,42.0000
2
0
0
0
0
1
390.1033,287.9951,15.0000,15.0000
391.7861,286.8490,15.0000,17.0000
390.3407,286.3842,17.0000,18.0000
390.7987,284.7793,18.0000,17.0000
389.8038,284.0863,20.0000,20.0000
390.6974,284.8924,20.0000,18.0000
393.3729,281.6073,15.0000,23.0000
392.5415,285.5185,21.0000,19.0000
391.1922,288.7923,27.0000,20.0000
395.0042,292.5410,31.0000,21.0000
395.0042,292.5410,31.0000,21.0000
395.0042,292.5410,31.0000,21.0000
395.0042,292.5410,31.0000,21.0000
395.0042,292.5410,31.0000,21.0000
395.0042,292.5410,31.0000,21.0000
395.0042,292.5410,31.0000,21.0000
395.0042,292.5410,31.0000,21.0000
2
0
0
0
0
1
352.6069,293.6400,23.0000,15.0000
344.8965,296.1120,29.0000,12.0000
342.8914,295.5363,18.0000,7.0000
335.2768,290.5535,18.0000,10.0000
2
0
0
0
0
1
248.2018,296.8948,23.0000,27.0000
248.3383,300.7132,23.0000,19.0000
233.6508,304.0179,15.0000,21.0000
223.7755,292.6989,20.0000,26.0000
217.2724,297.9583,19.0000,19.0000
204.2461,294.6151,30.0000,28.0000
193.7487,294.9967,31.0000,22.0000
178.4156,291.4442,40.0000,26.0000
174.4351,299.3948,28.0000,8.0000
162.1892,300.5536,27.0000,10.0000
154.6038,302.1628,25.0000,9.0000
161.7894,305.0404,16.0000,6.0000
151.6641,304.7996,19.0000,8.0000
153.0829,302.3153,25.0000,10.0000
146.9572,302.1816,24.0000,9.0000
145.3692,302.0607,26.0000,9.0000
142.0117,302.6470,27.0000,8.0000
140.1332,300.7578,32.0000,11.0000
142.9492,303.6136,28.0000,7.0000
141.3696,303.6096,38.0000,7.0000
143.3193,303.6359,33.0000,7.0000
145.8155,302.6533,24.0000,7.0000
145.8155,302.6533,24.0000,7.0000
136.0502,305.3630,17.0000,6.0000
140.6598,303.5813,16.0000,7.0000
144.7520,305.4958,9.0000,6.0000
143.5563,310.4654,9.0000,3.0000
144.1988,311.5337,4.0000,3.0000
141.8513,311.3381,3.0000,4.0000
140.4289,313.1876,2.0000,4.0000
139.8624,311.4503,3.0000,5.0000
138.7449,311.5993,5.0000,6.0000
140.5239,309.8512,4.0000,9.0000
2
0
0
0
0
1
142.0335,290.6106,17.0000,46.0000