174.5097
0.0670
0.0730
0.0640
0.0720
0.0740
0.0730
0.0740
0.0680
0.0650
0.0610
0.0630
0.0700
0.0680
0.1850
0.1010
0.0790
0.0790
0.0960
0.0840
0.0810
0.0940
0.0760
0.0740
0.0760
0.0790
0.0820
0.0800
0.0770
0.0790
0.0830
0.0830
0.0760
0.0750
0.0940
0.0790
0.0730
0.0800
0.0930
0.0790
0.0780
0.0850
NaN
NaN
NaN
NaN
174.5877
0.0900
0.0720
0.0810
0.0770
0.0680
0.0740
0.0770
0.0740
0.0680
0.0710
0.0750
0.0800
0.0870
0.1070
0.0920
0.0790
0.0750
0.0730
0.0800
0.0790
0.0930
0.0920
0.1050
0.0810
0.1030
0.0860
0.0850
0.0900
0.0860
0.0810
0.0860
0.0910
0.0810
0.0820
0.0850
0.1090
0.0870
0.0830
0.0840
0.0840
0.0860
0.1670
0.1170
0.0870
0.0900
0.0850
0.0890
0.0850
0.0810
0.0780
0.0860
0.0880
0.0950
0.0830
0.0890
0.0850
0.1230
0.0770
0.0790
0.0770
0.0750
0.0760
0.0800
0.1360
0.0840
0.0850
0.0860
0.0900
0.0790
0.1420
0.0880
0.0810
0.0770
0.0800
0.1220
0.0860
0.0840
0.0820
NaN
NaN
NaN
NaN
174.5977
0.0690
0.1100
0.0800
0.0800
0.0790
0.0700
NaN
NaN
NaN
NaN
174.4937
0.0630
0.0770
0.0710
NaN
NaN
NaN
NaN
174.4207
0.0690
0.0780
0.0700
NaN
NaN
NaN
NaN
174.4187
0.0770
0.0790
0.0690
0.0720
0.0800
0.0760
0.0720
0.0720
0.0870
0.0800
0.0780
0.0810
NaN
NaN
NaN
NaN
174.4787
0.0660
0.0770
0.0740
0.0780
0.0780
0.0810
0.0750
0.0780
0.0780
0.0760
0.0730
0.0890
0.0900
0.1200
0.0980
0.0820
0.0810
0.0850
0.0840
0.0770
0.0760
0.0740
0.0770
0.0790
0.0840
0.1000
0.0950
0.0840
0.0770
0.0830
0.0800
0.0850
0.0850
0.0960
0.0930
0.0930
0.0780
0.0750
0.0730
0.0800
0.0840
0.0810
0.1040
0.0950
0.0800
0.0820
NaN
NaN
NaN
NaN
174.6196
0.0650
0.0660
0.0700
0.0770
0.0870
0.0780
0.0820
0.0710
0.0760
0.0770
0.0780
0.0790
0.0780
0.0970
0.0870
0.0810
0.0930
0.0950
0.1020
0.0830
0.0770
0.0850
0.0860
0.0820
0.0990
0.0810
0.0800
0.0870
0.0790
0.0920
0.0810
0.0790
0.0720
0.0780
0.0860
0.0840
0.1100
0.0870
0.0830
0.0830
0.0910
0.0970
0.1580
0.0950
0.0900
0.0850
0.0860
0.0840
NaN
NaN
NaN
NaN
174.5406
0.0640
0.0780
0.0780
0.0780
0.0730
0.0870
0.0800
NaN
NaN
NaN
NaN
174.4457
0.0700
0.0820
0.0780
0.0780
0.0730
0.0810
0.0830
0.0770
0.0750
0.0800
0.0790
0.0790
0.0860
0.1150
0.0970
0.0850
0.0790
0.0820
0.0890
0.0790
0.0840
0.0800
0.1040
0.0860
0.1090
0.0880
0.0830
0.0870
0.0800
0.0880
0.0840
0.0830
0.0830
0.0820
NaN
NaN
NaN
NaN
174.4016
0.0710
0.0810
0.0760
0.0720
0.0750
0.0780
0.0710
0.0620
0.0640
0.0660
0.0660
0.0710
0.0930
0.1300
0.1020
0.1060
0.0910
0.0830
NaN
NaN
NaN
NaN
174.4686
0.0700
0.0780
0.0820
0.0840
0.0790
NaN
NaN
NaN
NaN
174.5016
0.0640
0.0820
0.0800
0.0820
0.0830
0.0800
0.0810
0.0790
0.0770
0.0810
0.0620
0.0660
0.0690
0.0950
0.0890
0.0900
0.0780
0.0740
0.0750
0.0740
0.0860
0.0990
0.1340
0.0870
0.0850
0.0870
0.0840
0.0960
0.0810
0.0880
0.0820
0.0810
0.0840
0.0880
NaN
NaN
NaN
NaN
174.5076
0.0740