1
283.5815,131.4339,78.0000,57.0000
283.1960,132.3743,80.0000,54.0000
284.2982,135.0980,82.0000,53.0000
285.7019,141.7432,82.0000,44.0000
284.3207,143.8303,87.0000,44.0000
286.4654,141.2696,85.0000,52.0000
291.0082,145.9029,81.0000,45.0000
292.1019,145.2562,84.0000,50.0000
295.8055,148.1292,81.0000,43.0000
297.6522,148.9097,84.0000,45.0000
300.8889,148.7085,82.0000,46.0000
303.8573,149.7328,83.0000,45.0000
307.9382,150.2037,81.0000,46.0000
309.7343,151.2996,82.0000,44.0000
315.1056,153.5030,79.0000,42.0000
317.9344,153.9924,81.0000,43.0000
324.6944,156.6915,74.0000,37.0000
327.4219,156.7582,77.0000,39.0000
330.7716,156.7689,75.0000,38.0000
332.5313,156.9208,80.0000,38.0000
340.9036,145.0416,90.0000,47.0000
342.2676,140.5499,100.0000,56.0000
343.3900,138.9136,104.0000,68.0000
356.1580,147.8491,95.0000,58.0000
360.0838,153.9805,102.0000,55.0000
362.1356,164.7710,97.0000,44.0000
362.8977,165.9805,93.0000,44.0000
369.7403,161.5800,101.0000,41.0000
369.2568,166.6908,99.0000,39.0000
377.5726,172.8550,95.0000,40.0000
361.0289,167.6341,112.0000,49.0000
336.9112,148.6289,117.0000,62.0000
336.9112,148.6289,117.0000,62.0000
336.9112,148.6289,117.0000,62.0000
336.9112,148.6289,117.0000,62.0000
336.9112,148.6289,117.0000,62.0000
336.9112,148.6289,117.0000,62.0000
336.9112,148.6289,117.0000,62.0000
336.9112,148.6289,117.0000,62.0000
336.9112,148.6289,117.0000,62.0000
336.9112,148.6289,117.0000,62.0000
336.9112,148.6289,117.0000,62.0000
336.9112,148.6289,117.0000,62.0000
336.9112,148.6289,117.0000,62.0000
336.9112,148.6289,117.0000,62.0000
336.9112,148.6289,117.0000,62.0000
336.9112,148.6289,117.0000,62.0000
336.9112,148.6289,117.0000,62.0000
336.9112,148.6289,117.0000,62.0000
336.9112,148.6289,117.0000,62.0000
336.9112,148.6289,117.0000,62.0000
336.9112,148.6289,117.0000,62.0000
336.9112,148.6289,117.0000,62.0000
336.9112,148.6289,117.0000,62.0000
382.3184,188.7325,84.0000,49.0000
382.8255,180.7133,78.0000,54.0000
388.2836,180.8402,69.0000,59.0000
388.3222,183.3780,69.0000,50.0000
382.8879,181.8531,75.0000,52.0000
378.2605,174.5555,80.0000,60.0000
377.2435,175.7946,77.0000,49.0000
371.8383,173.6761,83.0000,49.0000
368.4126,171.9449,83.0000,45.0000
369.7691,168.7216,76.0000,45.0000
364.4831,164.1951,80.0000,47.0000
365.6838,166.9682,74.0000,38.0000
367.8313,164.5276,68.0000,43.0000
367.5684,161.2760,63.0000,45.0000
371.6517,157.7851,56.0000,44.0000
373.4150,158.0728,48.0000,41.0000
375.6411,158.9928,39.0000,41.0000
375.6411,158.9928,39.0000,41.0000
375.6411,158.9928,39.0000,41.0000
375.6411,158.9928,39.0000,41.0000
375.6411,158.9928,39.0000,41.0000
375.6411,158.9928,39.0000,41.0000
375.6411,158.9928,39.0000,41.0000
375.6411,158.9928,39.0000,41.0000
375.6411,158.9928,39.0000,41.0000
375.6411,158.9928,39.0000,41.0000
375.6411,158.9928,39.0000,41.0000
375.6411,158.9928,39.0000,41.0000
2
0
0
0
0
1
341.6882,125.9605,25.0000,41.0000
340.5623,125.0217,26.0000,41.0000
340.9562,123.1094,25.0000,43.0000
339.7039,122.1221,26.0000,44.0000
339.6447,123.7216,25.0000,41.0000
338.8789,123.4163,25.0000,40.0000
338.5253,123.4014,25.0000,40.0000
338.1490,125.0222,25.0000,40.0000
337.2320,126.0020,25.0000,41.0000
337.6506,126.7040,24.0000,41.0000
337.1004,125.2788,24.0000,44.0000
336.8601,125.5796,23.0000,44.0000
335.5737,126.0107,23.0000,45.0000
335.1525,127.2424,23.0000,45.0000
335.0092,127.9866,22.0000,45.0000
334.4321,128.6684,22.0000,45.0000
333.6127,128.2197,23.0000,45.0000
332.8194,129.2944,23.0000,44.0000
332.3360,129.7595,23.0000,44.0000
332.6327,131.2132,24.0000,41.0000
330.7750,132.1016,27.0000,42.0000
330.2246,133.1077,27.0000,42.0000
330.4619,132.8684,25.0000,42.0000
330.0527,132.9394,24.0000,43.0000
331.3015,132.0555,22.0000,45.0000
331.6344,132.6641,21.0000,45.0000
331.4096,136.3852,21.0000,35.0000
330.1218,136.5867,22.0000,36.0000
330.5852,136.9623,22.0000,34.0000
328.9125,135.7976,24.0000,36.0000
329.5324,137.6941,23.0000,33.0000
329.5496,135.8409,24.0000,36.0000
329.3784,137.6989,24.0000,35.0000
329.4188,137.3285,24.0000,37.0000
330.1631,139.3926,23.0000,34.0000
328.6825,137.1891,26.0000,39.0000
325.6539,138.7991,31.0000,41.0000
325.5172,140.8789,32.0000,42.0000
321.5172,139.6487,38.0000,45.0000
330.0132,127.1316,42.0000,42.0000
325.3000,130.1521,46.0000,41.0000
324.4584,130.5795,51.0000,39.0000
324.0535,131.0309,54.0000,38.0000
325.2761,130.6127,54.0000,39.0000
327.1782,130.8726,51.0000,40.0000
323.7922,125.6940,60.0000,50.0000
323.7922,125.6940,60.0000,50.0000
323.7922,125.6940,60.0000,50.0000
323.7922,125.6940,60.0000,50.0000
323.7922,125.6940,60.0000,50.0000
322.1602,129.7473,65.0000,39.0000
316.7950,128.5620,75.0000,43.0000
313.2241,127.6993,83.0000,43.0000
302.1866,122.8894,97.0000,53.0000
302.1866,122.8894,97.0000,53.0000
302.1866,122.8894,97.0000,53.0000
302.1866,122.8894,97.0000,53.0000
302.1866,122.8894,97.0000,53.0000
302.1866,122.8894,97.0000,53.0000
302.1866,122.8894,97.0000,53.0000
302.1866,122.8894,97.0000,53.0000
302.1866,122.8894,97.0000,53.0000
302.1866,122.8894,97.0000,53.0000
302.1866,122.8894,97.0000,53.0000
302.1866,122.8894,97.0000,53.0000
302.1866,122.8894,97.0000,53.0000
302.1866,122.8894,97.0000,53.0000
302.1866,122.8894,97.0000,53.0000
302.1866,122.8894,97.0000,53.0000
302.1866,122.8894,97.0000,53.0000
302.1866,122.8894,97.0000,53.0000
302.1866,122.8894,97.0000,53.0000
302.1866,122.8894,97.0000,53.0000
302.1866,122.8894,97.0000,53.0000
302.1866,122.8894,97.0000,53.0000
302.1866,122.8894,97.0000,53.0000
302.1866,122.8894,97.0000,53.0000
302.1866,122.8894,97.0000,53.0000
302.1866,122.8894,97.0000,53.0000
302.1866,122.8894,97.0000,53.0000
302.1866,122.8894,97.0000,53.0000
302.1866,122.8894,97.0000,53.0000
302.1866,122.8894,97.0000,53.0000
302.1866,122.8894,97.0000,53.0000
302.1866,122.8894,97.0000,53.0000
302.1866,122.8894,97.0000,53.0000
302.1866,122.8894,97.0000,53.0000
302.1866,122.8894,97.0000,53.0000
302.1866,122.8894,97.0000,53.0000
302.1866,122.8894,97.0000,53.0000
302.1866,122.8894,97.0000,53.0000
302.1866,122.8894,97.0000,53.0000
302.1866,122.8894,97.0000,53.0000
302.1866,122.8894,97.0000,53.0000
302.1866,122.8894,97.0000,53.0000
302.1866,122.8894,97.0000,53.0000
302.1866,122.8894,97.0000,53.0000
302.1866,122.8894,97.0000,53.0000
302.1866,122.8894,97.0000,53.0000
302.1866,122.8894,97.0000,53.0000
302.1866,122.8894,97.0000,53.0000
302.1866,122.8894,97.0000,53.0000
302.1866,122.8894,97.0000,53.0000
302.1866,122.8894,97.0000,53.0000
302.1866,122.8894,97.0000,53.0000
302.1866,122.8894,97.0000,53.0000
302.1866,122.8894,97.0000,53.0000
302.1866,122.8894,97.0000,53.0000
302.1866,122.8894,97.0000,53.0000
2
0
0
0
0
1
396.7641,97.2049,79.0000,35.0000
399.1008,100.7793,76.0000,30.0000
398.3284,97.0452,77.0000,37.0000
407.9504,99.4054,70.0000,36.0000
398.8255,99.9483,74.0000,36.0000
395.7822,100.5957,79.0000,35.0000
402.0551,101.5162,82.0000,36.0000
404.4954,103.4925,87.0000,33.0000
402.8021,105.6041,93.0000,30.0000
399.5807,105.4787,100.0000,33.0000
400.6365,107.1634,98.0000,32.0000
406.2625,110.9728,85.0000,28.0000
400.7704,108.6464,102.0000,36.0000
413.3931,114.0350,86.0000,30.0000
411.8982,114.1898,79.0000,32.0000
415.4320,115.6398,76.0000,33.0000
416.6895,117.1326,74.0000,33.0000
417.5917,119.2063,72.0000,32.0000
418.2231,119.6692,72.0000,32.0000
421.8344,120.5765,70.0000,32.0000
422.1572,121.3751,72.0000,33.0000
426.0151,123.5671,70.0000,31.0000
426.8901,123.1849,70.0000,31.0000
430.9365,123.6966,67.0000,31.0000
434.2648,123.9073,63.0000,30.0000
435.4418,124.3946,65.0000,31.0000
437.8728,124.9216,65.0000,30.0000
438.5076,124.6637,68.0000,31.0000
438.0478,123.1863,66.0000,31.0000
436.5412,122.3516,68.0000,32.0000
438.0439,121.9795,64.0000,32.0000
436.7301,120.8283,65.0000,33.0000
437.5000,121.5162,65.0000,32.0000
436.4953,121.7643,66.0000,34.0000
440.6525,123.5838,62.0000,35.0000
442.1095,124.5980,62.0000,37.0000
442.9083,123.7697,60.0000,40.0000
445.1379,124.3707,54.0000,44.0000
448.9935,127.0177,48.0000,45.0000
450.9170,129.2001,47.0000,47.0000
452.1998,130.9706,44.0000,50.0000
453.1853,135.4099,41.0000,50.0000
451.7950,134.5412,39.0000,57.0000
451.9529,136.5237,35.0000,59.0000
446.8076,132.3380,42.0000,74.0000
458.2868,179.1812,45.0000,84.0000
455.9921,178.4937,47.0000,98.0000
457.2487,168.7532,41.0000,110.0000
453.6707,164.1689,40.0000,111.0000
441.1610,141.0506,40.0000,111.0000
442.2187,159.8258,40.0000,102.0000
437.5194,154.3803,43.0000,97.0000
435.5604,157.3659,43.0000,90.0000
435.9298,159.2690,39.0000,84.0000
434.0183,161.2170,39.0000,78.0000
429.3211,161.4906,42.0000,70.0000
425.5725,158.0927,48.0000,77.0000
424.3203,159.5393,48.0000,66.0000
419.8242,167.0177,52.0000,55.0000
413.3638,166.7166,60.0000,56.0000
411.1273,167.4653,62.0000,54.0000
408.5645,165.6930,66.0000,54.0000
404.8779,165.2074,70.0000,54.0000
403.6326,163.0476,70.0000,57.0000
402.0114,160.9784,71.0000,60.0000
399.6931,161.0625,71.0000,60.0000
395.8899,159.0267,73.0000,62.0000
394.2192,157.5974,73.0000,62.0000
394.6723,156.2705,70.0000,61.0000
397.8019,159.2665,65.0000,55.0000
394.2107,155.2612,70.0000,58.0000
395.9451,152.3467,71.0000,59.0000
395.9451,152.3467,71.0000,59.0000
395.9451,152.3467,71.0000,59.0000
395.9451,152.3467,71.0000,59.0000
395.9451,152.3467,71.0000,59.0000
395.9451,152.3467,71.0000,59.0000
395.9451,152.3467,71.0000,59.0000
395.9451,152.3467,71.0000,59.0000
395.9451,152.3467,71.0000,59.0000
395.9451,152.3467,71.0000,59.0000
395.9451,152.3467,71.0000,59.0000
395.9451,152.3467,71.0000,59.0000
395.9451,152.3467,71.0000,59.0000
395.9451,152.3467,71.0000,59.0000
395.9451,152.3467,71.0000,59.0000
395.9451,152.3467,71.0000,59.0000
395.9451,152.3467,71.0000,59.0000
395.9451,152.3467,71.0000,59.0000
395.9451,152.3467,71.0000,59.0000
395.9451,152.3467,71.0000,59.0000
395.9451,152.3467,71.0000,59.0000
395.9451,152.3467,71.0000,59.0000
395.9451,152.3467,71.0000,59.0000
395.9451,152.3467,71.0000,59.0000
395.9451,152.3467,71.0000,59.0000
395.9451,152.3467,71.0000,59.0000
395.9451,152.3467,71.0000,59.0000
395.9451,152.3467,71.0000,59.0000
395.9451,152.3467,71.0000,59.0000
395.9451,152.3467,71.0000,59.0000
395.9451,152.3467,71.0000,59.0000
395.9451,152.3467,71.0000,59.0000
347.7498,160.5576,62.0000,73.0000
347.7498,160.5576,62.0000,73.0000
341.7029,148.9951,77.0000,87.0000