173.4025
0.0550
0.0610
0.0500
0.0630
0.0550
0.0580
0.0560
0.0590
0.0600
0.0610
0.0590
0.0640
0.0630
0.0550
0.0660
0.1110
0.0860
0.0660
0.0590
0.0590
0.0640
0.0660
0.0700
0.0740
0.0720
0.0690
0.0780
0.0680
0.0680
0.0890
0.0700
0.0680
0.0730
0.0770
0.0740
0.0670
0.0690
0.0730
0.0760
0.0840
0.0820
0.0720
0.0750
0.0690
0.1950
0.1240
0.0790
0.0760
0.0670
0.0730
0.0720
0.0640
0.0720
0.0750
0.0690
0.0660
0.0760
0.0780
0.0760
0.0710
0.0650
0.0800
0.0830
0.0720
0.0730
0.0660
0.0670
0.0810
0.0670
0.0790
0.0830
0.0730
0.0720
0.1440
0.1180
0.0680
0.0700
0.0710
0.0730
0.0690
0.0730
0.0720
0.0680
0.0690
0.0680
0.0710
0.0660
0.0790
0.0730
0.0720
0.0940
0.0730
0.0820
0.0790
0.0760
0.0720
0.0840
0.0840
0.0800
0.0820
0.0670
0.0750
0.1830
0.1010
0.0720
0.0630
0.0650
0.0740
0.0700
0.0650
0.0700
0.0740
0.0620
0.0820
0.0720
0.0730
0.0880
0.0850
0.0800
0.0800
0.0830
0.0660
0.0880
0.0790
0.0760
0.0650
0.0730
0.0670
0.0650
0.0730
0.0810
0.1050
0.1010
0.0920
0.0660
0.0690
0.0790
NaN
NaN
NaN
NaN
175.2375
0.0570
0.1220
0.0670
0.0600
0.0650
0.0680
0.0560
0.0700
0.0680
0.0640
0.0640
0.0610
0.0800
0.0840
0.0820
0.0840
0.0760
0.0820
0.0680
0.0720
0.0620
0.0720
0.0700
0.0670
0.0690
0.0750
0.0890
0.0750
0.0850
0.0780
0.0840
0.0800
0.0900
0.0770
0.0740
0.0740
0.0820
0.1020
0.0850
0.0730
0.1190
0.1070
0.1610
0.0740
0.0800
0.0710
0.0710
0.0720
0.0830
0.1080
0.0750
0.0830
0.0860
0.0740
0.0730
0.0730
0.0740
0.0750
0.0760
0.1010
0.0820
0.0890
0.1040
0.0730
0.0830
0.0790
0.0710
0.0700
0.0680
0.1050
0.1270
0.0790
0.0660
0.0710
0.0830
0.0660
0.0670
0.0670
0.0710
0.0700
0.0690
0.0670
0.0620
0.0880
0.1250
0.0810
0.0740
0.0880
0.0760
0.0790
0.0710
0.0830
0.0730
0.0820
0.0700
0.0810
0.0780
0.1050
0.1050
0.0700
0.1030
0.0650
0.0800
0.0880
0.0780
0.0830
0.0730
0.0750
0.0800
0.0860
0.0700
0.0690
0.0740
0.0720
0.0830
0.0730
0.0710
0.0690
0.0680
0.0810
0.0760
0.0840
0.0990
0.0730
0.0850
0.0880
0.1480
0.0940
0.0700
0.0740
0.0770
0.0720
0.0710
0.0780
0.0810
0.0750
0.0700
0.0710
0.0820
0.0980
0.0740
0.0660
0.0660
0.0660
0.0770
0.0750
0.0740
0.0700
0.0740
0.0740
0.0710
0.0670
0.0720
0.0730
0.6340
0.0790
0.0820
0.0900
0.0720
0.0730
0.0750
0.0800
0.0710
0.0660
0.0750
0.0730
0.0700
0.0700
0.0720
0.0770
0.0790
0.1070
0.1070
0.0890
0.0730
0.2530
0.0720
0.1390
0.0660
0.0780
0.0870
0.0730
0.0650
0.0690
0.0700
0.0670
0.0700
0.0650
0.0780
0.0730
0.0660
0.0790
0.0890
0.1080
0.0750
0.1450
0.0860
0.1130
0.0710
0.0790
0.1190
0.1540
0.0910
0.0710
0.0660
0.0810
0.1290
0.0650
0.0680
0.0700
0.0800
0.0770
0.1090
0.0710
0.0760
0.0770
0.0700
0.0670
0.0770
0.0730
0.0660
0.0740
0.0660
0.0760
0.0760
0.0660
0.0800
0.0730
0.0780
0.2310
0.0870
0.0710
0.0750
0.1160
0.0790
0.0860
0.0880
0.0960
0.1520
0.0680
0.0930
0.0710
0.0850
0.0730
0.0890
0.0730
0.0830
0.1000
0.0760
0.0790
0.0780
0.0870
0.0790
0.0710
0.1900
0.1110
0.0730
0.0800
0.0750
0.0760
0.0700
0.0670
0.0750
0.0780
0.0850
0.0710
0.0700
0.0720
0.0700
0.0760
0.0810
0.0970
0.0840
0.0890
0.0730
0.0720
0.0750
0.0670
0.0760
0.0760
0.0840
0.0730
0.0760
0.0720
0.1250
0.0840
0.0860
0.1170
0.0960
0.0840
0.0730
0.1030
0.0720
0.0720
0.0760
0.0680
0.0750
0.0820
0.0790
0.0730
0.0740
0.0690
0.0680
0.0710
NaN
NaN
NaN
NaN
173.4465
0.0600
0.0570
0.0600
0.0660
0.0640
0.0650
0.0600
0.0580
0.0620
0.0620
0.0630
0.0630
0.0580
0.0600
0.0610
0.0710
0.1110
0.0930
0.0910
0.0600
0.0640
0.0670
0.0710
0.0700
0.0810
0.0690
0.0730
0.0690
0.0650
0.0810
0.0790
0.0790
0.0750
0.0640
0.0710
0.0640
0.0990
0.0800
0.0710
0.0750
0.0750
0.0750
0.0640
0.0690
0.0730
0.0760
0.0750
0.0660
0.0730
0.1530
0.0850
0.0750
0.1000
0.1020
0.0800
0.0880
0.1010
0.0730
0.0750
0.0680
0.0690
0.0720
0.0670
0.0650
0.0710
0.1000
0.0850
0.0760
0.0700
0.0680
0.0690
0.0670
0.0690
0.0750
0.0750
0.0690
0.0690
0.0630
0.0760
0.0670
0.0990
0.1040
0.0970
0.0770
0.0780
0.0940
0.0890
0.0690
0.0620
0.0960
0.0790
0.0850
0.0750
0.0720
0.0730
0.0740
0.0710
0.0660
0.0660
0.0780
0.0650
0.0670
0.0760
0.0730
0.0760
0.0800
0.0790
0.0670
0.0680
0.0730
0.0730
0.0670
0.0840
0.1460
0.0770
0.0800
0.0790
0.0630
0.0750
0.0640
0.0710
0.0760
0.0740
0.0690
0.0730
0.0750
0.0710
0.0720
0.0640
0.0890
0.0780
0.0700
0.0800
0.0660
0.0780
0.0690
0.0690
0.0700
0.0680
0.0700
0.0650
0.0690
0.0760
0.0800
0.0680
0.1100
0.1050
0.0740
0.0750
0.0680
0.0660
0.0720
0.0850
0.0820
0.0760
0.0800
0.0650
0.0730
0.0710
0.0750
0.0740
0.0610
0.0690
0.0730
0.0790
0.0730
0.0860
0.0740
0.0680
0.0760
0.0730
0.0900
0.0700
0.0680
0.0690
0.0780
0.0670
0.0840
0.1070
0.0780
0.0680
0.0680
0.0740
0.0720
0.0760
0.0740
0.0700
0.0690
0.0720
0.0680
0.0680
0.0710
0.0730
0.0730
0.0720
0.0830
0.0640
0.0770
0.0740
0.0690
0.0720
0.0720
0.0750
0.0810
0.0740
0.0740
0.0700
0.0690
0.0720
0.0780
0.1320
0.0780
0.0710
0.0730
0.0830
0.0860
0.0720
0.0670
0.0720
0.0690
0.0660
0.0650
0.0650
0.0680
0.0680
0.0710
0.0680
0.0830
0.0690
0.0810
0.0660
0.0760
0.0740
0.0710
0.0650
0.0740
0.0650
0.0850
0.0720
0.0600
0.0640
0.0690
0.0690
0.0990
0.0970
0.0760
0.0740
0.0800
0.0700
0.0700
0.0710
0.0670
0.0700
0.0650
0.0680
0.0670
0.0630
0.0760
0.0690
0.0950
0.0690
0.0600
0.0720
0.0690
0.0690
0.0670
0.0680
0.0630
0.0800
0.0760
0.0820
0.0650
0.0730
0.0710
0.0630
0.0700
0.0800
0.1010
0.1200
0.0790
0.0720
0.0760
0.0800
0.0720
0.0800
0.0680
0.0670
0.0700
0.0650
0.0700
0.0740
0.0640
0.0890
0.0700
0.0650
0.0700
0.0680
0.0770
0.0720
0.0630
0.0670
0.0680
0.0650
0.0670
0.0670
0.0950
0.0670
0.0720
0.0660
0.0670
0.1000
0.0950
0.0700
0.0750
0.0700
0.0680
0.0680
0.0730
0.0690
0.0670
0.0760
0.0710
0.0640
0.0790
0.0730
0.0640
0.0700
0.0860
0.0900
0.0730
0.0790
0.0720
0.0640
0.0740
0.0680
0.0660
0.0700
0.0680
0.0650
0.0700
0.0690
0.0710
0.0690
0.0900
0.1500
0.0750
0.0710
0.0710
0.0690
0.0710
0.0610
0.0590
0.0810
0.0620
0.0660
0.0810
0.0750
0.1010
0.0710
0.0780
0.0940
0.0930
0.0720
0.0710
0.0790
0.0680
0.0660
0.0750
0.0640
0.0950
0.1010
0.0680
0.0620
0.0960
0.1000
0.0830
0.0710
0.0770
0.0970
0.0760
0.0700
0.0680
0.0770
0.0670
0.0770
0.0800
0.0700
0.0700
0.0680
0.0670
0.0750
0.0670
0.0620
0.0690
0.0720
0.0620
0.0700
0.0730
0.0830
0.0680
0.0710
0.0700
0.1120
0.1040
0.0730
0.0650
0.0620
0.0650
0.0680
0.0730
0.0850
0.0790
0.0670
0.0900
0.0870
0.0610
0.0730
0.0700
0.0710
0.0690
0.0690
0.0720
0.0830
0.0670
0.0660
0.0810
0.0700
0.0700
0.0750
0.0730
0.0690
0.0680
0.0720
0.0780
0.0680
0.1090
0.1300
0.0850
0.0670
0.0720
0.0710
0.0610
0.0740
0.0740
0.0690
0.0660
0.0720
0.0720
0.0690
0.0770
0.0680
0.0760
0.0690
0.0680
0.0670
0.0780
0.0740
0.0720
0.0730
0.0640
0.0640
0.0710
0.0590
0.0880
0.0770
0.0760
0.0670
0.0650
0.0780
0.1010
0.0770
0.0620
0.0680
0.0690
0.0680
0.0680
0.0780
0.0780
0.0690
0.0780
0.0680
0.0720
0.0660
0.0760
0.0730
0.0690
0.0790
0.0710
0.0730
0.0730
0.0750
0.0780
0.0670
0.0710
0.0670
0.0610
0.0700
0.0670
0.0690
0.0680
0.0680
0.0670
0.0740
0.1330
0.1200
0.0670
0.0710
0.0720
0.0670
0.0720
0.0680
0.0590
0.0770
0.0650
0.0720
0.0680
0.0640
0.0680
0.0760
0.0630
0.0750
0.0670
0.0710
0.0730
0.0700
0.0680
0.0710
0.0770
0.0700
0.0630
0.0750
0.0750
0.0770
0.0830
0.0660
0.0690
0.1450
0.0990
0.0750
0.0660
0.0670
0.0680
0.0660
0.0750
0.0720
0.0820
0.0700
0.0750
0.0660
0.0720
0.0730
0.0700
0.0700
0.0700
0.0750
0.0650
0.0700
0.0660
0.0740
0.0800
0.0680
0.0840
0.0910
0.0770
0.0690
0.0680
0.0630
0.0690
0.0650
0.1430
0.1090
0.0760
0.0750
0.0900
0.0740
0.0720
0.0670
0.0680
0.0680
0.0660
0.0680
0.0660
0.0720
0.0620
0.0740
0.0720
0.0660
0.0710
0.0780
0.0640
0.0710
0.0670
0.0800
0.0720
0.0800
0.0700
0.0680
0.0750
0.0690
0.0650
0.0680
0.0610
0.0930
0.1630
0.1060
0.0690
0.0670
0.0730
0.0650
0.0700
0.0710
0.0690
0.0720
0.0670
0.0670
0.0670
0.0660
0.0710
0.0750
0.0710
0.0690
0.0680
0.0650
0.0870
0.0720
0.0660
0.0730
0.0680
0.0620
0.0750
0.0760
0.0680
0.0670
0.0970
0.0720
0.0830
0.0990
0.0810
0.0700
0.0730
0.0700
0.0670
0.0720
0.0710
0.0690
0.0690
0.0690
0.0650
0.0830
0.0770
0.0760
0.0720
0.0730
0.0710
0.0730
0.0730
0.0780
0.0690
0.0680
0.0940
0.0790
0.0660
0.0720
0.0940
0.0820
0.0690
0.0660
0.0730
0.0980
0.0860
0.0760
0.0760
0.0680
0.0650
0.0720
0.0700
0.0660
0.0690
0.0830
0.0860
0.0820
0.0770
0.0660
0.0730
0.0700
0.0680
0.0620
0.0720
0.0650
0.0690
0.0680
0.0640
0.0620
0.0800
0.0680
0.0770
0.0990
0.0710
0.0620
0.0720
0.0690
0.0680
0.1880
0.0830
0.0890
0.0700
0.0730
0.0710
0.0660
0.0930
0.0800
0.0800
0.0720
0.0690
0.0750
0.0700
0.0700
0.0700
0.0720
0.0640
0.0740
0.0740
0.0680
0.0720
0.0710
0.1130
0.0800
0.0740
0.0800
0.0690
0.0720
0.0790
0.0770
0.0880
0.1140
0.0760
0.0780
0.0930
0.0690
0.0800
0.0730
0.0880
0.0680
0.0720
0.0700
0.0770
0.0660
0.0720
0.0860
0.0750
0.0700
0.0670
0.0740
0.0680
0.0760
0.0720
0.0650
0.0920
0.0850
0.0690
0.0620
0.0670
0.0690
0.0720
0.0680
0.0720
0.0890
0.0980
0.0780
0.0700
0.0680
0.0700
0.0740
0.0770
0.0760
0.0660
0.0790
0.0690
0.0670
0.0720
0.0720
0.0720
0.0700
0.0620
0.0760
0.0700
0.0630
0.0650
0.0730
0.0630
0.0680
0.0760
0.0690
0.0620
0.0740
0.0690
0.0670
0.0670
0.0630
0.0620
0.0630
0.0970
0.0740
0.0650
0.0640
0.0600
0.0720
0.0670
0.0740
0.0930
0.0770
0.0680
0.0790
0.0750
0.0670
0.0710
NaN
NaN
NaN
NaN
173.3845
0.0520
0.0620
0.0660
0.0570
0.0720
0.0610
0.0560
0.0550
0.0630
0.0610
0.0610
0.0560
0.0660
0.0580
0.0650
0.0680
0.0960
0.1090
0.0690
0.0630
0.0670
0.0660
0.0670
0.0570
0.0770
0.0660
0.0660
0.0620
0.0670
0.0810
0.0620
0.0700
0.0630
0.0700
0.0670
0.0750
0.0670
0.0700
0.0730
0.0760
0.0730
0.0700
0.0680
0.0650
0.0880
0.0690
0.0730
0.0720
0.0640
0.0790
0.1030
0.0840
0.0760
0.0730
0.0680
0.0730
0.0670
0.0750
0.0630
0.0600
0.0780
0.0750
0.0720
0.0670
0.0730
0.0680
0.0740
0.0750
0.0690
0.0640
0.0700
0.0770
0.0620
0.0610
0.0660
0.0710
0.0660
0.0690
0.0670
0.0630
0.0720
0.0670
0.0730
0.0810
0.1160
0.0920
0.0720
0.0660
0.0770
0.0750
0.0710
0.0670
0.0740
0.0790
0.0730
0.0750
0.0700
0.1050
0.0930
0.1440
0.0760
0.0720
0.0730
0.0680
0.0760
0.0830
0.0740
0.0780
0.0690
0.0730
0.0620
0.0740
0.0750
0.0850
0.0710
0.2880
0.1450
0.0740
0.0700
0.0670
0.0730
0.0690
0.0650
0.0930
0.0660
0.0800
0.0770
NaN
NaN
NaN
NaN
173.6315
0.0590
0.0580
0.0570
0.0530
0.0650
0.0640
0.0590
0.0650
0.0630
0.0690
0.0540
0.0550
0.0710
0.0550
0.0580
0.1000
0.0860
0.0830
0.0630
0.0670
0.0650
0.0620
0.0760
0.0620
0.0690
0.0670
0.0630
0.0650
0.0680
0.0730
0.0710
0.0690
0.0660
0.0710
0.0690
0.0610
0.0630
0.0800
0.0670
0.0720
0.0640
0.0690
0.0720
0.0730
0.0680
0.0630
0.0740
0.0650
0.0700
0.0820
0.1340
0.0940
0.0860
0.0800
0.0670
0.0710
0.0660
0.0690
0.0750
0.0700
0.0730
0.0720
0.0660
0.0610
0.0570
0.0840
0.0720
0.0730
0.0630
0.0670
0.0670
0.0650
0.0660
0.0650
0.0780
0.0640
0.0770
0.0730
0.0660
0.0670
0.0620
0.0700
0.0700
0.0710
0.0770
0.0980
0.0690
0.0720
0.0700
0.0630
0.0600
0.0700
0.0790
0.0680
0.0650