174.5196
0.0520
0.0410
0.0410
0.0410
0.0420
0.0370
0.0600
0.0710
0.0560
0.0560
0.0530
0.0480
0.0530
0.0530
0.0500
0.0490
0.0530
0.0520
0.0610
0.0520
0.0530
0.0460
0.0470
0.0450
0.0690
0.0600
0.0570
0.0510
0.0500
0.0480
0.0540
0.0500
0.0530
0.0530
0.0530
0.0520
0.0510
0.0550
0.0520
0.0490
0.0540
0.0520
0.0570
0.0580
0.0580
0.0520
0.0510
0.0530
0.0490
0.0550
0.0570
0.0510
0.0560
0.0490
0.0530
0.0480
0.0470
0.0520
0.0470
0.0560
0.0520
0.1510
0.1500
0.0720
0.0760
0.0670
0.0500
0.0500
0.0500
0.0540
0.0500
0.0510
0.0560
NaN
NaN
NaN
NaN
174.5056
0.0450
0.0460
0.0430
0.0460
0.0440
0.0510
0.0480
0.0450
0.0480
0.0490
0.0410
0.0450
0.0410
0.0440
0.0480
0.0460
0.0550
0.0470
0.0470
0.0590
0.0680
0.0570
0.0610
0.0590
0.0620
0.0490
0.0480
0.0540
0.0530
0.0450
0.0470
0.0470
0.0470
0.0470
0.0480
0.0480
0.0450
0.0560
0.0490
0.0460
0.0470
0.0500
0.0480
0.0510
0.0480
0.0550
0.0460
0.0490
0.0780
0.0650
0.0580
0.0660
0.0680
0.0500
0.0500
0.0460
0.0500
0.0500
0.0500
0.0550
0.0570
0.0530
0.0630
0.1330
0.0700
0.0650
0.0560
0.0550
0.0530
0.0530
0.0610
0.0480
0.0510
0.0500
0.0560
0.0540
0.0550
0.0540
0.0510
0.0520
0.0500
0.0520
0.0570
0.0530
0.0530
0.0520
0.0540
0.0550
0.0530
0.0500
0.0500
0.0530
0.0530
0.0510
0.0500
0.0520
0.0490
0.0520
0.0560
0.0610
0.0620
0.0490
0.1720
0.0640
0.0510
0.0520
0.0500
0.0470
0.0560
0.0630
0.0600
0.0520
0.0580
0.0540
0.0590
0.0500
0.0510
0.0530
0.0540
0.0530
0.0580
0.0530
0.0520
0.0500
0.0470
0.0460
0.0500
0.0530
0.0610
0.0650
0.0520
0.0530
0.0580
0.0630
0.0570
0.0590
0.0540
0.0560
0.0580
0.0550
0.1290
0.0830
0.0520
0.0630
0.0530
0.0540
0.0530
0.0520
0.0520
0.0530
0.0510
0.0600
0.0580
0.0640
0.0610
0.0610
0.0570
0.0570
0.0560
0.0540
0.0520
0.0530
0.0570
0.0490
0.0530
0.0540
0.0540
0.0520
0.0530
0.0560
0.0600
0.0530
0.0570
0.0540
0.0540
0.0520
0.0550
0.0600
0.0530
0.0550
0.0520
NaN
NaN
NaN
NaN
174.5386
0.0430
0.0500
0.0480
0.0410
0.0470
0.0470
0.0380
0.0440
0.0410
0.0400
0.0420
0.0480
0.0610
0.0570
0.0450
0.0480
0.0500
NaN
NaN
NaN
NaN
174.4706
0.0410
0.0430
0.0500
0.0610
0.0510
0.0510
0.0590
0.0480
0.0470
NaN
NaN
NaN
NaN
174.5076
0.0460
0.0450
0.0480
0.0500
0.0700
0.0450
0.0490
0.0510
0.0490
0.0450
0.0470
0.0510
0.0490
0.0520
0.0500
0.0480
0.0460
0.0500
0.0520
0.0650
0.0560
0.0540
0.0490
0.0460
0.0440
0.1030
0.0710
0.0610
0.0510
0.0480
0.0510
0.0510
0.0510
0.0500
0.0470
0.0470
0.0620
0.0710
0.0660
0.0640
0.0610
0.0530
0.0580
0.0550
0.0700
0.0570
0.0630
0.0540
0.0550
0.0560
0.0570
0.0550
0.0650
0.0600
0.0570
0.0520
0.0530
0.0540
0.0560
0.0560
0.0580
0.0650
0.0570
0.0900
0.0770
0.0680
0.0550
0.0600
0.0640
0.0690
0.0570
0.0500
0.0460
0.0480
0.0470
0.0510
0.0510
NaN
NaN
NaN
NaN
174.6776
0.0480
0.0490
0.0490
0.0550
0.0470
0.0520
0.0490
0.0510
0.0480
0.0480
0.0480
0.0460
0.0420
0.0430
0.0390
0.0420
0.0420
0.0380
0.0490
0.0800
0.0880
0.0610
0.0640
0.0690
0.0480
0.0520
0.0510
0.0510
0.0580
0.0560
0.0520
0.0520
0.0520
0.0510
0.0510
0.0520
0.0530
0.0550
0.0580
0.0550
0.0530
0.0540
0.0530
0.0500
0.0520
0.0540
0.0550
0.0520
0.0520
0.0540
0.0500
0.0540
0.0560
0.0510
0.0510
0.0520
0.0610
0.0530
0.0560
0.0540
0.0530
0.0520
0.0540
0.0560
0.0530
0.0570
0.0840
0.0580
0.0780
0.0550
0.0560
0.0500
0.0500
0.0530
0.0630
0.0540
0.0540
0.0540
0.0540
0.0570
0.0510
0.0520
0.0700
0.0520
0.0490
0.0560
0.0560
0.0500
0.0530
0.0500
0.0470
0.0460
0.0470
0.0490
0.0820
0.0660
0.0550
0.0600
0.0550
0.0510
0.0490
0.0490
0.0700
0.0540
0.0590
0.0580
0.0530
0.0520
0.0500
0.0490
0.0700
0.0780
0.0610
0.0550
0.0510
0.0490
0.0530
0.0490
0.0600
0.0610
0.0530
0.0530
0.0530
0.0520
0.0530
0.0510
0.0530
0.0550
0.0530
0.0530
0.0540
0.0530
0.0490
0.0520
0.0520
0.0630
0.0540
0.0680
0.0530
0.0520
0.0540
0.0540
0.0580
0.0560
0.0540
0.0560
0.0550
0.0550
0.0550
0.0550
0.0480
0.0460
0.0470
0.0460
0.0490
0.0490
0.1840
0.0540
0.0630
0.0800
0.0740
0.0660
0.0510
0.0550
0.0500
0.0580
0.0540
0.0480
0.0520
0.0520
0.0510
0.0560
0.0580
0.0580
0.0500
0.0530
0.0530
0.0540
0.0510
0.0550
0.0560
0.0550
0.0530
0.0520
0.0550
0.0520
0.0520
0.0530
0.0520
0.0530
0.0850
0.0620
0.0690
0.0600
0.0550
0.0540
0.0520
0.1440
0.0930
0.0650
0.0570
0.0570
0.0570
0.0520
0.0520
0.0570
0.0520
0.0550
0.0650
0.0700
0.0580
0.0640
0.0640
0.0580
0.0520
0.0560
0.0520
0.0600
0.0530
0.0510
0.0540
0.0500
0.0540
0.0560
0.0780
0.0660
0.0580
0.0530
0.0550
0.0510
0.0570
0.0630
0.0580
0.0590
0.0620
0.0610
0.0600
0.0510
0.2320
0.0670
0.0530
0.0670
0.0540
0.0480
0.0510
0.0480
0.0480
0.0520
0.0840
0.0930
0.0690
0.0520
0.0560
0.0540
0.0610
0.0550
0.0590
0.0530
0.0500
0.0550
0.0580
0.0540
0.0530
0.0520
0.0660
0.0570
0.0550
0.0520
0.0550
0.0580
0.0560
NaN
NaN
NaN
NaN
174.5606
0.0420
0.0410