390.1347
0.0581
0.0574
0.0550
0.0644
0.0594
0.0727
0.0577
0.0694
0.0758
0.0534
0.0621
0.0571
0.0504
0.0598
0.0520
0.0598
0.0610
0.0573
0.0777
0.0597
0.0494
0.0608
0.0630
0.0721
0.0659
0.0800
0.0720
0.0649
0.0640
0.0741
0.0528
0.0814
0.0610
0.0487
0.0634
0.0681
0.0508
0.0594
0.0600
0.0704
0.0500
0.0705
0.0628
0.0754
0.0644
0.0687
0.0747
0.0551
0.0579
0.0642
0.0648
0.0761
0.0761
0.0498
0.0600
0.0644
0.0758
0.0650
0.0761
0.0577
0.0700
0.0730
0.0531
0.0630
0.0689
0.0561
0.0507
0.0561
0.0591
0.0511
0.0597
0.0610
0.0697
0.0588
0.0660
0.0608
0.0580
0.0500
0.0491
0.0507
0.0507
0.0649
0.0620
0.0550
0.0587
0.0597
0.0690
0.0659
0.0643
0.0530
0.0580
0.0572
0.0737
0.0705
0.0710
0.0661
0.0632
0.0627
0.0577
0.0679
0.0654
0.0548
0.0500
0.0597
0.0577
0.0800
0.0733
0.0497
0.0597
0.0570
0.0651
0.0624
0.0643
0.0620
0.0732
0.0749
0.0590
0.0652
0.0670
0.0564
0.0584
0.0491
0.0517
0.0616
0.0560
0.0526
0.0752
0.0507
0.0567
0.0534
0.0541
0.0790
0.0571
0.0641
0.0717
0.0522
0.0590
0.0597
0.0514
0.0490
0.0722
0.0624
0.0571
0.0647
0.0444
0.0766