195.1681
0.0541
0.0551
0.0551
0.0560
0.0501
0.0503
0.0575
0.0581
0.0470
0.0528
0.0520
0.0620
0.0611
0.0550
0.0620
0.0650
0.0590
0.0630
0.0520
0.0530
0.0650
0.0600
0.0556
0.0560
0.0494
0.0515
0.0550
0.0524
0.0581
0.0461
0.0654
0.0810
0.0800
0.0690
0.0580
0.0557
0.0580
0.0554
0.0501
0.0558
0.0492
0.0586
0.0536
0.0550
0.0510
0.0490
0.0541
0.0571
0.0540
0.0471
0.0519
0.0482
0.0561
0.0570
0.0497
0.0420
0.0637
0.0490
0.0579
0.0420
0.0439
0.0470
0.0501
0.0607
0.0481
0.0487
0.0507
0.0440
0.0454
0.0587
0.0604
0.0575
0.0522
0.0567
0.0564
0.0533
0.0588
0.0668
0.0662
0.0499
0.0417
0.0481
0.0500
0.0552
0.0528
0.0452
0.0537
0.0521
0.0467
0.0558
0.0584
0.0511
0.0593
0.0576
0.0538
0.0480
0.0541
0.0547
0.0500
0.0494
0.0494
0.0621
0.0460
0.0430
0.0494
0.0461
0.0547
0.0461
0.0480
0.0494
0.0407
0.0471
0.0508
0.0510
0.0568
0.0517
0.0587
0.0520
0.0510
0.0570
0.0603
0.0646
0.0552
0.0531
0.0494
0.0497
0.0505
0.0517
0.0430
0.0483
0.0422
0.0483
0.0560
0.0440
0.0434
0.0627
0.0460