1
337.8923,173.8716,26.0000,25.0000
334.7354,167.5575,32.0000,37.0000
336.6836,173.5743,22.0000,25.0000
340.8222,170.9143,19.0000,35.0000
334.2487,173.9261,26.0000,25.0000
333.2559,172.5871,24.0000,25.0000
332.0396,168.2431,28.0000,34.0000
335.2756,170.2076,22.0000,26.0000
335.7020,173.1718,17.0000,29.0000
332.1222,169.4948,22.0000,34.0000
333.1963,171.7060,18.0000,28.0000
330.1016,170.9890,25.0000,29.0000
326.4353,174.4524,29.0000,26.0000
330.9070,177.3398,21.0000,26.0000
330.8993,170.8509,19.0000,38.0000
331.0988,172.9098,19.0000,33.0000
327.2323,171.2568,26.0000,33.0000
328.1751,174.5166,24.0000,26.0000
323.6198,167.9292,31.0000,35.0000
323.1333,173.1905,35.0000,28.0000
322.9851,171.8399,34.0000,28.0000
320.2013,169.1005,38.0000,30.0000
318.1357,163.5175,49.0000,35.0000
323.1176,159.0002,44.0000,43.0000
329.5325,162.8781,28.0000,34.0000
330.6936,168.5691,22.0000,29.0000
330.3410,166.1516,23.0000,31.0000
327.6370,165.1042,26.0000,28.0000
326.6201,165.4951,28.0000,28.0000
328.6005,165.0048,25.0000,29.0000
325.7110,164.5721,31.0000,33.0000
331.1476,163.4302,25.0000,23.0000
332.7635,162.1639,23.0000,26.0000
330.9932,155.1067,29.0000,39.0000
331.7150,163.6947,25.0000,25.0000
333.4492,162.1195,21.0000,31.0000
337.7924,168.9854,14.0000,18.0000
336.1288,162.6604,18.0000,29.0000
334.1836,161.5104,24.0000,29.0000
332.5085,161.3409,26.0000,31.0000
334.6212,161.9134,23.0000,31.0000
335.2149,159.3381,20.0000,36.0000
336.6801,161.4741,17.0000,30.0000
335.2036,157.2356,21.0000,31.0000
336.2883,160.4402,18.0000,24.0000
331.9622,155.5868,25.0000,33.0000
334.3697,163.6680,20.0000,27.0000
334.9042,164.3431,21.0000,28.0000
339.2279,162.4060,15.0000,26.0000
337.1170,155.2878,19.0000,37.0000
336.2670,162.2737,19.0000,31.0000
339.9163,161.3915,15.0000,33.0000
339.6759,153.7152,18.0000,40.0000
343.5417,141.2772,15.0000,30.0000
339.5783,129.5286,21.0000,40.0000
334.2115,119.5341,29.0000,53.0000
327.1856,109.3026,40.0000,57.0000
318.2574,101.2039,56.0000,70.0000
310.1595,95.1677,78.0000,77.0000
345.2397,105.4092,59.0000,60.0000
339.1339,111.4968,80.0000,47.0000
331.5069,97.8868,110.0000,57.0000
327.9695,83.2559,151.0000,67.0000
2
0
0
0
0
1
317.8116,149.6752,31.0000,74.0000
313.4151,152.5638,38.0000,68.0000
314.3866,149.9756,35.0000,70.0000
318.9541,148.8045,26.0000,72.0000
321.5707,144.0968,34.0000,65.0000
323.1779,125.4194,32.0000,70.0000
323.1779,125.4194,32.0000,70.0000
316.3029,146.0820,38.0000,68.0000
313.1952,145.3176,39.0000,75.0000
314.2718,142.9922,37.0000,87.0000
314.3756,145.2827,39.0000,85.0000
327.3429,102.8956,46.0000,87.0000
316.3841,102.9274,63.0000,85.0000
297.9647,103.5898,81.0000,78.0000
294.2387,104.6987,95.0000,76.0000
276.2377,108.1822,103.0000,62.0000
257.5160,113.9454,103.0000,42.0000
2
0
0
0
0
1
332.6114,151.2698,31.0000,61.0000
326.7479,148.1538,34.0000,55.0000
329.2790,148.7099,32.0000,53.0000
332.2042,152.2043,35.0000,49.0000
332.0454,151.2422,36.0000,45.0000
332.3876,145.2651,35.0000,60.0000
333.2065,143.0788,31.0000,61.0000
336.1019,144.5095,27.0000,55.0000
338.8129,150.9539,27.0000,50.0000
341.7110,148.5508,24.0000,52.0000
339.5544,149.2968,28.0000,54.0000
338.3172,144.5339,29.0000,57.0000
338.9350,147.7613,25.0000,59.0000
336.0514,144.9934,32.0000,57.0000
337.2743,146.5951,33.0000,53.0000
337.9469,143.5424,37.0000,56.0000
341.3115,142.1381,31.0000,68.0000
345.2601,144.4497,26.0000,62.0000
347.6813,140.8375,27.0000,62.0000
348.4627,141.7730,33.0000,72.0000
349.0208,149.9760,42.0000,61.0000
351.6734,146.2049,40.0000,59.0000
349.1762,152.7258,44.0000,57.0000
347.8354,149.2505,47.0000,61.0000
341.8819,143.6227,63.0000,69.0000
355.6757,135.9738,56.0000,62.0000
354.2700,142.1748,52.0000,66.0000
357.8725,141.8639,47.0000,72.0000
325.3791,113.0560,55.0000,74.0000
2
0
0
0
0
1
366.1390,154.9469,30.0000,60.0000
369.9381,169.2602,33.0000,46.0000
366.8140,176.8690,30.0000,50.0000
375.9271,170.0249,24.0000,42.0000
376.7152,175.1642,28.0000,27.0000
379.4066,179.8594,28.0000,20.0000
380.1310,181.2795,21.0000,21.0000
375.2814,176.4097,29.0000,29.0000
378.1270,168.2131,38.0000,32.0000
370.8481,164.1232,47.0000,40.0000
377.3156,170.5243,38.0000,45.0000
384.3006,177.0740,28.0000,33.0000
387.9975,162.8495,26.0000,44.0000
384.3182,178.1097,34.0000,55.0000
382.6685,174.6411,41.0000,45.0000
379.4688,167.2248,47.0000,36.0000
380.6868,177.7856,52.0000,33.0000
383.4978,197.1048,51.0000,18.0000
411.0946,195.5390,33.0000,7.0000
413.0143,192.3432,25.0000,13.0000
410.1301,188.3143,23.0000,19.0000
409.2655,180.5351,24.0000,29.0000
408.1752,167.0570,30.0000,42.0000
391.2231,141.1029,38.0000,51.0000
407.4984,179.2853,27.0000,41.0000
410.7508,177.4712,18.0000,32.0000
413.9248,169.8997,19.0000,48.0000
416.9941,174.3167,15.0000,36.0000
415.9368,169.9121,16.0000,41.0000
413.9825,172.1934,14.0000,46.0000
410.9017,173.7290,19.0000,52.0000
417.0610,180.3180,17.0000,48.0000
416.4437,171.0800,20.0000,42.0000
418.3117,171.3199,18.0000,41.0000
417.4677,173.2463,17.0000,38.0000
415.3036,173.0268,20.0000,50.0000
427.2919,186.2978,13.0000,39.0000
426.7038,175.7854,17.0000,26.0000
427.8940,172.5325,20.0000,41.0000
436.3394,173.9935,14.0000,40.0000
446.6942,179.1234,8.0000,39.0000
447.4854,173.0096,10.0000,39.0000
449.4406,184.5583,10.0000,30.0000
455.6331,188.2717,7.0000,16.0000
458.0186,182.7964,6.0000,23.0000
457.9018,186.5705,6.0000,22.0000
456.7878,179.3685,9.0000,33.0000
2
0
0
0
0
1
465.1655,154.9006,27.0000,78.0000
464.2346,151.2996,33.0000,69.0000
458.0612,159.1040,41.0000,53.0000
460.1401,168.5882,38.0000,37.0000
466.7180,160.5975,46.0000,42.0000
460.2913,158.2359,40.0000,41.0000
431.7681,146.3796,49.0000,42.0000
2
0
0
0
0
1
454.9527,167.8223,32.0000,67.0000
451.5594,172.2770,30.0000,55.0000
453.8607,167.0659,25.0000,56.0000
451.2129,164.8816,30.0000,59.0000
453.2165,174.4640,28.0000,56.0000
448.5801,173.0715,34.0000,49.0000
452.6997,170.6917,26.0000,50.0000
453.9392,170.1292,25.0000,50.0000
455.6059,173.2017,28.0000,60.0000
447.7528,159.4601,36.0000,74.0000
454.8056,164.7783,27.0000,64.0000
451.6818,166.0088,32.0000,51.0000
451.0689,167.0785,30.0000,44.0000
447.2521,162.2460,36.0000,54.0000
450.0172,164.2769,28.0000,52.0000
450.0122,162.4801,29.0000,55.0000
445.6833,169.4568,36.0000,49.0000
444.6307,162.5013,31.0000,44.0000
444.1582,160.5334,34.0000,46.0000
436.9023,154.8280,45.0000,60.0000
434.7170,158.3043,49.0000,58.0000
434.2081,143.7536,58.0000,61.0000
426.2941,136.5302,82.0000,72.0000
427.5243,117.4903,116.0000,85.0000
409.0236,99.2866,164.0000,103.0000
351.6796,90.0991,229.0000,129.0000
280.5179,82.0772,314.0000,143.0000
217.7484,93.4008,360.0000,129.0000
193.8590,96.2239,360.0000,116.0000
182.1437,98.3895,360.0000,106.0000
156.7994,90.2649,360.0000,112.0000
129.0853,96.6080,360.0000,103.0000
117.0490,91.6849,360.0000,107.0000
97.1540,96.9040,360.0000,93.0000
2
0
0
0
0
1
455.0382,146.6248,28.0000,57.0000
463.7509,165.9402,22.0000,35.0000
468.0271,172.4016,23.0000,22.0000
472.9846,179.4192,27.0000,20.0000
478.3824,170.2042,22.0000,25.0000
491.9536,174.6880,20.0000,13.0000
495.5133,171.3009,23.0000,16.0000
501.4028,171.9209,30.0000,15.0000
503.0243,169.1035,37.0000,19.0000
503.0243,169.1035,37.0000,19.0000
527.8339,166.4820,22.0000,19.0000
522.2067,169.3460,25.0000,22.0000
531.3452,163.8319,17.0000,16.0000
530.1263,157.0777,24.0000,19.0000
529.2804,158.3545,29.0000,22.0000
532.3315,161.1974,35.0000,27.0000
527.8080,145.3521,26.0000,32.0000
527.8080,145.3521,26.0000,32.0000
527.8080,145.3521,26.0000,32.0000
525.5492,155.5271,22.0000,22.0000
521.5844,149.4129,23.0000,23.0000
534.7824,165.7916,20.0000,18.0000
525.2202,170.7533,15.0000,23.0000
534.9203,151.8473,12.0000,35.0000
542.0206,154.9030,8.0000,30.0000
535.9356,158.2464,10.0000,19.0000
533.7151,164.8623,9.0000,17.0000
531.7599,166.7589,8.0000,14.0000
534.3895,159.1170,11.0000,12.0000
533.0490,156.5432,10.0000,19.0000
530.1504,152.6617,12.0000,24.0000
524.8139,149.8347,13.0000,23.0000
522.8710,168.7551,6.0000,11.0000
517.2810,166.2829,10.0000,3.0000
516.2694,165.1259,4.0000,4.0000
514.0349,165.3525,6.0000,6.0000
520.4332,164.1905,1.0000,2.0000
2
0
0
0
0
1
488.9955,91.1497,23.0000,56.0000
487.6159,90.1183,24.0000,56.0000
488.8437,90.6516,24.0000,56.0000
492.0577,93.7522,22.0000,53.0000
491.3198,91.4068,23.0000,54.0000
491.6439,92.2635,22.0000,51.0000
491.6176,88.0967,22.0000,53.0000
492.8625,86.7607,21.0000,56.0000
492.2780,86.5060,26.0000,59.0000
494.2180,89.1771,26.0000,49.0000
494.1560,87.3964,26.0000,52.0000
497.3146,87.5480,26.0000,52.0000
495.4678,83.3175,28.0000,54.0000
496.5224,87.1913,27.0000,56.0000
498.0151,89.7068,25.0000,53.0000
497.1589,87.0827,25.0000,54.0000
498.6523,83.0417,21.0000,54.0000
496.6139,87.3848,22.0000,49.0000
494.5407,86.3166,23.0000,47.0000
490.2269,83.6149,26.0000,53.0000
490.5046,86.1770,25.0000,56.0000
488.2042,85.4021,26.0000,56.0000
484.8713,89.1557,27.0000,47.0000
482.2543,84.5095,27.0000,49.0000
478.5906,84.6111,27.0000,54.0000
474.5875,83.6944,25.0000,54.0000
470.9174,83.8134,23.0000,56.0000
465.4956,86.3769,25.0000,54.0000
463.0177,89.7207,23.0000,48.0000
459.9971,90.7308,22.0000,48.0000
454.6326,90.7912,21.0000,48.0000
447.2127,91.3537,22.0000,51.0000
443.7990,89.9763,26.0000,55.0000
442.9172,91.7449,26.0000,51.0000
440.5228,96.8147,27.0000,43.0000
439.3974,95.3339,25.0000,50.0000
437.7212,95.6300,26.0000,51.0000
436.6682,97.0861,27.0000,49.0000
436.0997,97.6263,25.0000,47.0000
434.6763,97.6282,25.0000,45.0000
435.2120,97.4370,24.0000,45.0000
435.1379,98.7057,24.0000,45.0000
436.2720,99.6103,22.0000,47.0000
435.1875,95.8618,22.0000,52.0000
435.6547,97.6087,20.0000,47.0000
433.9223,97.2656,22.0000,47.0000
433.7080,96.8324,22.0000,49.0000
432.1697,100.9544,22.0000,40.0000
432.3012,84.0179,27.0000,51.0000
430.2092,76.1942,37.0000,61.0000
429.2876,76.5475,50.0000,63.0000
427.8827,72.1614,72.0000,77.0000
444.0408,51.7413,103.0000,108.0000
442.1645,9.8209,154.0000,147.0000
437.1236,3.6793,214.0000,171.0000
409.9890,-10.6412,260.0000,199.0000
392.5428,-12.2399,308.0000,220.0000
373.4801,-22.3431,346.0000,240.0000
368.5635,-25.9107,360.0000,256.0000
371.6255,-34.7315,360.0000,266.0000
369.9942,-33.9660,360.0000,274.0000
377.3171,-19.6061,360.0000,274.0000
377.5794,-31.9125,360.0000,284.0000
391.3784,-18.0811,360.0000,292.0000
397.6570,-14.5262,360.0000,301.0000
385.9302,-26.3633,360.0000,310.0000
381.3841,-28.2214,360.0000,293.0000
378.7530,-30.4278,360.0000,302.0000
385.5067,-21.4229,360.0000,302.0000
374.2567,-25.2196,360.0000,306.0000
383.1530,-32.4902,360.0000,320.0000
380.9502,-30.0925,360.0000,320.0000
386.0245,-27.4759,360.0000,305.0000