1
539.7138,196.7948,21.8424,21.7355
539.7138,196.7948,21.8424,21.7355
2
0
0
0
0
1
529.6606,251.9363,23.3087,20.8374
529.6606,251.9363,23.3087,20.8374
529.6606,251.9363,23.3087,20.8374
529.6606,251.9363,23.3087,20.8374
2
0
0
0
0
1
613.2318,275.4174,18.0464,16.8403
613.2318,275.4174,18.0464,16.8403
2
0
0
0
0
1
664.8328,289.3704,30.7694,12.3692
664.8328,289.3704,30.7694,12.3692
664.8328,289.3704,30.7694,12.3692
664.8328,289.3704,30.7694,12.3692
664.8328,289.3704,30.7694,12.3692
664.8328,289.3704,30.7694,12.3692
2
0
0
0
0
1
724.6962,268.4695,16.8426,11.6610
724.6962,268.4695,16.8426,11.6610
2
0
0
0
0
1
817.6340,230.7603,13.9819,12.2044
2
0
0
0
0
1
924.8227,204.8308,14.5547,10.7383
2
0
0
0
0
1
1013.6927,166.5463,14.3147,11.5874
2
0
0
0
0
1
1073.7166,169.1067,13.9167,11.8567
2
0
0
0
0
1
1091.5544,124.7252,12.4413,11.4195
1091.5544,124.7252,12.4413,11.4195
1091.5544,124.7252,12.4413,11.4195
2
0
0
0
0
1
1114.0420,71.4289,12.4160,11.3133
1114.0420,71.4289,12.4160,11.3133
2
0
0
0
0
1
1160.5092,45.7312,9.2315,7.4636
1160.5092,45.7312,9.2315,7.4636
2
0
0
0
0
1
2
0
0
0
0
1
2
0
0
0
0
1
2
0
0
0
0
1
1254.5490,311.0551,17.0021,7.5998
1254.5490,311.0551,17.0021,7.5998
2
0
0
0
0
1
2
0
0
0
0
1
2
0
0
0
0
1
1113.0920,456.5139,15.4159,12.6621
1113.0920,456.5139,15.4159,12.6621
2
0
0
0
0
1
1090.9481,457.0341,13.5539,12.0117
1090.9481,457.0341,13.5539,12.0117
1090.9481,457.0341,13.5539,12.0117
1090.9481,457.0341,13.5539,12.0117
1090.9481,457.0341,13.5539,12.0117
2
0
0
0
0
1
1036.3607,445.8636,19.8785,13.5429
1036.3607,445.8636,19.8785,13.5429
1036.3607,445.8636,19.8785,13.5429
1036.3607,445.8636,19.8785,13.5429
2
0
0
0
0
1
990.4544,421.2072,18.5411,11.9607
990.4544,421.2072,18.5411,11.9607
990.4544,421.2072,18.5411,11.9607
990.4544,421.2072,18.5411,11.9607
2
0
0
0
0
1
951.5971,402.9184,19.6808,12.4932
951.5971,402.9184,19.6808,12.4932
951.5971,402.9184,19.6808,12.4932
2
0
0
0
0
1
931.8952,353.3250,21.3197,15.3001
931.8952,353.3250,21.3197,15.3001
931.8952,353.3250,21.3197,15.3001
931.8952,353.3250,21.3197,15.3001
931.8952,353.3250,21.3197,15.3001
2
0
0
0
0
1
884.5000,327.5000,26.0000,9.0000
884.5000,327.5000,26.0000,9.0000
884.5000,327.5000,26.0000,9.0000
884.5000,327.5000,26.0000,9.0000
2
0
0
0
0
1
819.5000,329.5000,26.0000,8.0000
819.5000,329.5000,26.0000,8.0000
2
0
0
0
0
1
760.5000,336.5000,30.0000,12.0000
760.5000,336.5000,30.0000,12.0000
2
0
0
0
0
1
727.7510,286.4297,21.3881,15.1807
727.7510,286.4297,21.3881,15.1807
2
0
0
0
0
1
695.0886,244.9736,18.1028,16.0127
695.0886,244.9736,18.1028,16.0127
695.0886,244.9736,18.1028,16.0127
695.0886,244.9736,18.1028,16.0127
695.0886,244.9736,18.1028,16.0127
695.0886,244.9736,18.1028,16.0127
2
0
0
0
0
1
645.6344,219.8858,20.2363,14.7984
645.6344,219.8858,20.2363,14.7984
645.6344,219.8858,20.2363,14.7984
2
0
0
0
0
1
582.6332,212.6332,18.2337,18.2337
582.6332,212.6332,18.2337,18.2337
2
0
0
0
0
1
525.2895,209.8321,19.8311,21.5558
525.2895,209.8321,19.8311,21.5558
525.2895,209.8321,19.8311,21.5558
2
0
0
0
0
1
485.5073,217.1456,18.6703,19.7938
485.5073,217.1456,18.6703,19.7938
485.5073,217.1456,18.6703,19.7938
485.5073,217.1456,18.6703,19.7938
485.5073,217.1456,18.6703,19.7938
2
0
0
0
0
1
461.9647,254.9781,19.1656,19.1389
461.9647,254.9781,19.1656,19.1389
461.9647,254.9781,19.1656,19.1389
461.9647,254.9781,19.1656,19.1389
461.9647,254.9781,19.1656,19.1389
461.9647,254.9781,19.1656,19.1389
2
0
0
0
0
1
464.3569,291.6983,20.3661,16.2235
464.3569,291.6983,20.3661,16.2235
464.3569,291.6983,20.3661,16.2235
464.3569,291.6983,20.3661,16.2235
464.3569,291.6983,20.3661,16.2235
464.3569,291.6983,20.3661,16.2235
2
0
0
0
0
1
474.1363,323.8343,20.9474,19.8264
474.1363,323.8343,20.9474,19.8264
474.1363,323.8343,20.9474,19.8264
474.1363,323.8343,20.9474,19.8264
474.1363,323.8343,20.9474,19.8264
474.1363,323.8343,20.9474,19.8264
474.1363,323.8343,20.9474,19.8264
474.1363,323.8343,20.9474,19.8264
2
0
0
0
0
1
443.0914,331.5693,19.6323,13.6715
443.0914,331.5693,19.6323,13.6715
443.0914,331.5693,19.6323,13.6715
443.0914,331.5693,19.6323,13.6715
443.0914,331.5693,19.6323,13.6715
443.0914,331.5693,19.6323,13.6715
443.0914,331.5693,19.6323,13.6715
443.0914,331.5693,19.6323,13.6715
443.0914,331.5693,19.6323,13.6715
443.0914,331.5693,19.6323,13.6715
443.0914,331.5693,19.6323,13.6715
443.0914,331.5693,19.6323,13.6715
443.0914,331.5693,19.6323,13.6715
443.0914,331.5693,19.6323,13.6715
443.0914,331.5693,19.6323,13.6715
443.0914,331.5693,19.6323,13.6715
443.0914,331.5693,19.6323,13.6715
443.0914,331.5693,19.6323,13.6715
443.0914,331.5693,19.6323,13.6715
2
0
0
0
0
1
395.5121,327.4360,14.3758,11.1879
395.5121,327.4360,14.3758,11.1879
2
0
0
0
0
1
361.0955,301.6905,15.0990,12.2041
361.0955,301.6905,15.0990,12.2041
361.0955,301.6905,15.0990,12.2041
361.0955,301.6905,15.0990,12.2041