192.3713
0.0656
0.0705
0.0745
0.0725
0.0686
0.0675
0.0646
0.0677
0.0809
0.0788
0.0847
0.0746
0.0777
0.1102
0.0870
0.0808
0.0676
0.0747
0.0715
0.0806
0.0848
0.0777
0.0838
0.0858
0.0750
0.0756
0.0798
0.0746
0.0921
0.0728
0.0808
0.0795
0.0777
0.0645
0.0850
0.0789
0.0795
0.0878
0.0889
0.0888
0.0847
0.0867
0.0951
0.0766
0.0798
0.0818
0.0778
0.0798
0.0706
0.0798
0.0746
0.0913
0.1151
0.1171
0.0848
0.0837
0.0817
0.0666
0.0777
0.0727
0.0677
0.0687
0.0840
0.1071
0.0859
0.0888
0.0992
0.0746
0.0857
0.0816
0.0818
0.0806
0.0756
0.0686
0.0968
0.0878
0.0798
0.0758
0.0677
0.0889
0.0847
0.0888
0.0797
0.0736
0.0833
0.0810
0.0780
0.0730
0.0660
0.0760
0.0890
0.0870
0.0800
0.0820
0.0830
0.0820
0.0830
0.0790
0.0810
0.0750
0.0790
0.0870
0.0790
0.0820
0.0780
0.0720
0.0780
0.0870
0.0880
0.0830
0.0850
0.0850
0.0820
0.0790
0.0790
0.0750
0.0730
0.0710
0.0910
0.0850
0.0800
0.0800
0.0830
0.0820
0.0790
0.0740
0.0670
0.0670
0.0660
0.1040
0.0910
0.0800
0.0760
0.0890
0.0870
0.0810
0.0820
0.0790
0.0820
0.0820
0.0860
0.0870
0.0870
0.0820
0.0830
NaN
NaN
NaN
NaN
192.3757
0.0646
0.0636
0.0676
0.0786
0.0677
0.0665
0.0749
NaN
NaN
NaN
NaN
192.6718
0.0611
0.0778
0.0761
0.0777
0.0757
0.0706
0.0747
0.0683
0.0656
0.0886
0.0808
0.0807
0.0696
0.0767
0.0949
NaN
NaN
NaN
NaN
192.6386
0.0625
0.0665
0.0716
NaN
NaN
NaN
NaN
192.6972
0.0590
0.0595
0.0857
0.0655
0.0797
0.0705
0.0798
0.0748
0.0776
0.0818
NaN
NaN
NaN
NaN
192.8234
0.0670
0.0850
0.0730
0.0800
0.0810
0.0640
0.0650
0.0690
0.0660
0.0710
0.0840
0.0810
0.0770
0.1060
NaN
NaN
NaN
NaN
192.5137
0.0666
0.0645
0.0726
0.0683
0.0725
0.0735
0.0737
0.0677
0.0676
0.0636
0.0695
0.0808
0.0757
0.0940
0.0868
0.0850
0.0776
0.0816
0.0716
0.0756
0.0768
0.0626
0.0786
0.0827
0.0748
0.0808
0.0736
0.0937
0.0979
0.0758
0.0596
0.0817
0.0756
0.0685
NaN
NaN
NaN
NaN
191.9918
0.0668
0.0726
NaN
NaN
NaN
NaN
192.7415
0.0625
0.0806
0.0757
NaN
NaN
NaN
NaN
192.5609
0.0670
0.0690
0.0750
0.0700
0.0670
0.0710
0.0780
0.0790
0.0740
0.0660
0.0800
0.0790
0.0720
NaN
NaN
NaN
NaN
192.6587
0.0634
0.0773
0.0758
0.0736
0.0675
0.0767
0.0745
0.0746
0.0928
0.0787
0.0920
0.0797
0.1108
0.0879
0.0696
0.0686
0.0686
0.0756
0.0775
0.0798
0.0819
0.0667
0.0870
0.0815
0.0736
0.0818
0.0807
0.0818
0.0809
0.0819
0.0835
0.0728
0.0686
0.0767
0.0900
0.0696
0.0716
0.0888
0.0716
0.0851
0.0870
0.0756
0.0705
0.0666
0.0768
0.0910
0.0909
0.0745
0.0766
0.0756
0.0882
0.0886
0.0866
0.1110
0.0868
0.0826
0.0806
0.0808
0.0707
0.0767
0.0777
0.0871
0.1136
0.0829
0.0848
0.0877
0.0789
0.0788
0.0627
0.0745
0.0679
0.0725
0.0798
0.0998
0.0857
0.0798
0.0808
0.0798
0.0908
0.0910
0.0767
0.0756
0.0799
0.0713
0.0888
0.0808
0.0736
0.0706
0.0693
0.0909
0.0839
0.0728
0.0756
0.0705
0.0859
0.0837
0.1003
0.0858
0.0818
0.0627
0.0911
0.0818
0.0808