177.1306
0.0490
0.0430
0.0490
0.0460
0.0440
0.0500
0.0480
0.0540
0.0480
0.0600
0.0540
0.0520
0.0450
0.0530
0.0490
0.1570
0.1100
0.0890
0.0550
0.0590
0.1020
0.1010
0.0910
0.0630
0.0750
0.0920
0.0800
0.0820
0.0660
0.0690
0.0620
0.0690
0.0670
0.0790
0.0600
0.0570
0.0580
0.0580
0.0600
0.0620
0.0550
0.0640
0.0490
0.0520
0.0460
0.0520
0.0540
0.0870
0.0730
0.0490
0.0460
0.0450
0.0450
0.0560
0.0530
0.0600
0.0670
NaN
NaN
NaN
NaN
176.4365
0.0480
0.0530
0.0480
0.0460
0.0450
0.0510
0.0470
0.0450
0.0470
0.0500
0.0470
0.0450
0.0500
0.0470
0.0570
0.0600
NaN
NaN
NaN
NaN
179.7115
0.0470
0.0490
0.0520
0.0450
0.0510
0.0530
0.0540
0.0650
0.0550
0.0510
0.0470
0.0480
0.0430
0.0530
0.0450
0.0490
NaN
NaN
NaN
NaN
180.1945
0.0490
0.0440
0.0520
0.0460
0.0680
0.0490
0.0470
0.0490
0.0460
0.0480
NaN
NaN
NaN
NaN
180.7398
0.0460
0.0430
0.0440
0.0490
0.0490
0.0450
0.0490
0.0480
0.0550
0.0450
0.0460
0.0470
0.0540
0.0510
0.0410
0.0450
0.0530
0.0770
0.0660
0.0530
0.0480
0.0530
0.0460
0.0550
0.0570
0.0620
0.0550
0.0620
0.0560
0.0600
0.0620
0.0600
0.0680
0.0590
0.0590
0.0580
0.0530
0.0520
0.0640
0.0650
0.0590
0.0610
0.0540
0.0620
0.0530
0.0580
0.0630
0.0600
0.0540
0.0490
0.0510
0.0450
0.0800
0.0820
0.0590
0.0580
0.0540
0.0560
0.0490
0.0490
0.0510
0.0580
0.0610
0.0570
0.0560
0.0570
0.0480
0.0500
0.0590
0.0600
0.0620
0.0530
0.0530
0.0550
0.0510
0.0540
0.0500
0.0620
NaN
NaN
NaN
NaN
179.7729
0.0680
0.0450
0.0530
0.0490
0.0460
0.0500
0.0440
NaN
NaN
NaN
NaN
176.7997
0.0450
0.0480
0.0500
0.0470
0.0460
0.0530
0.0490
0.0500
0.0460
0.0500
0.0550
0.0470
0.0460
0.0480
0.0520
0.0510
NaN
NaN
NaN
NaN
176.5576
0.0780
0.0490
0.0490
0.0450
0.0510
0.0510
0.0540
0.0450
0.0530
0.0470
0.0490
0.0520
0.0470
0.0450
NaN
NaN
NaN
NaN
176.5676
0.0420
0.0500
0.0480
0.0410
0.0450
0.0500
0.0520
0.0470
0.0450
0.0470
0.0410
0.0530
0.0420
0.0490
0.0440
0.0670
0.0870
0.0730
0.0560
0.0580
0.0510
0.0540
0.0670
0.0640
0.0640
0.0630
0.0790
0.0630
0.0770
0.0730
0.0640
0.0590
0.0690
0.0790
0.0630
0.0590
0.0580
0.0660