1
265.6150,87.7074,34.0000,47.0000
262.3001,87.3702,39.0000,48.0000
265.7900,87.9747,30.0000,40.0000
268.5545,89.7619,25.0000,34.0000
264.5385,83.1650,29.0000,41.0000
265.7067,79.0333,23.0000,46.0000
261.9057,76.5353,28.0000,48.0000
263.1936,79.6020,25.0000,42.0000
263.4797,80.5780,20.0000,42.0000
262.8365,77.4347,24.0000,45.0000
261.8291,74.2064,27.0000,43.0000
260.6626,73.6197,28.0000,40.0000
253.9330,73.9869,31.0000,40.0000
249.3148,75.4169,33.0000,41.0000
252.3504,79.2047,27.0000,43.0000
247.1462,84.7746,29.0000,33.0000
244.9853,87.9307,24.0000,27.0000
244.6425,87.4493,20.0000,30.0000
243.2870,87.7897,15.0000,32.0000
243.0960,88.0073,14.0000,37.0000
241.4598,84.7975,18.0000,44.0000
240.0468,81.5179,22.0000,51.0000
242.4081,84.3138,20.0000,47.0000
241.4221,86.3314,22.0000,42.0000
239.2420,74.1065,28.0000,46.0000
238.5669,73.5600,28.0000,46.0000
239.2653,80.4915,28.0000,41.0000
242.4988,80.8225,24.0000,44.0000
245.2452,88.5231,22.0000,38.0000
248.6415,88.9966,17.0000,35.0000
248.3048,84.9506,16.0000,39.0000
245.7434,84.6490,17.0000,39.0000
244.7858,85.8809,15.0000,35.0000
241.6806,83.7339,14.0000,39.0000
236.8299,83.1650,14.0000,43.0000
230.2465,84.7767,18.0000,43.0000
225.6047,80.4596,21.0000,47.0000
223.8798,81.6945,24.0000,40.0000
224.3327,74.9211,27.0000,49.0000
222.2242,69.5135,28.0000,52.0000
223.6551,78.0002,28.0000,47.0000
226.9888,84.1581,24.0000,49.0000
229.1690,93.1718,23.0000,43.0000
233.2988,95.7111,17.0000,39.0000
234.6615,99.7362,17.0000,37.0000
233.8176,100.9836,21.0000,34.0000
237.6152,103.8771,17.0000,31.0000
241.0999,102.7710,14.0000,38.0000
240.2963,99.7001,18.0000,46.0000
238.2803,92.4510,23.0000,55.0000
238.5794,97.2051,24.0000,47.0000
240.9413,72.4773,27.0000,53.0000
231.7359,32.0343,33.0000,72.0000
217.0767,30.1294,37.0000,79.0000
195.7080,21.2475,49.0000,88.0000
172.7760,22.5925,55.0000,70.0000
2
0
0
0
0
1
222.5114,77.1015,22.0000,57.0000
221.3708,73.2446,25.0000,56.0000
221.3708,73.2446,25.0000,56.0000
221.3708,73.2446,25.0000,56.0000
221.3708,73.2446,25.0000,56.0000
229.9209,72.7372,26.0000,61.0000
225.6406,70.9888,31.0000,75.0000
224.0011,68.4780,36.0000,85.0000
236.3829,11.4277,44.0000,91.0000
228.8571,15.3544,51.0000,83.0000
210.2976,15.0891,59.0000,79.0000
199.8823,17.7013,67.0000,72.0000
199.8823,17.7013,67.0000,72.0000
199.8823,17.7013,67.0000,72.0000
173.3041,16.8977,72.0000,63.0000
2
0
0
0
0
1
248.8856,88.2491,28.0000,70.0000
250.6106,92.1816,25.0000,64.0000
248.7174,83.3445,26.0000,70.0000
244.4190,80.8062,26.0000,77.0000
238.2776,72.8488,31.0000,85.0000
231.3533,71.7906,35.0000,95.0000
223.9127,22.4752,37.0000,83.0000
209.4962,24.6645,41.0000,63.0000
204.8697,60.7604,42.0000,46.0000
206.8001,69.4984,49.0000,35.0000
189.3509,61.3766,54.0000,29.0000
179.2148,54.7200,72.0000,34.0000
171.8826,53.8036,92.0000,30.0000
162.2690,52.9325,102.0000,25.0000
157.5683,51.8093,102.0000,21.0000
2
0
0
0
0
1
256.3098,68.5780,25.0000,56.0000
246.1317,74.0101,31.0000,48.0000
244.2589,77.8325,25.0000,55.0000
227.7484,68.2286,29.0000,63.0000
214.6894,70.4441,32.0000,65.0000
208.3210,58.5171,37.0000,77.0000
206.7157,52.6135,35.0000,83.0000
202.4417,25.2640,38.0000,93.0000
194.9144,26.7854,43.0000,85.0000
2
0
0
0
0
1
243.1687,79.6349,31.0000,59.0000
249.5578,77.9646,31.0000,50.0000
254.5179,79.5990,32.0000,53.0000
257.1808,87.2984,35.0000,45.0000
265.5927,78.4871,32.0000,55.0000
270.7173,80.0506,31.0000,56.0000
278.7957,83.8750,26.0000,47.0000
285.3572,84.7241,25.0000,49.0000
290.9560,85.9497,24.0000,53.0000
289.8606,87.6285,28.0000,50.0000
296.0008,82.7916,29.0000,47.0000
301.7300,88.6950,23.0000,47.0000
310.3747,86.9811,24.0000,58.0000
310.2081,87.2065,27.0000,70.0000
313.2829,80.4517,24.0000,71.0000
310.4713,93.2081,27.0000,56.0000
312.3454,94.5876,27.0000,48.0000
313.7245,96.1496,23.0000,42.0000
309.5740,89.4987,28.0000,51.0000
307.1436,90.5476,23.0000,48.0000
300.0681,88.6079,27.0000,52.0000
290.1107,93.9470,33.0000,45.0000
287.4691,91.8168,31.0000,44.0000
287.2160,86.2170,26.0000,51.0000
284.9297,85.1319,26.0000,56.0000
286.3733,86.4161,22.0000,47.0000
280.3224,86.2889,27.0000,52.0000
277.1333,88.2782,31.0000,45.0000
276.4086,81.3165,29.0000,46.0000
276.8475,83.1137,23.0000,51.0000
276.2425,77.8563,25.0000,61.0000
280.8466,85.0661,21.0000,50.0000
281.7500,86.6472,24.0000,52.0000
283.4470,80.1790,24.0000,54.0000
283.0463,85.7202,30.0000,46.0000
278.7893,88.1147,37.0000,48.0000
282.3181,86.1394,42.0000,45.0000
285.5589,71.4434,41.0000,57.0000
287.5062,102.2110,44.0000,47.0000
293.3363,92.8150,39.0000,52.0000
289.8318,92.6418,45.0000,50.0000
289.6486,83.1744,46.0000,49.0000
280.2771,89.6702,60.0000,43.0000
274.9737,87.6398,75.0000,43.0000
265.8604,91.1594,91.0000,41.0000
265.8604,91.1594,91.0000,41.0000
265.8604,91.1594,91.0000,41.0000
265.8604,91.1594,91.0000,41.0000
244.4308,94.3625,104.0000,41.0000
244.4308,94.3625,104.0000,41.0000
244.4308,94.3625,104.0000,41.0000
244.4308,94.3625,104.0000,41.0000
244.4308,94.3625,104.0000,41.0000
244.4308,94.3625,104.0000,41.0000
244.4308,94.3625,104.0000,41.0000
244.4308,94.3625,104.0000,41.0000
244.4308,94.3625,104.0000,41.0000
244.4308,94.3625,104.0000,41.0000
244.4308,94.3625,104.0000,41.0000
244.4308,94.3625,104.0000,41.0000
244.4308,94.3625,104.0000,41.0000
244.4308,94.3625,104.0000,41.0000
244.4308,94.3625,104.0000,41.0000
244.4308,94.3625,104.0000,41.0000
244.4308,94.3625,104.0000,41.0000
244.4308,94.3625,104.0000,41.0000
244.4308,94.3625,104.0000,41.0000
244.4308,94.3625,104.0000,41.0000
244.4308,94.3625,104.0000,41.0000
244.4308,94.3625,104.0000,41.0000
244.4308,94.3625,104.0000,41.0000
244.4308,94.3625,104.0000,41.0000
244.4308,94.3625,104.0000,41.0000
244.4308,94.3625,104.0000,41.0000
244.4308,94.3625,104.0000,41.0000
244.4308,94.3625,104.0000,41.0000
244.4308,94.3625,104.0000,41.0000
2
0
0
0
0
1
357.6216,93.8700,23.0000,52.0000
355.6911,90.6964,21.0000,54.0000
351.0322,99.2701,23.0000,36.0000
344.4107,98.0556,27.0000,32.0000
345.9558,84.6009,22.0000,40.0000
333.5905,72.2643,28.0000,51.0000
2
0
0
0
0
1
335.3873,94.7636,21.0000,43.0000
333.6407,94.3166,25.0000,47.0000
332.5504,94.4758,31.0000,46.0000
332.6953,94.5834,34.0000,48.0000
331.8775,94.4762,39.0000,45.0000
330.5966,95.8940,45.0000,45.0000
337.5187,97.9897,35.0000,40.0000
342.4760,96.0534,30.0000,44.0000
346.9429,98.2973,25.0000,42.0000
350.1463,96.9095,26.0000,45.0000
357.0929,78.4986,30.0000,57.0000
357.1026,60.6622,37.0000,69.0000
344.7635,53.4776,41.0000,76.0000
330.8654,48.1451,44.0000,83.0000
315.1036,51.9713,48.0000,69.0000
2
0
0
0
0
1
355.5337,104.9281,14.0000,36.0000
359.3852,111.0396,12.0000,24.0000
362.1640,109.4521,11.0000,23.0000
363.2074,106.7886,14.0000,29.0000
363.8262,106.0795,16.0000,35.0000
364.5876,110.4718,16.0000,31.0000
368.3799,105.3750,15.0000,34.0000
371.2193,111.3735,14.0000,28.0000
372.7410,107.1933,15.0000,34.0000
372.3163,93.9564,21.0000,41.0000
367.0040,75.5952,29.0000,53.0000
350.4475,63.7766,35.0000,51.0000
332.2993,63.4584,39.0000,49.0000
2
0
0
0
0
1
368.3508,101.6605,22.0000,40.0000
369.5641,97.3489,18.0000,43.0000
367.7846,97.3297,21.0000,45.0000
368.4751,96.7841,16.0000,46.0000
364.9335,97.0752,17.0000,48.0000
361.9246,97.1364,18.0000,44.0000
358.9081,96.6657,21.0000,44.0000
356.6481,95.2058,21.0000,44.0000
353.4531,93.6079,22.0000,45.0000
352.3318,90.0995,19.0000,49.0000
352.3862,92.3100,16.0000,47.0000
350.2357,92.5349,19.0000,47.0000
347.4869,89.4801,22.0000,53.0000
343.3677,84.0041,28.0000,72.0000
343.9217,52.6606,38.0000,91.0000
327.9335,52.6258,52.0000,98.0000
304.4173,36.9292,69.0000,104.0000
317.6613,61.3695,85.0000,110.0000
321.1613,72.2289,78.0000,90.0000
325.7729,79.5034,74.0000,82.0000
325.6370,81.7911,78.0000,78.0000
326.5545,82.1361,80.0000,79.0000
333.0994,83.6202,73.0000,76.0000
341.7212,77.3603,69.0000,76.0000
336.9741,73.9818,73.0000,79.0000
330.6589,75.0216,77.0000,79.0000
326.6401,81.6423,86.0000,79.0000
319.4318,84.2966,104.0000,74.0000
310.9439,88.0097,124.0000,65.0000
314.8341,92.1077,118.0000,59.0000
317.9353,91.0443,114.0000,60.0000
316.0920,92.9439,115.0000,57.0000
315.8742,87.5838,116.0000,68.0000
317.1544,92.5737,119.0000,62.0000
320.3523,90.5581,125.0000,67.0000
323.0224,89.1131,136.0000,67.0000
405.0986,83.2444,120.0000,60.0000
384.5150,88.0749,109.0000,52.0000