176.4322
0.1100
0.1190
0.1070
0.1150
0.1200
0.1120
0.1190
0.1250
0.2000
0.1280
0.1090
0.1390
0.1400
0.1390
0.1190
0.1390
0.1510
0.2690
0.2280
0.1510
0.1390
0.1700
0.1350
0.2340
0.1540
0.1820
0.1500
0.1320
0.1600
0.1360
0.1240
0.1290
0.1290
0.1310
0.2070
0.1400
0.1360
0.1650
0.1630
0.1860
0.1260
0.1860
0.1620
0.1560
0.1460
0.1300
0.1220
0.1400
0.1460
0.1190
0.1370
0.1370
0.1270
0.1490
0.1250
0.1510
0.2980
0.1600
0.1570
0.1350
0.1240
0.1270
0.1380
0.1340
0.1220
0.1300
0.1340
0.1380
0.1440
0.1310
0.1430
0.1250
0.2060
0.1720
0.1210
0.1200
0.1300
0.1390
0.1450
0.1320
0.1520
0.1980
0.1300
0.1330
0.1940
NaN
NaN
NaN
NaN
174.3633
0.1070
0.1090
0.1220
0.1110
0.1200
0.1120
0.1110
0.1100
0.1390
0.1480
0.1240
0.1200
0.1200
0.1260
0.1180
0.1220
0.1190
0.1330
NaN
NaN
NaN
NaN
174.6092
0.1170
0.1210
0.1120
0.1140
0.1210
0.1250
0.1190
0.1180
0.2640
0.1320
0.1270
0.1300
0.1310
0.1330
0.1260
0.1270
0.1210
0.1160
0.1250
0.1310
NaN
NaN
NaN
NaN
174.3753
0.1130
0.1140
0.1250
0.1240
0.1120
0.1190
0.1110
0.1190
0.1950
0.1700
0.1190
0.1370
0.1710
0.1260
0.1260
0.1470
0.1570
0.1960
0.1480
0.1430
0.1470
0.1530
0.1770
0.1240
0.1980
0.1900
0.1180
0.1300
0.1430
0.1900
0.1440
0.1520
0.1170
0.1260
0.1510
0.1300
0.1420
NaN
NaN
NaN
NaN
174.4793
0.1160
0.1340
0.1200
0.1170
0.1260
0.1310
0.1160
0.1690
0.1760
0.1730
0.1410
0.2320
0.1640
0.1870
0.1380
0.1250
0.1420
0.1380
0.1450
0.1860
0.2160
0.1430
0.3235
0.1420
0.1400
NaN
NaN
NaN
NaN
175.4067
0.1010
0.1060
0.1190
0.1120
0.1080
0.1170
0.1180
0.1220
0.1330
0.1460
0.1390
0.1320
0.1220
0.1370
0.1280
0.1180
0.2960
0.1470
0.1240
0.1420
0.1380
0.1270
0.1580
0.1310
0.1220
0.1400
0.2080
0.1430
0.1580
0.1280
0.2090
0.1450
0.1340
0.1520
0.1250
0.1310
0.1580
0.1400
0.1380
0.1390
0.1350
0.1950
0.1640
0.1340
0.1360
0.1540
0.1870
0.1680
0.1530
0.1320
0.1390
0.1170
0.1340
0.1150
0.1170
0.1260
0.1250
0.1320
0.1800
0.1330
0.1170
0.1210
0.1220
0.1230
0.1250
0.1170
0.1780
0.1200
0.1520
0.1320
0.1320
0.1350
0.1770
0.1360
0.1390
0.1780
0.2040
0.1590
0.1400
0.1200
0.1810
0.1510
0.1350
0.1210
0.1310
0.1390
0.2630
0.1460
0.1230
0.2330
0.1460
0.2000
0.1450
0.1490
0.1380
0.1540
0.1680
0.1340
0.1220
0.1270
0.1200
0.1250
0.1240
0.1300
0.1280
0.1240
0.1200
0.1160
0.1550
0.1410
0.1290
0.1260
0.1110
0.1160
0.1230
0.1210
0.1310
0.1590
0.1220
0.1290
0.1290
0.1220
0.1220
0.1250
0.1280
0.1330
0.1250
0.1970
0.1480
0.1180
0.1240
0.1210
0.1370
0.1340
0.1350
0.1240
0.1250
0.1260
0.1290
0.1490
0.1430
0.1560
0.1310
0.1260
0.2280
0.2080
0.1430
0.2600
0.1170
0.1350
0.1210
0.1700
0.2170
0.1960
0.1890
0.1380
0.1530
0.2560
0.3440
0.3860
0.2470
0.2370
0.1650
0.1550
0.1530
0.3060
0.1500
0.1360
0.2890
0.2770
0.1550
0.3330
0.1570
0.1180
0.1790
0.1400
0.1980
0.1270
0.1300
0.1330
0.1310
0.1250
0.1290
0.1610
0.3030
0.1500
0.1510
0.1400
0.1280
0.1460
0.1290
0.1310
0.1290
0.1350
0.1520
0.1580
0.1370
0.1390
0.1280
0.1300
0.1410
0.1840
0.1360
0.1230
0.1250
0.1230
0.1230
0.1950
0.1870
0.1270
0.1330
0.1570
0.1370
0.1410
0.1480
0.1430
0.3050
0.2010
0.1320
0.1340
0.2040
0.1220
0.1560
0.1420
0.2670
0.1500
0.1260
0.1330
0.2830
0.1430
0.1940
0.1500
0.1320
0.2210
0.1610
0.1310
0.1330
0.3180
0.1340
0.1450
0.1400
0.2130
0.1400
0.1680
0.4720
0.1790
0.1340
0.1240
0.1310
0.1250
0.1820
0.1490
0.1360
0.1230
0.1280
0.1290
0.1430
0.1420
0.1470
0.1460
0.2270
0.1330
0.1320
0.1230
0.2190
0.1670
0.1310
0.1490
0.2580
0.1420
0.1450
0.3580
0.1440
0.1360
0.1280
0.1400
0.1760
0.1380
0.1330
0.1350
0.1350
0.1640
0.1520
0.2000
0.1540
0.1370
0.1330
0.1390
0.1700
0.1560
0.1580
0.2070
0.1380
0.1490
0.2000
0.2140
0.1690
0.1510
0.2880
0.1910
0.1360
0.4050
0.1350
0.1570
0.1290
0.1510
0.1350
0.1700
0.1470
0.1480
0.1750
0.1390
0.1350
0.1500
0.1590
0.1750
0.2210
0.1790
0.1270
0.1930
0.1710
0.1470
0.1880
0.1410
0.3470
0.1460
0.1340
0.1490
0.2120
0.1890
0.2000
0.1410
0.1340
0.1330
0.2830
0.1350
0.1250
0.1680
0.4210
0.2320
0.1510
0.1480
0.2300
0.1460
0.1340
0.2320
0.1520
0.1270
0.1260
0.1270
0.1950
0.1350
0.1440
0.1520
0.1700
0.1360
0.2010
0.2760
0.2530
0.1620
0.1920
0.1440
0.1250
0.1400
0.1900
0.1460
0.1490
0.3000
0.1510
0.1350
0.1460
0.4170
0.2040
0.1310
0.2650
0.1790
0.1420
0.1490
0.4270
0.1340
0.1460
0.1590
0.4180
0.2360
0.1830
0.2220
0.1620
0.1450
0.3240
0.2070
0.1450
0.1760
0.1670
0.1700
0.3500
0.1840
0.1370
0.1940
0.1530
0.1400
0.1340
0.1700
0.1890
0.1380
0.3620
0.4110
0.1860
0.1630
0.1620
0.3870
0.1570
0.1410
0.1480
0.2160
0.1570
0.1390
0.1360
0.1300
0.1640
0.2960
0.1730
0.1510
0.1430
0.1790
0.1410
0.1440
0.1380
0.1350
0.1760
0.1380
0.1490
0.1690
0.1730
0.1380
0.1730
0.1750
0.1360
0.1280
0.1200
0.1310
0.1550
0.1340
0.1370
0.1250
0.1230
0.2370
0.1860
0.1900
0.1380
0.1600
0.2510
0.1420
0.3690
0.1350
0.1280
0.1370
0.1810
0.1630
0.2030
0.2920
0.2170
0.1450
0.1340
0.2330
0.3110
0.2060
0.1360
0.1810
0.1910
0.1730
0.1430
0.1300
0.1420
0.1950
0.1580
0.1540
0.1740
0.2680
0.1530
0.1480
0.1550
0.2030
0.2050
0.1590
0.1430
0.1340
0.1690
0.1490
0.1570
0.2040
0.1510
0.2500
0.2820
0.1440
0.1770
0.2690
0.1450
0.1490
0.3740
0.1410
0.1360
0.1490
0.5790
0.1780
0.1350
0.1590
0.2010
0.1770
0.1360
0.1380
0.1480
0.2450
0.1890
0.2020
0.1440
0.1620
0.1700
0.1990
0.1670
0.1430
0.1480
0.2090
0.1430
0.1770
0.1520
0.1330
0.1780
0.1400
0.1340
0.1760
0.1700
0.3270
0.2670
0.1350
0.1320
0.1920
0.1820
0.2050
0.1330
0.1270
0.1650
0.2130
0.1980
0.1320
0.1820
0.2250
0.2050
0.1590
0.1270
0.1440
0.1370
0.1900
0.1780
0.1370
0.1400
0.1390
0.1360
0.1220
0.1320
0.1370
0.2710
0.1410
0.1270
0.1220
0.1580
0.2910
0.1400
0.1430
0.1400
0.2280
0.2130
0.1440
0.1560
0.2150
0.2240
0.1790
0.3070
0.3907
0.1550
0.2390
0.1850
0.1760
0.2150
0.2310
0.1980
0.1440
0.1300
0.1530
0.1580
0.2990
0.1330
0.1300
0.1230
0.1650
0.2080
0.1920
0.1230
0.1240
0.1450
0.2740
0.2480
0.1330
0.1370
0.2010
0.1720
0.1230
0.1280
0.1300
0.2260
0.2180
0.1370
0.1920
0.2120
0.2760
0.1430
0.1410
0.2180
0.1380
0.1240
0.1510
0.2180
0.1550
0.1430
0.1320
0.1410
0.1620
0.1600
0.1490
0.2130
0.1990
0.2050
0.1340
0.1380
0.1390
0.1360
0.1510
0.1600
0.3480
0.1320
0.1510
0.2770
0.1690
0.2450
0.1310
0.1360
0.1460
0.1540
0.1520
0.1340
0.1560
0.3620
0.2060
0.1230
0.1560
0.1550
0.2040
0.2460
0.1410
0.1900
0.1820
0.1330
0.1330
0.1290
0.1410
0.1520
0.1460
0.1430
0.1350
0.1550
0.1500
0.1890
0.1310
0.2700
0.2200
0.1420
0.1550
0.1350
0.1620
0.1290
0.1290
0.1360
0.1400
0.1450
0.1900
0.1340
0.1490
0.1420
0.1290
0.2990
0.1410
0.1280
0.1500
0.2190
0.1440
0.1520
0.1240
0.1160
0.1280
0.2200
0.1480
0.1450
0.1320
0.1290
0.1210
0.1520
0.2560
0.1820
0.1530
0.1410
0.1560
0.1340
0.1350
0.1270
0.1310
0.1510
0.2110
0.1500
0.1490
0.1740
0.1950
0.1830
0.1740
0.1490
0.1920
0.1430
0.1390
0.1620
0.1350
0.1360
0.1320
0.1980
0.1390
0.1430
0.1600
0.1620
0.1210
0.2140
0.1820
0.1600
0.1440
0.1520
0.1450
0.1240
0.1570
0.1310
0.1240
0.1690
0.2050
0.1390
0.1600
0.1160
0.1560
0.2300
0.1380
0.1800
0.2040
0.2000
0.1630
0.1340
0.1340
0.1340
0.1310
0.1460
0.1530
0.1450
0.1670
0.1510
0.3120
0.1420
0.1590
0.1440
0.1460
0.1570
0.1480
0.1440
0.1310
0.1330
0.1660
0.1380
0.1560
0.1460
0.1390
0.1380
0.2030
0.1290
0.1200
0.1300
0.1300
0.1610
0.1650
0.1400
0.1380
0.1350
0.1200
0.1230
0.1250
0.1180
0.1450
0.1300
0.1370
0.1530
0.2280
0.1400
0.1190
0.1280
0.1490
0.2250
0.1580
0.1610
0.1510
0.1490
0.1380
0.1380
0.1370
0.1510
0.1350
0.1480
0.2140
0.1930
0.1880
0.1550
0.2100
0.1760
0.1690
0.1680
0.3780
0.1740
0.1370
0.1280
0.1410
0.1760
0.3690
0.1500
0.1480
0.1630
0.2050
0.2300
0.1510
0.1610
0.1690
0.1890
0.1520
0.1370
0.1520
0.1270
0.1680
0.2370
0.1320
0.1350
0.1470
0.1840
0.3060
0.1490
0.1270
0.1170
0.1270
0.1480
0.2720
0.2330
0.1800
0.3340
0.1570
0.3400
0.1860
0.1430
0.1470
0.3560
0.1770
0.1380
0.1230
0.1230
0.1270
0.1530
0.2280
0.1950
0.1370
0.3930
0.3290
0.1330
0.1230
0.1580
0.1780
0.2360
0.1480
0.1290
0.1200
0.1300
0.4410
0.1770
0.1390
0.1230
0.1320
0.1270
0.1330
0.1350
0.1190
0.1180
0.1250
0.1320
0.1320
0.1280
0.1210
0.1230
0.1460
0.1550
0.1540
0.1310
0.1170
0.1220
0.1270
0.1220
0.1260
0.1370
0.1370
0.1190
0.1270
0.1220
0.1200
0.1260
0.1540
0.1220
0.1200
0.1240
0.1130
0.1940
0.1290
0.1260
0.1180
0.1160
0.1170
0.1210
0.1220
0.1300
0.1340
0.1190
0.1140
0.1150
0.1120
0.1100
0.1110
0.1230
0.1290
0.1360
0.1320
0.2310
0.1360
0.1300
0.1240
0.1160
0.1200
0.1210
0.1210
0.1310
0.1230
0.1180
0.1350
0.1320
0.1240
0.1360
0.1330
0.1220
0.1260
0.1370
0.2270
0.1350
0.1300
0.1310
0.1230
0.1170
0.1200
0.1310
0.1210
0.1190
0.1140
0.1340
0.1390
0.1340
0.1500
0.1490
0.1390
0.1380
0.1480
0.2240
0.1750
0.1290
0.1200
0.1460
0.1500
0.2140
0.1350
0.1410
0.1240
0.1130
0.1230
0.1180
0.1330
0.1280
0.1600
0.1440
0.1780
0.1590
0.1230
0.1180
0.1250
0.1140
0.1270
0.1200
0.1290
0.1460
0.1330
0.1390
0.1300
0.1270
0.1440
0.1360
0.1220
0.1310
0.1500
0.1510
0.1120
0.1110
0.1240
0.1240
0.1300
0.1150
0.1180
0.1150
0.1150
0.1270
0.1340
0.1180
0.1110
0.1220
0.1210
0.1220
0.1250
0.1230
0.1200
0.1560
0.1250
0.1250
0.1140
0.1170
0.1120
0.1210
0.1200
0.1260
0.1520
0.1290
0.1460
0.1180
0.1140
0.1130
0.1250
0.1230
0.1200
0.1310
0.1560
0.2740
0.2850
0.1400
0.1430
0.1590
0.1630
0.1670
0.1540
0.1590
0.1670
0.1440
0.1460
0.1360
0.1350
0.1300
0.3060
0.1570
0.1250
0.1200
0.1380
0.1420
0.1370
0.1560
0.1560
0.1350
0.1200
0.1220
0.1250
0.1230
0.1280
0.1460
0.1340
0.2520
0.1460
0.1300
0.1280
0.1400
0.3250
0.2150
0.1280
0.1140
0.2490
0.1460
0.2430
0.1410
0.1360
0.3570
0.2560
0.1560
0.1300
0.1450
0.1200
0.1770
0.1530
0.1440
0.1550
0.1210
0.1150
0.1170
0.1220
0.1280
0.1200
0.1340
0.2610
0.1430
0.1300
0.1250
0.1300
0.1270
0.1300
0.1250
0.1230
0.1150
0.1290
0.1230
0.1230
0.1390
0.1380
0.1450
0.1320
0.1460
0.1670
0.1180
0.1160
0.1280
0.1230
0.1160
0.1200
0.1270
0.1190
0.1190
0.1260
0.1430
0.1320
0.1150
0.1240
0.1440
0.1230
0.1350
0.1310
0.2200
0.1460
0.1170
0.1350
0.1720
0.1320
0.1300
0.1330