1
591.6029,200.6429,43.0000,39.0000
589.7532,199.6296,45.0000,46.0000
588.9773,200.6269,43.0000,43.0000
586.1554,199.2849,47.0000,47.0000
583.7449,198.9336,45.0000,41.0000
581.7339,197.6711,48.0000,46.0000
581.0041,193.8525,41.0000,46.0000
582.2758,197.1533,37.0000,54.0000
587.7410,204.0199,19.0000,64.0000
582.6870,194.5909,22.0000,92.0000
578.5839,195.4567,24.0000,120.0000
577.3309,188.6515,20.0000,142.0000
576.5590,185.1493,18.0000,153.0000
574.4452,181.9195,18.0000,153.0000
573.2670,185.2417,18.0000,150.0000
571.8915,183.1914,19.0000,150.0000
571.5687,185.3790,19.0000,147.0000
570.7946,183.2175,20.0000,151.0000
569.7552,186.5530,21.0000,146.0000
568.9559,184.7179,21.0000,148.0000
568.6786,185.5145,21.0000,145.0000
568.2491,183.1082,21.0000,149.0000
567.7685,183.1113,21.0000,151.0000
567.3086,181.2456,21.0000,151.0000
566.9072,183.3681,21.0000,146.0000
566.1564,179.8326,21.0000,150.0000
565.0883,178.8924,22.0000,159.0000
564.7947,181.7405,21.0000,149.0000
564.7741,179.3413,20.0000,160.0000
563.7718,178.2912,20.0000,160.0000
563.7218,181.4425,18.0000,152.0000
563.6421,175.8306,17.0000,168.0000
559.2550,166.1662,25.0000,187.0000
560.6583,173.3279,19.0000,169.0000
559.7529,181.4240,23.0000,171.0000
558.8235,175.2678,26.0000,168.0000
561.7084,143.3311,29.0000,160.0000
559.9657,146.1477,33.0000,157.0000
558.9137,146.3420,33.0000,154.0000
558.0687,147.5579,33.0000,151.0000
556.5546,146.0110,34.0000,158.0000
556.2223,142.3875,33.0000,165.0000
557.4164,143.9531,30.0000,162.0000
556.2446,144.9145,32.0000,164.0000
554.8151,146.8295,33.0000,161.0000
555.8658,148.0409,31.0000,158.0000
555.1912,147.0169,32.0000,162.0000
554.4975,144.1069,33.0000,167.0000
557.9657,167.8172,27.0000,117.0000
554.2089,179.2044,32.0000,133.0000
555.5623,148.9751,33.0000,162.0000
557.9728,173.8594,30.0000,111.0000
557.0347,169.0372,33.0000,128.0000
557.5551,157.8777,33.0000,144.0000
559.3770,155.2601,31.0000,153.0000
559.7720,160.0015,29.0000,157.0000
558.5439,199.0404,24.0000,157.0000
559.6607,179.2851,22.0000,183.0000
560.3562,185.9225,23.0000,203.0000
560.9759,187.2176,25.0000,229.0000
562.3431,174.0067,25.0000,259.0000
563.9122,164.2197,24.0000,279.0000
568.4629,149.9980,19.0000,296.0000
571.5161,131.2952,17.0000,314.0000
573.0120,127.3651,18.0000,328.0000
575.0398,111.3257,18.0000,358.0000
575.0398,111.3257,18.0000,358.0000
575.0398,111.3257,18.0000,358.0000
575.0398,111.3257,18.0000,358.0000
575.0398,111.3257,18.0000,358.0000
575.0398,111.3257,18.0000,358.0000
575.0398,111.3257,18.0000,358.0000
575.0398,111.3257,18.0000,358.0000
575.0398,111.3257,18.0000,358.0000
575.0398,111.3257,18.0000,358.0000
575.0398,111.3257,18.0000,358.0000
575.0398,111.3257,18.0000,358.0000
575.0398,111.3257,18.0000,358.0000
575.0398,111.3257,18.0000,358.0000
575.0398,111.3257,18.0000,358.0000
575.0398,111.3257,18.0000,358.0000
575.0398,111.3257,18.0000,358.0000
575.0398,111.3257,18.0000,358.0000
575.0398,111.3257,18.0000,358.0000
2
0
0
0
0
1
612.3337,206.1924,44.0000,51.0000
611.4176,206.6901,46.0000,51.0000
612.4024,203.5080,46.0000,58.0000
614.3580,208.5285,43.0000,50.0000
611.8477,208.1420,48.0000,50.0000
614.3877,204.3332,46.0000,58.0000
615.5831,210.2131,43.0000,49.0000
613.4752,205.6517,48.0000,57.0000
616.3304,204.0988,44.0000,62.0000
615.7465,202.0668,44.0000,68.0000
617.1241,200.0884,42.0000,73.0000
620.7750,201.8916,35.0000,71.0000
627.3488,199.4536,24.0000,80.0000
630.5987,212.3508,17.0000,95.0000
627.5616,226.0852,24.0000,112.0000
621.5054,233.8752,31.0000,145.0000
607.9588,258.3402,43.0000,190.0000
2
0
0
0
0
1
611.3563,207.2186,29.0000,49.0000
609.0367,207.3887,29.0000,49.0000
607.5287,207.6729,29.0000,49.0000
604.7068,205.6758,30.0000,52.0000
603.7825,207.1763,28.0000,48.0000
601.4162,204.8336,29.0000,52.0000
599.8310,204.0787,28.0000,52.0000
598.0051,204.1168,28.0000,52.0000
595.6226,203.2277,29.0000,53.0000
594.6410,203.3774,28.0000,53.0000
593.5098,200.8498,28.0000,59.0000
592.9132,198.5460,26.0000,65.0000
592.8814,198.0548,23.0000,69.0000
593.1654,196.9095,19.0000,74.0000
591.5813,195.3511,18.0000,80.0000
585.3245,203.2460,21.0000,78.0000
580.3166,208.3394,22.0000,71.0000
577.8024,199.8779,23.0000,83.0000
576.8634,200.5043,23.0000,88.0000
2
0
0
0
0
1
572.2528,200.1086,43.0000,51.0000
573.2107,199.2086,40.0000,54.0000
573.1790,197.8322,39.0000,59.0000
573.9981,195.9956,37.0000,64.0000
573.8493,192.0144,37.0000,73.0000
576.3210,187.6772,32.0000,84.0000
575.9181,185.4740,31.0000,97.0000
573.9458,175.3297,36.0000,115.0000
572.5444,249.3989,37.0000,127.0000
566.2578,240.1845,52.0000,170.0000
566.2578,240.1845,52.0000,170.0000
566.2578,240.1845,52.0000,170.0000
566.2578,240.1845,52.0000,170.0000
566.2578,240.1845,52.0000,170.0000
566.2578,240.1845,52.0000,170.0000
566.2578,240.1845,52.0000,170.0000
566.2578,240.1845,52.0000,170.0000
566.2578,240.1845,52.0000,170.0000
566.2578,240.1845,52.0000,170.0000
566.2578,240.1845,52.0000,170.0000
566.2578,240.1845,52.0000,170.0000
566.2578,240.1845,52.0000,170.0000
566.2578,240.1845,52.0000,170.0000
566.2578,240.1845,52.0000,170.0000
566.2578,240.1845,52.0000,170.0000
566.2578,240.1845,52.0000,170.0000
566.2578,240.1845,52.0000,170.0000
566.2578,240.1845,52.0000,170.0000
566.2578,240.1845,52.0000,170.0000
566.2578,240.1845,52.0000,170.0000
566.2578,240.1845,52.0000,170.0000
566.2578,240.1845,52.0000,170.0000
566.2578,240.1845,52.0000,170.0000
566.2578,240.1845,52.0000,170.0000
566.2578,240.1845,52.0000,170.0000
566.2578,240.1845,52.0000,170.0000
2
0
0
0
0
1
608.6368,195.3300,57.0000,50.0000
608.7061,195.9590,57.0000,49.0000
608.8631,195.8767,57.0000,49.0000
608.6380,195.8990,57.0000,49.0000
609.9459,194.6524,55.0000,51.0000
613.5379,194.0287,47.0000,52.0000
616.8580,189.1900,35.0000,62.0000
623.5578,191.1527,22.0000,75.0000
622.6089,199.4044,22.0000,97.0000
617.5441,207.8970,30.0000,114.0000
610.1256,209.7019,39.0000,137.0000
611.3432,187.7607,49.0000,165.0000
611.3432,187.7607,49.0000,165.0000
611.3432,187.7607,49.0000,165.0000
611.3432,187.7607,49.0000,165.0000
611.3432,187.7607,49.0000,165.0000
611.3432,187.7607,49.0000,165.0000
611.3432,187.7607,49.0000,165.0000
611.3432,187.7607,49.0000,165.0000
611.3432,187.7607,49.0000,165.0000
611.3432,187.7607,49.0000,165.0000
611.3432,187.7607,49.0000,165.0000
611.3432,187.7607,49.0000,165.0000
574.1694,227.9795,64.0000,183.0000
2
0
0
0
0
1
597.7220,200.5172,31.0000,47.0000
597.2541,200.3468,30.0000,48.0000
596.0564,201.2864,30.0000,48.0000
595.3317,201.0765,30.0000,48.0000
594.5459,200.6323,30.0000,48.0000
593.3517,199.7269,30.0000,49.0000
592.1888,201.3707,32.0000,47.0000
591.1766,200.7122,32.0000,49.0000
591.0366,200.2026,32.0000,49.0000
590.5200,199.7386,32.0000,50.0000
589.9119,199.7288,33.0000,50.0000
590.5660,199.9760,32.0000,50.0000
589.5209,202.5989,34.0000,46.0000
588.8139,200.5314,36.0000,49.0000
583.4637,204.3218,45.0000,44.0000
576.4351,202.8627,55.0000,47.0000
570.4329,206.1243,63.0000,42.0000
566.5127,205.7781,67.0000,43.0000
561.1099,206.1268,71.0000,44.0000
557.3980,205.6607,72.0000,46.0000
555.7464,209.8894,70.0000,42.0000
553.8373,210.8999,71.0000,42.0000
550.4078,209.6750,71.0000,45.0000
547.6821,211.6517,71.0000,43.0000
544.7417,210.6403,71.0000,45.0000
541.5990,210.6555,72.0000,46.0000
537.1214,211.8762,73.0000,45.0000
532.9853,212.0649,73.0000,45.0000
530.5704,213.7324,71.0000,44.0000
524.4088,214.6686,73.0000,42.0000
520.7936,215.1139,70.0000,41.0000
516.2163,215.3804,70.0000,42.0000
515.1538,217.4039,65.0000,41.0000
510.5485,218.8245,66.0000,39.0000
512.2508,223.9750,63.0000,38.0000
506.4305,223.4368,65.0000,40.0000
502.8792,223.9954,63.0000,40.0000
495.5905,223.7722,67.0000,41.0000
492.9695,224.6865,63.0000,39.0000
486.5825,224.2677,66.0000,42.0000
482.1824,226.8399,64.0000,38.0000
468.9515,219.6237,67.0000,44.0000
474.8452,230.1669,63.0000,37.0000
468.8981,228.8241,65.0000,41.0000
463.6847,228.7998,62.0000,39.0000
444.3896,217.2123,62.0000,39.0000
448.3983,224.1230,62.0000,39.0000
444.3092,222.4518,61.0000,43.0000
441.4311,226.0261,60.0000,36.0000
438.9613,224.9404,58.0000,38.0000
438.7695,227.7791,54.0000,34.0000
438.4682,228.7817,50.0000,34.0000
438.2056,228.6593,46.0000,35.0000
444.0399,236.6658,31.0000,22.0000
449.4652,235.3032,15.0000,24.0000
443.4951,231.0605,25.0000,34.0000
449.1194,241.9562,15.0000,23.0000
442.3209,233.7813,24.0000,37.0000
447.8844,244.0349,13.0000,24.0000
442.0727,235.0265,21.0000,39.0000
445.3353,245.0719,14.0000,25.0000
439.3440,236.6851,22.0000,39.0000
444.4441,247.2561,12.0000,24.0000
438.9491,237.2658,20.0000,40.0000
436.4048,240.1032,26.0000,41.0000
440.7035,247.8856,14.0000,23.0000
434.8452,238.9416,23.0000,37.0000
434.6337,242.7056,26.0000,37.0000
434.3028,242.7485,26.0000,37.0000
433.9896,242.5321,26.0000,37.0000
433.5560,242.6904,30.0000,40.0000
430.7110,242.9531,33.0000,37.0000
424.3631,241.0789,42.0000,36.0000
418.5399,243.2310,53.0000,32.0000
411.7507,242.5435,63.0000,33.0000
412.6182,243.1703,60.0000,33.0000
413.1124,244.5442,58.0000,32.0000
410.7310,243.4713,60.0000,35.0000
411.9714,246.9272,58.0000,32.0000
410.6462,247.8534,59.0000,33.0000
409.8155,249.3901,59.0000,33.0000
408.5869,250.3187,58.0000,33.0000
408.8698,252.3118,56.0000,32.0000
406.6233,251.9661,57.0000,33.0000
405.8553,252.9995,57.0000,33.0000
403.8844,253.3404,57.0000,33.0000
404.2214,255.5980,56.0000,31.0000
403.3594,254.6948,54.0000,32.0000
413.8792,262.7474,48.0000,31.0000
411.7968,258.4560,39.0000,30.0000
417.3781,260.4231,31.0000,30.0000
420.0233,260.8371,27.0000,30.0000
420.5606,260.1208,27.0000,32.0000
422.1345,261.6801,26.0000,32.0000
422.5937,262.0948,26.0000,31.0000
423.1564,262.4520,28.0000,34.0000
423.7348,263.3599,28.0000,33.0000
424.1455,263.6833,29.0000,33.0000
424.7803,263.5576,29.0000,33.0000
426.0974,264.0161,29.0000,33.0000
426.6208,263.6430,30.0000,34.0000
427.5139,263.8178,31.0000,34.0000
425.1550,262.3067,36.0000,34.0000
418.9926,261.1696,46.0000,34.0000
411.1558,259.2056,61.0000,36.0000
409.1382,259.0670,64.0000,36.0000
409.6961,254.6838,63.0000,43.0000
411.7260,255.5227,61.0000,43.0000
412.6176,255.4174,60.0000,43.0000
416.7070,257.7049,59.0000,41.0000
418.1352,260.1568,58.0000,39.0000
416.3548,256.2609,58.0000,41.0000
418.0342,258.4865,58.0000,40.0000
419.3480,258.5054,58.0000,42.0000
419.6492,258.8963,58.0000,41.0000
420.8276,258.9604,57.0000,41.0000
421.9062,259.0889,57.0000,41.0000
424.1486,259.2003,57.0000,40.0000
424.3013,258.6175,57.0000,40.0000
423.9922,257.6154,60.0000,40.0000
426.4675,256.8003,59.0000,40.0000
428.4927,255.9299,59.0000,41.0000
431.2251,254.9759,59.0000,42.0000
434.0770,255.5453,59.0000,42.0000
439.0457,257.1009,56.0000,39.0000
445.9929,256.8206,49.0000,41.0000
454.1336,254.5364,39.0000,42.0000
462.6776,254.8162,30.0000,45.0000
469.1375,254.3869,24.0000,46.0000
474.6329,253.6263,21.0000,52.0000
478.1501,255.0286,21.0000,47.0000
483.7527,251.9938,20.0000,52.0000
487.0387,250.4224,21.0000,55.0000
489.8119,245.0629,22.0000,63.0000
492.6156,243.4819,23.0000,66.0000
495.1385,242.1900,23.0000,63.0000
498.9492,243.7100,23.0000,61.0000
502.0450,238.9447,23.0000,66.0000
505.3526,241.3288,22.0000,60.0000
509.8234,241.3943,22.0000,61.0000
512.4395,235.9380,22.0000,68.0000
515.6231,237.9265,22.0000,62.0000
518.8058,234.6185,23.0000,68.0000
521.6240,230.1121,23.0000,73.0000
525.9945,230.4623,23.0000,73.0000
528.9431,225.9901,23.0000,79.0000
532.2728,226.0164,23.0000,76.0000
536.1552,226.6536,22.0000,72.0000
539.8150,221.8298,22.0000,79.0000
542.2980,222.9463,23.0000,76.0000
545.4519,217.0574,23.0000,85.0000
548.0054,215.2223,24.0000,88.0000
550.4197,217.1240,24.0000,79.0000
552.7270,217.5627,25.0000,74.0000
554.6180,215.2401,26.0000,75.0000
553.3884,216.8529,33.0000,64.0000
550.5411,216.3909,44.0000,58.0000
544.2463,219.9207,57.0000,44.0000
540.7102,213.4913,62.0000,49.0000
541.4887,218.2255,64.0000,42.0000
538.7670,211.3319,65.0000,48.0000
542.4517,214.9535,66.0000,42.0000
541.0596,208.4609,64.0000,48.0000
544.3567,212.0397,66.0000,42.0000
543.9222,206.3133,64.0000,47.0000
547.6692,207.7644,65.0000,46.0000
545.4559,203.4984,66.0000,47.0000
550.1219,205.3695,63.0000,47.0000
547.5631,200.3986,64.0000,48.0000
549.8813,201.8781,64.0000,45.0000
547.4030,199.3058,66.0000,44.0000
550.6217,199.0633,63.0000,44.0000
549.3277,198.0372,63.0000,42.0000
549.2629,196.8606,63.0000,41.0000
548.9817,194.9990,63.0000,42.0000
550.2043,193.3352,62.0000,43.0000
550.5215,194.0950,62.0000,40.0000
548.9767,190.6667,62.0000,40.0000
550.0860,189.0163,61.0000,41.0000
549.6692,186.8223,61.0000,42.0000
549.7090,184.4759,61.0000,42.0000
549.7355,182.9565,61.0000,41.0000
549.0055,180.0193,62.0000,42.0000
549.6062,177.9325,62.0000,42.0000
551.1936,175.9471,60.0000,42.0000
555.3839,172.2958,51.0000,41.0000
565.1968,167.6532,35.0000,45.0000
575.0760,169.9417,21.0000,52.0000
573.2410,172.2115,17.0000,65.0000
570.0669,161.0922,18.0000,84.0000
568.5160,156.6770,17.0000,91.0000
569.7535,152.5929,14.0000,99.0000
570.2732,150.9473,12.0000,106.0000
570.4325,167.3081,11.0000,87.0000
570.9450,188.7473,9.0000,67.0000
571.4334,178.1091,9.0000,83.0000
571.2350,169.5675,9.0000,110.0000
571.4096,190.9859,8.0000,86.0000
571.0060,177.0330,9.0000,109.0000
570.6876,190.4239,9.0000,85.0000
570.9878,193.1284,8.0000,70.0000
570.5169,174.0115,9.0000,92.0000
569.7317,160.1649,10.0000,123.0000
564.9923,163.7209,17.0000,140.0000
566.4487,116.7472,14.0000,158.0000
567.2406,146.3390,12.0000,111.0000
567.0161,153.6802,12.0000,93.0000
565.8250,167.1743,13.0000,84.0000
566.6951,151.5001,14.0000,78.0000
566.1571,148.2664,17.0000,99.0000
561.2683,129.4528,20.0000,123.0000
561.1086,126.2298,19.0000,132.0000
561.3476,133.9897,18.0000,121.0000
561.8886,130.2309,17.0000,121.0000
562.5336,141.5989,17.0000,98.0000
561.6838,131.8748,18.0000,120.0000
560.9750,124.7337,18.0000,135.0000
560.7317,116.8560,18.0000,151.0000
560.0733,109.4877,18.0000,167.0000
559.6726,107.2723,18.0000,169.0000
559.8991,108.0205,17.0000,166.0000
559.2941,120.2913,17.0000,138.0000
559.3009,127.9359,17.0000,118.0000
559.9954,130.5169,17.0000,103.0000
559.3506,122.1727,18.0000,115.0000
559.7934,112.9342,17.0000,127.0000
560.9451,108.4698,19.0000,128.0000
563.9847,126.6365,32.0000,95.0000
555.7440,129.6203,42.0000,71.0000
545.5771,143.5876,58.0000,42.0000
530.4732,136.1556,65.0000,45.0000
531.1395,139.6516,66.0000,42.0000
528.2441,138.7219,66.0000,42.0000
526.9438,138.1678,64.0000,42.0000
524.5268,138.8830,66.0000,40.0000
524.2870,137.9253,63.0000,40.0000
522.5793,135.7763,66.0000,45.0000
526.6967,141.9315,64.0000,40.0000
519.5333,135.8277,67.0000,43.0000
523.2881,140.7201,67.0000,41.0000
519.6069,136.3313,65.0000,41.0000
519.4224,135.7389,67.0000,44.0000
524.1026,139.6229,64.0000,42.0000
519.1225,136.5937,66.0000,41.0000
520.0309,136.9623,64.0000,41.0000
518.3477,135.4846,66.0000,42.0000
518.7803,136.7020,66.0000,41.0000
518.5341,136.1183,64.0000,41.0000
518.3099,135.7125,66.0000,43.0000
519.6280,137.1897,64.0000,41.0000
517.7757,134.7988,65.0000,42.0000
520.5352,134.4535,61.0000,42.0000
527.3819,132.8761,50.0000,43.0000
538.2280,131.4107,35.0000,45.0000
545.1919,130.5242,21.0000,52.0000
544.9950,131.1867,18.0000,62.0000
543.2337,128.6801,19.0000,76.0000
541.9167,129.1919,19.0000,90.0000
542.0718,122.2621,18.0000,108.0000
542.3303,145.2344,17.0000,92.0000
541.9687,132.3817,16.0000,84.0000
544.0511,137.4986,15.0000,72.0000
543.5318,132.9287,16.0000,82.0000
542.5872,128.6497,17.0000,87.0000
542.0502,126.3050,17.0000,91.0000
541.7480,132.1225,17.0000,83.0000
541.9315,129.7580,17.0000,85.0000
542.1029,128.8369,17.0000,90.0000
541.8149,129.0785,17.0000,94.0000
541.5518,125.5306,17.0000,85.0000
541.9045,126.6281,17.0000,81.0000
541.9153,123.7604,17.0000,86.0000
541.6301,125.2842,17.0000,87.0000
541.5190,126.1344,17.0000,85.0000
541.6466,124.4744,17.0000,87.0000
541.5494,126.1627,17.0000,84.0000
541.4630,125.2139,17.0000,85.0000
541.2267,126.4702,17.0000,85.0000
541.9532,127.8625,16.0000,82.0000
541.9674,130.5281,16.0000,80.0000
542.0763,129.4251,16.0000,80.0000
542.0545,129.0360,16.0000,80.0000
542.1664,128.2745,16.0000,81.0000
541.6769,128.0474,16.0000,82.0000
538.9621,136.6313,17.0000,82.0000
539.7204,130.5622,15.0000,70.0000
542.4490,139.8321,14.0000,61.0000
538.7246,138.2399,16.0000,76.0000
539.0576,146.6184,15.0000,64.0000
538.5462,147.8022,15.0000,62.0000
538.3762,148.9073,15.0000,59.0000
537.9637,146.4041,15.0000,61.0000
538.4435,145.5020,14.0000,59.0000
538.3583,148.3960,14.0000,57.0000
541.1130,140.5214,14.0000,60.0000
536.2252,137.3800,17.0000,77.0000
536.5713,134.1810,16.0000,66.0000
535.9533,134.1910,15.0000,56.0000
539.7264,138.3962,14.0000,51.0000
538.5024,124.3493,17.0000,74.0000
532.6205,117.0868,19.0000,87.0000
533.9179,127.3327,16.0000,66.0000
533.1280,131.4079,16.0000,58.0000
535.7186,127.9122,6.0000,66.0000
534.8622,149.7227,6.0000,47.0000
532.9649,146.0274,6.0000,56.0000
532.6516,147.8237,5.0000,49.0000
531.3707,137.2596,7.0000,60.0000
533.3273,144.6857,5.0000,46.0000
533.0407,137.3971,6.0000,48.0000
533.6660,138.7753,6.0000,45.0000
534.1795,138.8922,6.0000,45.0000
534.5834,137.8001,6.0000,47.0000
534.2969,137.9452,7.0000,47.0000
534.5417,138.9624,7.0000,48.0000
535.0246,141.2874,6.0000,42.0000
534.1409,134.0903,7.0000,53.0000
534.7049,139.3591,6.0000,45.0000
536.3332,133.7150,5.0000,49.0000
540.0280,132.7995,2.0000,31.0000
540.5782,130.7857,3.0000,19.0000
539.5115,121.5383,5.0000,20.0000
537.8608,119.3585,8.0000,25.0000
534.2530,119.0148,13.0000,27.0000
528.5993,115.4753,22.0000,33.0000
522.2196,115.8732,37.0000,41.0000
513.9361,116.7040,52.0000,41.0000
510.4160,115.6958,53.0000,39.0000
509.3533,114.6479,53.0000,40.0000
508.4637,116.3880,56.0000,40.0000
506.3070,114.9728,58.0000,40.0000
503.5436,113.6147,61.0000,42.0000
500.2252,109.8161,69.0000,55.0000
494.5650,106.2310,80.0000,68.0000
494.5650,106.2310,80.0000,68.0000
494.5650,106.2310,80.0000,68.0000
494.5650,106.2310,80.0000,68.0000
494.5650,106.2310,80.0000,68.0000
494.5650,106.2310,80.0000,68.0000
494.5650,106.2310,80.0000,68.0000
494.5650,106.2310,80.0000,68.0000
494.5650,106.2310,80.0000,68.0000
494.5650,106.2310,80.0000,68.0000
494.5650,106.2310,80.0000,68.0000
494.5650,106.2310,80.0000,68.0000
494.5650,106.2310,80.0000,68.0000
494.5650,106.2310,80.0000,68.0000
515.1397,135.1027,108.0000,93.0000
530.7312,141.3243,146.0000,130.0000
530.0583,110.2869,200.0000,180.0000
483.4348,70.6146,273.0000,247.0000
483.4348,70.6146,273.0000,247.0000
483.4348,70.6146,273.0000,247.0000
483.4348,70.6146,273.0000,247.0000
432.4312,26.2607,373.0000,318.0000
274.1239,6.0420,507.0000,375.0000
274.1239,6.0420,507.0000,375.0000
274.1239,6.0420,507.0000,375.0000
274.1239,6.0420,507.0000,375.0000
274.1239,6.0420,507.0000,375.0000
274.1239,6.0420,507.0000,375.0000
274.1239,6.0420,507.0000,375.0000
274.1239,6.0420,507.0000,375.0000
274.1239,6.0420,507.0000,375.0000
274.1239,6.0420,507.0000,375.0000
274.1239,6.0420,507.0000,375.0000
274.1239,6.0420,507.0000,375.0000
274.1239,6.0420,507.0000,375.0000
274.1239,6.0420,507.0000,375.0000
274.1239,6.0420,507.0000,375.0000
274.1239,6.0420,507.0000,375.0000
274.1239,6.0420,507.0000,375.0000
274.1239,6.0420,507.0000,375.0000
274.1239,6.0420,507.0000,375.0000
274.1239,6.0420,507.0000,375.0000
274.1239,6.0420,507.0000,375.0000
274.1239,6.0420,507.0000,375.0000
274.1239,6.0420,507.0000,375.0000
274.1239,6.0420,507.0000,375.0000
274.1239,6.0420,507.0000,375.0000
274.1239,6.0420,507.0000,375.0000
274.1239,6.0420,507.0000,375.0000
274.1239,6.0420,507.0000,375.0000
274.1239,6.0420,507.0000,375.0000
274.1239,6.0420,507.0000,375.0000
274.1239,6.0420,507.0000,375.0000
274.1239,6.0420,507.0000,375.0000
274.1239,6.0420,507.0000,375.0000
274.1239,6.0420,507.0000,375.0000
274.1239,6.0420,507.0000,375.0000
274.1239,6.0420,507.0000,375.0000
274.1239,6.0420,507.0000,375.0000
274.1239,6.0420,507.0000,375.0000
274.1239,6.0420,507.0000,375.0000
274.1239,6.0420,507.0000,375.0000
274.1239,6.0420,507.0000,375.0000
274.1239,6.0420,507.0000,375.0000
274.1239,6.0420,507.0000,375.0000
274.1239,6.0420,507.0000,375.0000
274.1239,6.0420,507.0000,375.0000
274.1239,6.0420,507.0000,375.0000
274.1239,6.0420,507.0000,375.0000
274.1239,6.0420,507.0000,375.0000
274.1239,6.0420,507.0000,375.0000
274.1239,6.0420,507.0000,375.0000
274.1239,6.0420,507.0000,375.0000
274.1239,6.0420,507.0000,375.0000
274.1239,6.0420,507.0000,375.0000
274.1239,6.0420,507.0000,375.0000
274.1239,6.0420,507.0000,375.0000
274.1239,6.0420,507.0000,375.0000
274.1239,6.0420,507.0000,375.0000
274.1239,6.0420,507.0000,375.0000
274.1239,6.0420,507.0000,375.0000
274.1239,6.0420,507.0000,375.0000
274.1239,6.0420,507.0000,375.0000
274.1239,6.0420,507.0000,375.0000
274.1239,6.0420,507.0000,375.0000
274.1239,6.0420,507.0000,375.0000
274.1239,6.0420,507.0000,375.0000
274.1239,6.0420,507.0000,375.0000
274.1239,6.0420,507.0000,375.0000
274.1239,6.0420,507.0000,375.0000
274.1239,6.0420,507.0000,375.0000
274.1239,6.0420,507.0000,375.0000
274.1239,6.0420,507.0000,375.0000
274.1239,6.0420,507.0000,375.0000
274.1239,6.0420,507.0000,375.0000
274.1239,6.0420,507.0000,375.0000
274.1239,6.0420,507.0000,375.0000
274.1239,6.0420,507.0000,375.0000
274.1239,6.0420,507.0000,375.0000
274.1239,6.0420,507.0000,375.0000
274.1239,6.0420,507.0000,375.0000
274.1239,6.0420,507.0000,375.0000
274.1239,6.0420,507.0000,375.0000
274.1239,6.0420,507.0000,375.0000
274.1239,6.0420,507.0000,375.0000
274.1239,6.0420,507.0000,375.0000
274.1239,6.0420,507.0000,375.0000
274.1239,6.0420,507.0000,375.0000
274.1239,6.0420,507.0000,375.0000
274.1239,6.0420,507.0000,375.0000
274.1239,6.0420,507.0000,375.0000
274.1239,6.0420,507.0000,375.0000
274.1239,6.0420,507.0000,375.0000
274.1239,6.0420,507.0000,375.0000
274.1239,6.0420,507.0000,375.0000
274.1239,6.0420,507.0000,375.0000
274.1239,6.0420,507.0000,375.0000
274.1239,6.0420,507.0000,375.0000
274.1239,6.0420,507.0000,375.0000
274.1239,6.0420,507.0000,375.0000
274.1239,6.0420,507.0000,375.0000
274.1239,6.0420,507.0000,375.0000
274.1239,6.0420,507.0000,375.0000
274.1239,6.0420,507.0000,375.0000
274.1239,6.0420,507.0000,375.0000
274.1239,6.0420,507.0000,375.0000
274.1239,6.0420,507.0000,375.0000
274.1239,6.0420,507.0000,375.0000
274.1239,6.0420,507.0000,375.0000
274.1239,6.0420,507.0000,375.0000
274.1239,6.0420,507.0000,375.0000
274.1239,6.0420,507.0000,375.0000
274.1239,6.0420,507.0000,375.0000
274.1239,6.0420,507.0000,375.0000
274.1239,6.0420,507.0000,375.0000
274.1239,6.0420,507.0000,375.0000
274.1239,6.0420,507.0000,375.0000
274.1239,6.0420,507.0000,375.0000
274.1239,6.0420,507.0000,375.0000
274.1239,6.0420,507.0000,375.0000
274.1239,6.0420,507.0000,375.0000
274.1239,6.0420,507.0000,375.0000
274.1239,6.0420,507.0000,375.0000
274.1239,6.0420,507.0000,375.0000
274.1239,6.0420,507.0000,375.0000
274.1239,6.0420,507.0000,375.0000
274.1239,6.0420,507.0000,375.0000
274.1239,6.0420,507.0000,375.0000
274.1239,6.0420,507.0000,375.0000
274.1239,6.0420,507.0000,375.0000
274.1239,6.0420,507.0000,375.0000
274.1239,6.0420,507.0000,375.0000
274.1239,6.0420,507.0000,375.0000
274.1239,6.0420,507.0000,375.0000
274.1239,6.0420,507.0000,375.0000
274.1239,6.0420,507.0000,375.0000
274.1239,6.0420,507.0000,375.0000
274.1239,6.0420,507.0000,375.0000
274.1239,6.0420,507.0000,375.0000
274.1239,6.0420,507.0000,375.0000
274.1239,6.0420,507.0000,375.0000
274.1239,6.0420,507.0000,375.0000
274.1239,6.0420,507.0000,375.0000
274.1239,6.0420,507.0000,375.0000
274.1239,6.0420,507.0000,375.0000
274.1239,6.0420,507.0000,375.0000
274.1239,6.0420,507.0000,375.0000
274.1239,6.0420,507.0000,375.0000
274.1239,6.0420,507.0000,375.0000
274.1239,6.0420,507.0000,375.0000
274.1239,6.0420,507.0000,375.0000
274.1239,6.0420,507.0000,375.0000
274.1239,6.0420,507.0000,375.0000
274.1239,6.0420,507.0000,375.0000
274.1239,6.0420,507.0000,375.0000
274.1239,6.0420,507.0000,375.0000
274.1239,6.0420,507.0000,375.0000
274.1239,6.0420,507.0000,375.0000
274.1239,6.0420,507.0000,375.0000
274.1239,6.0420,507.0000,375.0000
274.1239,6.0420,507.0000,375.0000
274.1239,6.0420,507.0000,375.0000
274.1239,6.0420,507.0000,375.0000
274.1239,6.0420,507.0000,375.0000
274.1239,6.0420,507.0000,375.0000
274.1239,6.0420,507.0000,375.0000
274.1239,6.0420,507.0000,375.0000
274.1239,6.0420,507.0000,375.0000
274.1239,6.0420,507.0000,375.0000
274.1239,6.0420,507.0000,375.0000
274.1239,6.0420,507.0000,375.0000
274.1239,6.0420,507.0000,375.0000
274.1239,6.0420,507.0000,375.0000
274.1239,6.0420,507.0000,375.0000
274.1239,6.0420,507.0000,375.0000
274.1239,6.0420,507.0000,375.0000
274.1239,6.0420,507.0000,375.0000
274.1239,6.0420,507.0000,375.0000
274.1239,6.0420,507.0000,375.0000
274.1239,6.0420,507.0000,375.0000
274.1239,6.0420,507.0000,375.0000
274.1239,6.0420,507.0000,375.0000
274.1239,6.0420,507.0000,375.0000
274.1239,6.0420,507.0000,375.0000
274.1239,6.0420,507.0000,375.0000
274.1239,6.0420,507.0000,375.0000
274.1239,6.0420,507.0000,375.0000
274.1239,6.0420,507.0000,375.0000
274.1239,6.0420,507.0000,375.0000
274.1239,6.0420,507.0000,375.0000
274.1239,6.0420,507.0000,375.0000
274.1239,6.0420,507.0000,375.0000
274.1239,6.0420,507.0000,375.0000
274.1239,6.0420,507.0000,375.0000
274.1239,6.0420,507.0000,375.0000
274.1239,6.0420,507.0000,375.0000
274.1239,6.0420,507.0000,375.0000
274.1239,6.0420,507.0000,375.0000
274.1239,6.0420,507.0000,375.0000
274.1239,6.0420,507.0000,375.0000
274.1239,6.0420,507.0000,375.0000
274.1239,6.0420,507.0000,375.0000
274.1239,6.0420,507.0000,375.0000
274.1239,6.0420,507.0000,375.0000
274.1239,6.0420,507.0000,375.0000
274.1239,6.0420,507.0000,375.0000
274.1239,6.0420,507.0000,375.0000
274.1239,6.0420,507.0000,375.0000
274.1239,6.0420,507.0000,375.0000
274.1239,6.0420,507.0000,375.0000
274.1239,6.0420,507.0000,375.0000
274.1239,6.0420,507.0000,375.0000
274.1239,6.0420,507.0000,375.0000
274.1239,6.0420,507.0000,375.0000
274.1239,6.0420,507.0000,375.0000
274.1239,6.0420,507.0000,375.0000
274.1239,6.0420,507.0000,375.0000
274.1239,6.0420,507.0000,375.0000
274.1239,6.0420,507.0000,375.0000
274.1239,6.0420,507.0000,375.0000
274.1239,6.0420,507.0000,375.0000
274.1239,6.0420,507.0000,375.0000
274.1239,6.0420,507.0000,375.0000
274.1239,6.0420,507.0000,375.0000
274.1239,6.0420,507.0000,375.0000
274.1239,6.0420,507.0000,375.0000
274.1239,6.0420,507.0000,375.0000
274.1239,6.0420,507.0000,375.0000
274.1239,6.0420,507.0000,375.0000
274.1239,6.0420,507.0000,375.0000
274.1239,6.0420,507.0000,375.0000
274.1239,6.0420,507.0000,375.0000
274.1239,6.0420,507.0000,375.0000
274.1239,6.0420,507.0000,375.0000
274.1239,6.0420,507.0000,375.0000
274.1239,6.0420,507.0000,375.0000
274.1239,6.0420,507.0000,375.0000
274.1239,6.0420,507.0000,375.0000
274.1239,6.0420,507.0000,375.0000
274.1239,6.0420,507.0000,375.0000
274.1239,6.0420,507.0000,375.0000
274.1239,6.0420,507.0000,375.0000
274.1239,6.0420,507.0000,375.0000
274.1239,6.0420,507.0000,375.0000
274.1239,6.0420,507.0000,375.0000
274.1239,6.0420,507.0000,375.0000
274.1239,6.0420,507.0000,375.0000
274.1239,6.0420,507.0000,375.0000
274.1239,6.0420,507.0000,375.0000
274.1239,6.0420,507.0000,375.0000
274.1239,6.0420,507.0000,375.0000
274.1239,6.0420,507.0000,375.0000
274.1239,6.0420,507.0000,375.0000
274.1239,6.0420,507.0000,375.0000
274.1239,6.0420,507.0000,375.0000
274.1239,6.0420,507.0000,375.0000
274.1239,6.0420,507.0000,375.0000
274.1239,6.0420,507.0000,375.0000
274.1239,6.0420,507.0000,375.0000
274.1239,6.0420,507.0000,375.0000
274.1239,6.0420,507.0000,375.0000
274.1239,6.0420,507.0000,375.0000
274.1239,6.0420,507.0000,375.0000
274.1239,6.0420,507.0000,375.0000
274.1239,6.0420,507.0000,375.0000
274.1239,6.0420,507.0000,375.0000
274.1239,6.0420,507.0000,375.0000
274.1239,6.0420,507.0000,375.0000
274.1239,6.0420,507.0000,375.0000
274.1239,6.0420,507.0000,375.0000
274.1239,6.0420,507.0000,375.0000
274.1239,6.0420,507.0000,375.0000
274.1239,6.0420,507.0000,375.0000
274.1239,6.0420,507.0000,375.0000
274.1239,6.0420,507.0000,375.0000
274.1239,6.0420,507.0000,375.0000
274.1239,6.0420,507.0000,375.0000
274.1239,6.0420,507.0000,375.0000
274.1239,6.0420,507.0000,375.0000
274.1239,6.0420,507.0000,375.0000
274.1239,6.0420,507.0000,375.0000
274.1239,6.0420,507.0000,375.0000
274.1239,6.0420,507.0000,375.0000
274.1239,6.0420,507.0000,375.0000
274.1239,6.0420,507.0000,375.0000
274.1239,6.0420,507.0000,375.0000
274.1239,6.0420,507.0000,375.0000
274.1239,6.0420,507.0000,375.0000
274.1239,6.0420,507.0000,375.0000
274.1239,6.0420,507.0000,375.0000
274.1239,6.0420,507.0000,375.0000
274.1239,6.0420,507.0000,375.0000
274.1239,6.0420,507.0000,375.0000
274.1239,6.0420,507.0000,375.0000
274.1239,6.0420,507.0000,375.0000
274.1239,6.0420,507.0000,375.0000
274.1239,6.0420,507.0000,375.0000
274.1239,6.0420,507.0000,375.0000
274.1239,6.0420,507.0000,375.0000
274.1239,6.0420,507.0000,375.0000
274.1239,6.0420,507.0000,375.0000
274.1239,6.0420,507.0000,375.0000
274.1239,6.0420,507.0000,375.0000
274.1239,6.0420,507.0000,375.0000
274.1239,6.0420,507.0000,375.0000
274.1239,6.0420,507.0000,375.0000
274.1239,6.0420,507.0000,375.0000
274.1239,6.0420,507.0000,375.0000
274.1239,6.0420,507.0000,375.0000
274.1239,6.0420,507.0000,375.0000
274.1239,6.0420,507.0000,375.0000
274.1239,6.0420,507.0000,375.0000
274.1239,6.0420,507.0000,375.0000
274.1239,6.0420,507.0000,375.0000
274.1239,6.0420,507.0000,375.0000
274.1239,6.0420,507.0000,375.0000
274.1239,6.0420,507.0000,375.0000
274.1239,6.0420,507.0000,375.0000
274.1239,6.0420,507.0000,375.0000
274.1239,6.0420,507.0000,375.0000
274.1239,6.0420,507.0000,375.0000
274.1239,6.0420,507.0000,375.0000
274.1239,6.0420,507.0000,375.0000
274.1239,6.0420,507.0000,375.0000
274.1239,6.0420,507.0000,375.0000
274.1239,6.0420,507.0000,375.0000
274.1239,6.0420,507.0000,375.0000
274.1239,6.0420,507.0000,375.0000
274.1239,6.0420,507.0000,375.0000
274.1239,6.0420,507.0000,375.0000
274.1239,6.0420,507.0000,375.0000
274.1239,6.0420,507.0000,375.0000
274.1239,6.0420,507.0000,375.0000
274.1239,6.0420,507.0000,375.0000
274.1239,6.0420,507.0000,375.0000
274.1239,6.0420,507.0000,375.0000
274.1239,6.0420,507.0000,375.0000
274.1239,6.0420,507.0000,375.0000
274.1239,6.0420,507.0000,375.0000
274.1239,6.0420,507.0000,375.0000
274.1239,6.0420,507.0000,375.0000
274.1239,6.0420,507.0000,375.0000
274.1239,6.0420,507.0000,375.0000
274.1239,6.0420,507.0000,375.0000
274.1239,6.0420,507.0000,375.0000
274.1239,6.0420,507.0000,375.0000
274.1239,6.0420,507.0000,375.0000
274.1239,6.0420,507.0000,375.0000
274.1239,6.0420,507.0000,375.0000
274.1239,6.0420,507.0000,375.0000
274.1239,6.0420,507.0000,375.0000
274.1239,6.0420,507.0000,375.0000
274.1239,6.0420,507.0000,375.0000
274.1239,6.0420,507.0000,375.0000
274.1239,6.0420,507.0000,375.0000
274.1239,6.0420,507.0000,375.0000
274.1239,6.0420,507.0000,375.0000
274.1239,6.0420,507.0000,375.0000
274.1239,6.0420,507.0000,375.0000
274.1239,6.0420,507.0000,375.0000
274.1239,6.0420,507.0000,375.0000
274.1239,6.0420,507.0000,375.0000
274.1239,6.0420,507.0000,375.0000
274.1239,6.0420,507.0000,375.0000
274.1239,6.0420,507.0000,375.0000
274.1239,6.0420,507.0000,375.0000
274.1239,6.0420,507.0000,375.0000
274.1239,6.0420,507.0000,375.0000
274.1239,6.0420,507.0000,375.0000
274.1239,6.0420,507.0000,375.0000
274.1239,6.0420,507.0000,375.0000
274.1239,6.0420,507.0000,375.0000
274.1239,6.0420,507.0000,375.0000
274.1239,6.0420,507.0000,375.0000
274.1239,6.0420,507.0000,375.0000
274.1239,6.0420,507.0000,375.0000
274.1239,6.0420,507.0000,375.0000
274.1239,6.0420,507.0000,375.0000
274.1239,6.0420,507.0000,375.0000
274.1239,6.0420,507.0000,375.0000
274.1239,6.0420,507.0000,375.0000
274.1239,6.0420,507.0000,375.0000
274.1239,6.0420,507.0000,375.0000
274.1239,6.0420,507.0000,375.0000
274.1239,6.0420,507.0000,375.0000
274.1239,6.0420,507.0000,375.0000
274.1239,6.0420,507.0000,375.0000
274.1239,6.0420,507.0000,375.0000
274.1239,6.0420,507.0000,375.0000
274.1239,6.0420,507.0000,375.0000
274.1239,6.0420,507.0000,375.0000
274.1239,6.0420,507.0000,375.0000
274.1239,6.0420,507.0000,375.0000
274.1239,6.0420,507.0000,375.0000
274.1239,6.0420,507.0000,375.0000
274.1239,6.0420,507.0000,375.0000
274.1239,6.0420,507.0000,375.0000
274.1239,6.0420,507.0000,375.0000
274.1239,6.0420,507.0000,375.0000
274.1239,6.0420,507.0000,375.0000
274.1239,6.0420,507.0000,375.0000
274.1239,6.0420,507.0000,375.0000
274.1239,6.0420,507.0000,375.0000
274.1239,6.0420,507.0000,375.0000
274.1239,6.0420,507.0000,375.0000
274.1239,6.0420,507.0000,375.0000
274.1239,6.0420,507.0000,375.0000
274.1239,6.0420,507.0000,375.0000
274.1239,6.0420,507.0000,375.0000
274.1239,6.0420,507.0000,375.0000
274.1239,6.0420,507.0000,375.0000
274.1239,6.0420,507.0000,375.0000
274.1239,6.0420,507.0000,375.0000
274.1239,6.0420,507.0000,375.0000
274.1239,6.0420,507.0000,375.0000
274.1239,6.0420,507.0000,375.0000
274.1239,6.0420,507.0000,375.0000
274.1239,6.0420,507.0000,375.0000
274.1239,6.0420,507.0000,375.0000
274.1239,6.0420,507.0000,375.0000
274.1239,6.0420,507.0000,375.0000
274.1239,6.0420,507.0000,375.0000
274.1239,6.0420,507.0000,375.0000
274.1239,6.0420,507.0000,375.0000
274.1239,6.0420,507.0000,375.0000
274.1239,6.0420,507.0000,375.0000
274.1239,6.0420,507.0000,375.0000
274.1239,6.0420,507.0000,375.0000
274.1239,6.0420,507.0000,375.0000
274.1239,6.0420,507.0000,375.0000
274.1239,6.0420,507.0000,375.0000
274.1239,6.0420,507.0000,375.0000
274.1239,6.0420,507.0000,375.0000
274.1239,6.0420,507.0000,375.0000
274.1239,6.0420,507.0000,375.0000
274.1239,6.0420,507.0000,375.0000
274.1239,6.0420,507.0000,375.0000
274.1239,6.0420,507.0000,375.0000
274.1239,6.0420,507.0000,375.0000
274.1239,6.0420,507.0000,375.0000
274.1239,6.0420,507.0000,375.0000
274.1239,6.0420,507.0000,375.0000
274.1239,6.0420,507.0000,375.0000
274.1239,6.0420,507.0000,375.0000
274.1239,6.0420,507.0000,375.0000
274.1239,6.0420,507.0000,375.0000
274.1239,6.0420,507.0000,375.0000
274.1239,6.0420,507.0000,375.0000
274.1239,6.0420,507.0000,375.0000
274.1239,6.0420,507.0000,375.0000
274.1239,6.0420,507.0000,375.0000
274.1239,6.0420,507.0000,375.0000
274.1239,6.0420,507.0000,375.0000
274.1239,6.0420,507.0000,375.0000
274.1239,6.0420,507.0000,375.0000
274.1239,6.0420,507.0000,375.0000
274.1239,6.0420,507.0000,375.0000
274.1239,6.0420,507.0000,375.0000
274.1239,6.0420,507.0000,375.0000
274.1239,6.0420,507.0000,375.0000
274.1239,6.0420,507.0000,375.0000
274.1239,6.0420,507.0000,375.0000
274.1239,6.0420,507.0000,375.0000
274.1239,6.0420,507.0000,375.0000
274.1239,6.0420,507.0000,375.0000
274.1239,6.0420,507.0000,375.0000
274.1239,6.0420,507.0000,375.0000
274.1239,6.0420,507.0000,375.0000
274.1239,6.0420,507.0000,375.0000
274.1239,6.0420,507.0000,375.0000
274.1239,6.0420,507.0000,375.0000
274.1239,6.0420,507.0000,375.0000
274.1239,6.0420,507.0000,375.0000
274.1239,6.0420,507.0000,375.0000
274.1239,6.0420,507.0000,375.0000
274.1239,6.0420,507.0000,375.0000
274.1239,6.0420,507.0000,375.0000
274.1239,6.0420,507.0000,375.0000
274.1239,6.0420,507.0000,375.0000
274.1239,6.0420,507.0000,375.0000
274.1239,6.0420,507.0000,375.0000
274.1239,6.0420,507.0000,375.0000
274.1239,6.0420,507.0000,375.0000
274.1239,6.0420,507.0000,375.0000
274.1239,6.0420,507.0000,375.0000
274.1239,6.0420,507.0000,375.0000
274.1239,6.0420,507.0000,375.0000
274.1239,6.0420,507.0000,375.0000
274.1239,6.0420,507.0000,375.0000
274.1239,6.0420,507.0000,375.0000
274.1239,6.0420,507.0000,375.0000
274.1239,6.0420,507.0000,375.0000
274.1239,6.0420,507.0000,375.0000
274.1239,6.0420,507.0000,375.0000
274.1239,6.0420,507.0000,375.0000
274.1239,6.0420,507.0000,375.0000
274.1239,6.0420,507.0000,375.0000
274.1239,6.0420,507.0000,375.0000
274.1239,6.0420,507.0000,375.0000
274.1239,6.0420,507.0000,375.0000
274.1239,6.0420,507.0000,375.0000
274.1239,6.0420,507.0000,375.0000
274.1239,6.0420,507.0000,375.0000
274.1239,6.0420,507.0000,375.0000
274.1239,6.0420,507.0000,375.0000
274.1239,6.0420,507.0000,375.0000
274.1239,6.0420,507.0000,375.0000
274.1239,6.0420,507.0000,375.0000
274.1239,6.0420,507.0000,375.0000
274.1239,6.0420,507.0000,375.0000
274.1239,6.0420,507.0000,375.0000
274.1239,6.0420,507.0000,375.0000
274.1239,6.0420,507.0000,375.0000
274.1239,6.0420,507.0000,375.0000
274.1239,6.0420,507.0000,375.0000
274.1239,6.0420,507.0000,375.0000
274.1239,6.0420,507.0000,375.0000
274.1239,6.0420,507.0000,375.0000
274.1239,6.0420,507.0000,375.0000
274.1239,6.0420,507.0000,375.0000
274.1239,6.0420,507.0000,375.0000
274.1239,6.0420,507.0000,375.0000
274.1239,6.0420,507.0000,375.0000
274.1239,6.0420,507.0000,375.0000
274.1239,6.0420,507.0000,375.0000
274.1239,6.0420,507.0000,375.0000
274.1239,6.0420,507.0000,375.0000
274.1239,6.0420,507.0000,375.0000
274.1239,6.0420,507.0000,375.0000
274.1239,6.0420,507.0000,375.0000
274.1239,6.0420,507.0000,375.0000
274.1239,6.0420,507.0000,375.0000
274.1239,6.0420,507.0000,375.0000
274.1239,6.0420,507.0000,375.0000
274.1239,6.0420,507.0000,375.0000
274.1239,6.0420,507.0000,375.0000
274.1239,6.0420,507.0000,375.0000
274.1239,6.0420,507.0000,375.0000
274.1239,6.0420,507.0000,375.0000
274.1239,6.0420,507.0000,375.0000
274.1239,6.0420,507.0000,375.0000
274.1239,6.0420,507.0000,375.0000
274.1239,6.0420,507.0000,375.0000
274.1239,6.0420,507.0000,375.0000
274.1239,6.0420,507.0000,375.0000
274.1239,6.0420,507.0000,375.0000
274.1239,6.0420,507.0000,375.0000
274.1239,6.0420,507.0000,375.0000
274.1239,6.0420,507.0000,375.0000
274.1239,6.0420,507.0000,375.0000
274.1239,6.0420,507.0000,375.0000
274.1239,6.0420,507.0000,375.0000
274.1239,6.0420,507.0000,375.0000
274.1239,6.0420,507.0000,375.0000
274.1239,6.0420,507.0000,375.0000
274.1239,6.0420,507.0000,375.0000
274.1239,6.0420,507.0000,375.0000
274.1239,6.0420,507.0000,375.0000
274.1239,6.0420,507.0000,375.0000
274.1239,6.0420,507.0000,375.0000
274.1239,6.0420,507.0000,375.0000
274.1239,6.0420,507.0000,375.0000
274.1239,6.0420,507.0000,375.0000
274.1239,6.0420,507.0000,375.0000
274.1239,6.0420,507.0000,375.0000
274.1239,6.0420,507.0000,375.0000
274.1239,6.0420,507.0000,375.0000
274.1239,6.0420,507.0000,375.0000
274.1239,6.0420,507.0000,375.0000
274.1239,6.0420,507.0000,375.0000
274.1239,6.0420,507.0000,375.0000
274.1239,6.0420,507.0000,375.0000
274.1239,6.0420,507.0000,375.0000
274.1239,6.0420,507.0000,375.0000
274.1239,6.0420,507.0000,375.0000
274.1239,6.0420,507.0000,375.0000
274.1239,6.0420,507.0000,375.0000
274.1239,6.0420,507.0000,375.0000
274.1239,6.0420,507.0000,375.0000
274.1239,6.0420,507.0000,375.0000
274.1239,6.0420,507.0000,375.0000
274.1239,6.0420,507.0000,375.0000
274.1239,6.0420,507.0000,375.0000
274.1239,6.0420,507.0000,375.0000
274.1239,6.0420,507.0000,375.0000
274.1239,6.0420,507.0000,375.0000
274.1239,6.0420,507.0000,375.0000
274.1239,6.0420,507.0000,375.0000
274.1239,6.0420,507.0000,375.0000
274.1239,6.0420,507.0000,375.0000
274.1239,6.0420,507.0000,375.0000
274.1239,6.0420,507.0000,375.0000
274.1239,6.0420,507.0000,375.0000
274.1239,6.0420,507.0000,375.0000
274.1239,6.0420,507.0000,375.0000
274.1239,6.0420,507.0000,375.0000
274.1239,6.0420,507.0000,375.0000
274.1239,6.0420,507.0000,375.0000
274.1239,6.0420,507.0000,375.0000
274.1239,6.0420,507.0000,375.0000
274.1239,6.0420,507.0000,375.0000
274.1239,6.0420,507.0000,375.0000
274.1239,6.0420,507.0000,375.0000
274.1239,6.0420,507.0000,375.0000
274.1239,6.0420,507.0000,375.0000
274.1239,6.0420,507.0000,375.0000
274.1239,6.0420,507.0000,375.0000
274.1239,6.0420,507.0000,375.0000
274.1239,6.0420,507.0000,375.0000
274.1239,6.0420,507.0000,375.0000
274.1239,6.0420,507.0000,375.0000
274.1239,6.0420,507.0000,375.0000
274.1239,6.0420,507.0000,375.0000
274.1239,6.0420,507.0000,375.0000
274.1239,6.0420,507.0000,375.0000
274.1239,6.0420,507.0000,375.0000
274.1239,6.0420,507.0000,375.0000
274.1239,6.0420,507.0000,375.0000
274.1239,6.0420,507.0000,375.0000
274.1239,6.0420,507.0000,375.0000
274.1239,6.0420,507.0000,375.0000
274.1239,6.0420,507.0000,375.0000
274.1239,6.0420,507.0000,375.0000
274.1239,6.0420,507.0000,375.0000
274.1239,6.0420,507.0000,375.0000
274.1239,6.0420,507.0000,375.0000
274.1239,6.0420,507.0000,375.0000
274.1239,6.0420,507.0000,375.0000
274.1239,6.0420,507.0000,375.0000
274.1239,6.0420,507.0000,375.0000
274.1239,6.0420,507.0000,375.0000
274.1239,6.0420,507.0000,375.0000
274.1239,6.0420,507.0000,375.0000
274.1239,6.0420,507.0000,375.0000
274.1239,6.0420,507.0000,375.0000
274.1239,6.0420,507.0000,375.0000
274.1239,6.0420,507.0000,375.0000
274.1239,6.0420,507.0000,375.0000
274.1239,6.0420,507.0000,375.0000
274.1239,6.0420,507.0000,375.0000
274.1239,6.0420,507.0000,375.0000
274.1239,6.0420,507.0000,375.0000
274.1239,6.0420,507.0000,375.0000
274.1239,6.0420,507.0000,375.0000
274.1239,6.0420,507.0000,375.0000
274.1239,6.0420,507.0000,375.0000
274.1239,6.0420,507.0000,375.0000
274.1239,6.0420,507.0000,375.0000
274.1239,6.0420,507.0000,375.0000
274.1239,6.0420,507.0000,375.0000
274.1239,6.0420,507.0000,375.0000
274.1239,6.0420,507.0000,375.0000
274.1239,6.0420,507.0000,375.0000
274.1239,6.0420,507.0000,375.0000
274.1239,6.0420,507.0000,375.0000
274.1239,6.0420,507.0000,375.0000
274.1239,6.0420,507.0000,375.0000
274.1239,6.0420,507.0000,375.0000
274.1239,6.0420,507.0000,375.0000
274.1239,6.0420,507.0000,375.0000
274.1239,6.0420,507.0000,375.0000
274.1239,6.0420,507.0000,375.0000
274.1239,6.0420,507.0000,375.0000
274.1239,6.0420,507.0000,375.0000
274.1239,6.0420,507.0000,375.0000
274.1239,6.0420,507.0000,375.0000
274.1239,6.0420,507.0000,375.0000
274.1239,6.0420,507.0000,375.0000
274.1239,6.0420,507.0000,375.0000
274.1239,6.0420,507.0000,375.0000
274.1239,6.0420,507.0000,375.0000
274.1239,6.0420,507.0000,375.0000
274.1239,6.0420,507.0000,375.0000
274.1239,6.0420,507.0000,375.0000
274.1239,6.0420,507.0000,375.0000
274.1239,6.0420,507.0000,375.0000
274.1239,6.0420,507.0000,375.0000
274.1239,6.0420,507.0000,375.0000
274.1239,6.0420,507.0000,375.0000
274.1239,6.0420,507.0000,375.0000
274.1239,6.0420,507.0000,375.0000
274.1239,6.0420,507.0000,375.0000
274.1239,6.0420,507.0000,375.0000
274.1239,6.0420,507.0000,375.0000
274.1239,6.0420,507.0000,375.0000
274.1239,6.0420,507.0000,375.0000
274.1239,6.0420,507.0000,375.0000
274.1239,6.0420,507.0000,375.0000
274.1239,6.0420,507.0000,375.0000
274.1239,6.0420,507.0000,375.0000
274.1239,6.0420,507.0000,375.0000
274.1239,6.0420,507.0000,375.0000
274.1239,6.0420,507.0000,375.0000
274.1239,6.0420,507.0000,375.0000
274.1239,6.0420,507.0000,375.0000
274.1239,6.0420,507.0000,375.0000
274.1239,6.0420,507.0000,375.0000
274.1239,6.0420,507.0000,375.0000
274.1239,6.0420,507.0000,375.0000
274.1239,6.0420,507.0000,375.0000
274.1239,6.0420,507.0000,375.0000
274.1239,6.0420,507.0000,375.0000
274.1239,6.0420,507.0000,375.0000
274.1239,6.0420,507.0000,375.0000
274.1239,6.0420,507.0000,375.0000
274.1239,6.0420,507.0000,375.0000
274.1239,6.0420,507.0000,375.0000
274.1239,6.0420,507.0000,375.0000
274.1239,6.0420,507.0000,375.0000
274.1239,6.0420,507.0000,375.0000
274.1239,6.0420,507.0000,375.0000
274.1239,6.0420,507.0000,375.0000
274.1239,6.0420,507.0000,375.0000
274.1239,6.0420,507.0000,375.0000
274.1239,6.0420,507.0000,375.0000
274.1239,6.0420,507.0000,375.0000
274.1239,6.0420,507.0000,375.0000
274.1239,6.0420,507.0000,375.0000
274.1239,6.0420,507.0000,375.0000
274.1239,6.0420,507.0000,375.0000
274.1239,6.0420,507.0000,375.0000
274.1239,6.0420,507.0000,375.0000
274.1239,6.0420,507.0000,375.0000
274.1239,6.0420,507.0000,375.0000
274.1239,6.0420,507.0000,375.0000
274.1239,6.0420,507.0000,375.0000
274.1239,6.0420,507.0000,375.0000
274.1239,6.0420,507.0000,375.0000
274.1239,6.0420,507.0000,375.0000
274.1239,6.0420,507.0000,375.0000
274.1239,6.0420,507.0000,375.0000
274.1239,6.0420,507.0000,375.0000
274.1239,6.0420,507.0000,375.0000
274.1239,6.0420,507.0000,375.0000
274.1239,6.0420,507.0000,375.0000
274.1239,6.0420,507.0000,375.0000
274.1239,6.0420,507.0000,375.0000
274.1239,6.0420,507.0000,375.0000
274.1239,6.0420,507.0000,375.0000
274.1239,6.0420,507.0000,375.0000
274.1239,6.0420,507.0000,375.0000
274.1239,6.0420,507.0000,375.0000
274.1239,6.0420,507.0000,375.0000
274.1239,6.0420,507.0000,375.0000
274.1239,6.0420,507.0000,375.0000
274.1239,6.0420,507.0000,375.0000
274.1239,6.0420,507.0000,375.0000
274.1239,6.0420,507.0000,375.0000
274.1239,6.0420,507.0000,375.0000
274.1239,6.0420,507.0000,375.0000
274.1239,6.0420,507.0000,375.0000
274.1239,6.0420,507.0000,375.0000
274.1239,6.0420,507.0000,375.0000
274.1239,6.0420,507.0000,375.0000
274.1239,6.0420,507.0000,375.0000
274.1239,6.0420,507.0000,375.0000
274.1239,6.0420,507.0000,375.0000
274.1239,6.0420,507.0000,375.0000
274.1239,6.0420,507.0000,375.0000
274.1239,6.0420,507.0000,375.0000
274.1239,6.0420,507.0000,375.0000
274.1239,6.0420,507.0000,375.0000
274.1239,6.0420,507.0000,375.0000
274.1239,6.0420,507.0000,375.0000
274.1239,6.0420,507.0000,375.0000
274.1239,6.0420,507.0000,375.0000
274.1239,6.0420,507.0000,375.0000
274.1239,6.0420,507.0000,375.0000
274.1239,6.0420,507.0000,375.0000
274.1239,6.0420,507.0000,375.0000
274.1239,6.0420,507.0000,375.0000
274.1239,6.0420,507.0000,375.0000
274.1239,6.0420,507.0000,375.0000
274.1239,6.0420,507.0000,375.0000
274.1239,6.0420,507.0000,375.0000
274.1239,6.0420,507.0000,375.0000
274.1239,6.0420,507.0000,375.0000
274.1239,6.0420,507.0000,375.0000
274.1239,6.0420,507.0000,375.0000
274.1239,6.0420,507.0000,375.0000
274.1239,6.0420,507.0000,375.0000
274.1239,6.0420,507.0000,375.0000
274.1239,6.0420,507.0000,375.0000
274.1239,6.0420,507.0000,375.0000
274.1239,6.0420,507.0000,375.0000
274.1239,6.0420,507.0000,375.0000
274.1239,6.0420,507.0000,375.0000
274.1239,6.0420,507.0000,375.0000
274.1239,6.0420,507.0000,375.0000
274.1239,6.0420,507.0000,375.0000
274.1239,6.0420,507.0000,375.0000
274.1239,6.0420,507.0000,375.0000
274.1239,6.0420,507.0000,375.0000
274.1239,6.0420,507.0000,375.0000
274.1239,6.0420,507.0000,375.0000
274.1239,6.0420,507.0000,375.0000
274.1239,6.0420,507.0000,375.0000
274.1239,6.0420,507.0000,375.0000
274.1239,6.0420,507.0000,375.0000
274.1239,6.0420,507.0000,375.0000
274.1239,6.0420,507.0000,375.0000
274.1239,6.0420,507.0000,375.0000
274.1239,6.0420,507.0000,375.0000
274.1239,6.0420,507.0000,375.0000
274.1239,6.0420,507.0000,375.0000
274.1239,6.0420,507.0000,375.0000
274.1239,6.0420,507.0000,375.0000
274.1239,6.0420,507.0000,375.0000
274.1239,6.0420,507.0000,375.0000
274.1239,6.0420,507.0000,375.0000
274.1239,6.0420,507.0000,375.0000
274.1239,6.0420,507.0000,375.0000
274.1239,6.0420,507.0000,375.0000