194.4865
0.0384
0.0358
0.0400
0.0340
0.0377
0.0341
0.0360
0.0327
0.0327
0.0431
0.0389
0.0354
0.0327
0.0304
0.0343
0.0323
0.0320
0.0334
0.0330
0.0280
0.0320
0.0360
0.0310
0.0304
0.0270
0.0327
0.0364
0.0400
0.0340
0.0300
0.0341
0.0350
0.0270
0.0370
0.0321
0.0371
0.0300
0.0268
0.0396
0.0317
0.0333
0.0374
0.0330
0.0327
0.0380
0.0344
0.0320
0.0350
0.0390
0.0377
0.0353
0.0429
0.0396
0.0423
0.0390
0.0380
0.0394
0.0380
0.0408
0.0436
0.0318
0.0397
0.0334
0.0431
0.0496
0.0424
0.0402
0.0378
0.0431
0.0400
0.0471
0.0407
0.0450
0.0420
0.0451
0.0581
0.0394
0.0432
0.0409
0.0390
0.0344
0.0396
0.0359
0.0369
0.0374
0.0360
0.0384
0.0341
0.0547
0.0329
0.0374
0.0350
0.0342
0.0387
0.0374
0.0300
0.0328
0.0290
0.0311
0.0311
0.0340
0.0397
0.0322
0.0509
0.0310
0.0367
0.0340
0.0330
0.0286
0.0432
0.0350
0.0360
0.0330
0.0321
0.0391
0.0373
0.0295
0.0290
0.0287
0.0330
0.0327
0.0344
0.0355
0.0260
0.0323
0.0314
0.0374
0.0274
0.0404
0.0323
0.0367
0.0354
0.0354
0.0359
0.0311
0.0324
0.0390
0.0362
0.0382
0.0358
0.0397
0.0424
0.0394
0.0380
0.0369
0.0377
0.0394
0.0416
0.0390
0.0388
0.0400
0.0350
0.0350
0.0300
0.0426
0.0380
0.0414
0.0400
0.0404
0.0374
0.0364
0.0313
0.0314
0.0304
0.0313
0.0330
0.0367
0.0320
0.0342
0.0384
0.0344
0.0333
0.0420
0.0307
0.0390
0.0280
0.0293
0.0320
0.0290
0.0281
0.0350
0.0270
0.0260
0.0290
0.0360
0.0357
0.0343
0.0360
0.0374
0.0384
0.0434
0.0372
0.0544
0.0360
0.0391
0.0397
0.0390
0.0374
0.0440
0.0391
0.0447
0.0330
0.0357
0.0333
0.0300
0.0310
0.0310
0.0234
0.0350
0.0384
0.0351
0.0407
0.0341
0.0310
0.0310
0.0270
0.0291
0.0270
0.0284
0.0330
0.0420
0.0323
0.0330
0.0350
0.0350
0.0404
0.0350
0.0328
0.0300
0.0280
0.0370
0.0280
0.0285
0.0303
0.0317
0.0381
0.0370
0.0344
0.0300
0.0337
0.0380
0.0334
0.0310
0.0343
0.0350
0.0378
0.0416
0.0384
0.0340
0.0363
0.0380
0.0310
0.0270
0.0280
0.0297
0.0364
0.0351
0.0240
0.0360
0.0383
0.0351
0.0324
0.0340
0.0314
0.0333
0.0281
0.0327
0.0300
0.0354
0.0331
0.0420
0.0384
0.0384
0.0304
0.0376
0.0321
0.0367
0.0350
0.0293
0.0324
0.0338
0.0333
0.0330
0.0364
0.0270
0.0320
0.0380
0.0365
0.0294
0.0300
0.0300
0.0323
0.0339
0.0362
0.0313
0.0250
0.0310
0.0304
0.0317
0.0340
0.0344
0.0372
0.0324
0.0400
0.0393
0.0400
0.0426
0.1123
0.0439
0.0349
0.0368
0.0385
0.0310
0.0344
0.0333
0.0318
0.0312
0.0300
0.0294
0.0380
0.0404
0.0350
0.0379
0.0356
0.0310
0.0320
0.0324
0.0300
0.0284
0.0274
0.0384
0.0314
0.0350
0.0274
0.0290
0.0321
0.0400
0.0325
0.0260
0.0260
0.0300
0.0259
0.0335
0.0320
0.0330
0.0314
0.0370
0.0311
0.0357
0.0351
0.0320
0.0327
0.0330
0.0284
0.0272
0.0362
0.0320
0.0290
0.0281
0.0420
0.0280
0.0360
0.0357
0.0287
0.0320
0.0292
0.0354
0.0293
0.0273
0.0343
0.0290
0.0347
0.0284
0.0334
0.0300
0.0310
0.0255
0.0316
0.0290
0.0311
0.0348
0.0311
0.0274
0.0333
0.0254
0.0334
0.0310
0.0334
0.0311
0.0290
0.0280