1
630.9551,668.9646,57.6798,27.2759
630.9551,668.9646,57.6798,27.2759
630.9551,668.9646,57.6798,27.2759
630.9551,668.9646,57.6798,27.2759
2
0
0
0
0
1
467.9522,629.2988,52.1805,25.3324
2
0
0
0
0
1
326.4693,504.9864,44.4914,39.9071
326.4693,504.9864,44.4914,39.9071
326.4693,504.9864,44.4914,39.9071
2
0
0
0
0
1
186.4748,582.7952,39.1405,36.0146
186.4748,582.7952,39.1405,36.0146
186.4748,582.7952,39.1405,36.0146
2
0
0
0
0
1
263.9852,766.0932,31.8047,46.4536
263.9852,766.0932,31.8047,46.4536
263.9852,766.0932,31.8047,46.4536
2
0
0
0
0
1
389.2231,852.4368,30.3988,46.5715
389.2231,852.4368,30.3988,46.5715
389.2231,852.4368,30.3988,46.5715
389.2231,852.4368,30.3988,46.5715
389.2231,852.4368,30.3988,46.5715
389.2231,852.4368,30.3988,46.5715
389.2231,852.4368,30.3988,46.5715
389.2231,852.4368,30.3988,46.5715
389.2231,852.4368,30.3988,46.5715
389.2231,852.4368,30.3988,46.5715
389.2231,852.4368,30.3988,46.5715
389.2231,852.4368,30.3988,46.5715
389.2231,852.4368,30.3988,46.5715
389.2231,852.4368,30.3988,46.5715
389.2231,852.4368,30.3988,46.5715
389.2231,852.4368,30.3988,46.5715
389.2231,852.4368,30.3988,46.5715
389.2231,852.4368,30.3988,46.5715
389.2231,852.4368,30.3988,46.5715
389.2231,852.4368,30.3988,46.5715
389.2231,852.4368,30.3988,46.5715
389.2231,852.4368,30.3988,46.5715
389.2231,852.4368,30.3988,46.5715
389.2231,852.4368,30.3988,46.5715
389.2231,852.4368,30.3988,46.5715
389.2231,852.4368,30.3988,46.5715
389.2231,852.4368,30.3988,46.5715
389.2231,852.4368,30.3988,46.5715
389.2231,852.4368,30.3988,46.5715
389.2231,852.4368,30.3988,46.5715
389.2231,852.4368,30.3988,46.5715
389.2231,852.4368,30.3988,46.5715
389.2231,852.4368,30.3988,46.5715
389.2231,852.4368,30.3988,46.5715
389.2231,852.4368,30.3988,46.5715
389.2231,852.4368,30.3988,46.5715
389.2231,852.4368,30.3988,46.5715
389.2231,852.4368,30.3988,46.5715
2
0
0
0
0
1
423.4251,895.2651,24.5897,24.3898
423.4251,895.2651,24.5897,24.3898
423.4251,895.2651,24.5897,24.3898
423.4251,895.2651,24.5897,24.3898
423.4251,895.2651,24.5897,24.3898
423.4251,895.2651,24.5897,24.3898
423.4251,895.2651,24.5897,24.3898
423.4251,895.2651,24.5897,24.3898
423.4251,895.2651,24.5897,24.3898
423.4251,895.2651,24.5897,24.3898
423.4251,895.2651,24.5897,24.3898
423.4251,895.2651,24.5897,24.3898
423.4251,895.2651,24.5897,24.3898
423.4251,895.2651,24.5897,24.3898
423.4251,895.2651,24.5897,24.3898
423.4251,895.2651,24.5897,24.3898
423.4251,895.2651,24.5897,24.3898
423.4251,895.2651,24.5897,24.3898
423.4251,895.2651,24.5897,24.3898
423.4251,895.2651,24.5897,24.3898
423.4251,895.2651,24.5897,24.3898
423.4251,895.2651,24.5897,24.3898
423.4251,895.2651,24.5897,24.3898
423.4251,895.2651,24.5897,24.3898
423.4251,895.2651,24.5897,24.3898
423.4251,895.2651,24.5897,24.3898
423.4251,895.2651,24.5897,24.3898
423.4251,895.2651,24.5897,24.3898
423.4251,895.2651,24.5897,24.3898
423.4251,895.2651,24.5897,24.3898
423.4251,895.2651,24.5897,24.3898
423.4251,895.2651,24.5897,24.3898
423.4251,895.2651,24.5897,24.3898
423.4251,895.2651,24.5897,24.3898
423.4251,895.2651,24.5897,24.3898
423.4251,895.2651,24.5897,24.3898
2
0
0
0
0
1
546.2256,855.6585,61.1788,21.9581
546.2256,855.6585,61.1788,21.9581
546.2256,855.6585,61.1788,21.9581
546.2256,855.6585,61.1788,21.9581
546.2256,855.6585,61.1788,21.9581
546.2256,855.6585,61.1788,21.9581
546.2256,855.6585,61.1788,21.9581
546.2256,855.6585,61.1788,21.9581
546.2256,855.6585,61.1788,21.9581
546.2256,855.6585,61.1788,21.9581
546.2256,855.6585,61.1788,21.9581
546.2256,855.6585,61.1788,21.9581
546.2256,855.6585,61.1788,21.9581
546.2256,855.6585,61.1788,21.9581
546.2256,855.6585,61.1788,21.9581
546.2256,855.6585,61.1788,21.9581
2
0
0
0
0
1
637.3316,834.4101,47.4518,38.5449
637.3316,834.4101,47.4518,38.5449
637.3316,834.4101,47.4518,38.5449
637.3316,834.4101,47.4518,38.5449
637.3316,834.4101,47.4518,38.5449
637.3316,834.4101,47.4518,38.5449
637.3316,834.4101,47.4518,38.5449
637.3316,834.4101,47.4518,38.5449
637.3316,834.4101,47.4518,38.5449
2
0
0
0
0
1
737.1388,737.4259,41.0774,40.3682
737.1388,737.4259,41.0774,40.3682
2
0
0
0
0
1
784.2667,680.4519,46.7267,32.7561
784.2667,680.4519,46.7267,32.7561
784.2667,680.4519,46.7267,32.7561
784.2667,680.4519,46.7267,32.7561
784.2667,680.4519,46.7267,32.7561
784.2667,680.4519,46.7267,32.7561
784.2667,680.4519,46.7267,32.7561
784.2667,680.4519,46.7267,32.7561
784.2667,680.4519,46.7267,32.7561
784.2667,680.4519,46.7267,32.7561
784.2667,680.4519,46.7267,32.7561
784.2667,680.4519,46.7267,32.7561
784.2667,680.4519,46.7267,32.7561
784.2667,680.4519,46.7267,32.7561
784.2667,680.4519,46.7267,32.7561
784.2667,680.4519,46.7267,32.7561
784.2667,680.4519,46.7267,32.7561
2
0
0
0
0
1
681.3839,762.7100,43.4021,32.8801
681.3839,762.7100,43.4021,32.8801
681.3839,762.7100,43.4021,32.8801
681.3839,762.7100,43.4021,32.8801
681.3839,762.7100,43.4021,32.8801
681.3839,762.7100,43.4021,32.8801
681.3839,762.7100,43.4021,32.8801
681.3839,762.7100,43.4021,32.8801
681.3839,762.7100,43.4021,32.8801
681.3839,762.7100,43.4021,32.8801
681.3839,762.7100,43.4021,32.8801
681.3839,762.7100,43.4021,32.8801
681.3839,762.7100,43.4021,32.8801
681.3839,762.7100,43.4021,32.8801
681.3839,762.7100,43.4021,32.8801
681.3839,762.7100,43.4021,32.8801
681.3839,762.7100,43.4021,32.8801
681.3839,762.7100,43.4021,32.8801
681.3839,762.7100,43.4021,32.8801
681.3839,762.7100,43.4021,32.8801
681.3839,762.7100,43.4021,32.8801
681.3839,762.7100,43.4021,32.8801
681.3839,762.7100,43.4021,32.8801
681.3839,762.7100,43.4021,32.8801
2
0
0
0
0
1
616.9816,666.4916,45.3718,30.8467
616.9816,666.4916,45.3718,30.8467
2
0
0
0
0
1
393.1890,663.4073,60.5370,23.5503
393.1890,663.4073,60.5370,23.5503
2
0
0
0
0
1
315.6280,804.2951,22.6190,58.4498
315.6280,804.2951,22.6190,58.4498
315.6280,804.2951,22.6190,58.4498
315.6280,804.2951,22.6190,58.4498
2
0
0
0
0
1
437.5203,854.5546,39.5194,39.8708
437.5203,854.5546,39.5194,39.8708
437.5203,854.5546,39.5194,39.8708
437.5203,854.5546,39.5194,39.8708
437.5203,854.5546,39.5194,39.8708
437.5203,854.5546,39.5194,39.8708
437.5203,854.5546,39.5194,39.8708
2
0
0
0
0
1
266.8487,781.7360,43.6176,31.8729
2
0
0
0
0
1
152.0949,670.5909,48.4803,32.5732
152.0949,670.5909,48.4803,32.5732
152.0949,670.5909,48.4803,32.5732
152.0949,670.5909,48.4803,32.5732
152.0949,670.5909,48.4803,32.5732
152.0949,670.5909,48.4803,32.5732
152.0949,670.5909,48.4803,32.5732
152.0949,670.5909,48.4803,32.5732
152.0949,670.5909,48.4803,32.5732
152.0949,670.5909,48.4803,32.5732
152.0949,670.5909,48.4803,32.5732
152.0949,670.5909,48.4803,32.5732
152.0949,670.5909,48.4803,32.5732
2
0
0
0
0
1
133.5170,509.4787,23.2909,59.2126
133.5170,509.4787,23.2909,59.2126
2
0
0
0
0
1
199.4613,336.5275,36.9474,38.8799
199.4613,336.5275,36.9474,38.8799
199.4613,336.5275,36.9474,38.8799
199.4613,336.5275,36.9474,38.8799
199.4613,336.5275,36.9474,38.8799
199.4613,336.5275,36.9474,38.8799
199.4613,336.5275,36.9474,38.8799
199.4613,336.5275,36.9474,38.8799
199.4613,336.5275,36.9474,38.8799
199.4613,336.5275,36.9474,38.8799
199.4613,336.5275,36.9474,38.8799
199.4613,336.5275,36.9474,38.8799
199.4613,336.5275,36.9474,38.8799
199.4613,336.5275,36.9474,38.8799
199.4613,336.5275,36.9474,38.8799
199.4613,336.5275,36.9474,38.8799
199.4613,336.5275,36.9474,38.8799
199.4613,336.5275,36.9474,38.8799
199.4613,336.5275,36.9474,38.8799
199.4613,336.5275,36.9474,38.8799
199.4613,336.5275,36.9474,38.8799
199.4613,336.5275,36.9474,38.8799
2
0
0
0
0
1
281.9925,285.2157,39.3050,40.6537
281.9925,285.2157,39.3050,40.6537
281.9925,285.2157,39.3050,40.6537
281.9925,285.2157,39.3050,40.6537
281.9925,285.2157,39.3050,40.6537
281.9925,285.2157,39.3050,40.6537
281.9925,285.2157,39.3050,40.6537
281.9925,285.2157,39.3050,40.6537
281.9925,285.2157,39.3050,40.6537
2
0
0
0
0
1
294.0591,234.1150,37.4567,41.9700
294.0591,234.1150,37.4567,41.9700
294.0591,234.1150,37.4567,41.9700
294.0591,234.1150,37.4567,41.9700
294.0591,234.1150,37.4567,41.9700
294.0591,234.1150,37.4567,41.9700
294.0591,234.1150,37.4567,41.9700
294.0591,234.1150,37.4567,41.9700
294.0591,234.1150,37.4567,41.9700
294.0591,234.1150,37.4567,41.9700
294.0591,234.1150,37.4567,41.9700
294.0591,234.1150,37.4567,41.9700
294.0591,234.1150,37.4567,41.9700
294.0591,234.1150,37.4567,41.9700
294.0591,234.1150,37.4567,41.9700
294.0591,234.1150,37.4567,41.9700
294.0591,234.1150,37.4567,41.9700
294.0591,234.1150,37.4567,41.9700
294.0591,234.1150,37.4567,41.9700
294.0591,234.1150,37.4567,41.9700
294.0591,234.1150,37.4567,41.9700
294.0591,234.1150,37.4567,41.9700
294.0591,234.1150,37.4567,41.9700
294.0591,234.1150,37.4567,41.9700
294.0591,234.1150,37.4567,41.9700
2
0
0
0
0
1
171.2363,332.5676,41.6675,35.9349
171.2363,332.5676,41.6675,35.9349
171.2363,332.5676,41.6675,35.9349
171.2363,332.5676,41.6675,35.9349
171.2363,332.5676,41.6675,35.9349
171.2363,332.5676,41.6675,35.9349
2
0
0
0
0
1
364.7527,204.8563,54.9446,26.5124
364.7527,204.8563,54.9446,26.5124
2
0
0
0
0
1
532.8191,263.3783,63.4767,24.6984
2
0
0
0
0
1
618.4032,205.8053,29.8836,49.9043
618.4032,205.8053,29.8836,49.9043
618.4032,205.8053,29.8836,49.9043
618.4032,205.8053,29.8836,49.9043
618.4032,205.8053,29.8836,49.9043
2
0
0
0
0
1
489.2678,167.4309,37.7744,40.6281
489.2678,167.4309,37.7744,40.6281
489.2678,167.4309,37.7744,40.6281
2
0
0
0
0
1
671.7037,244.5207,46.1275,29.5086
2
0
0
0
0
1
791.0513,380.7861,30.7374,43.7077
2
0
0
0
0
1
733.2646,623.2468,31.7859,40.8764
733.2646,623.2468,31.7859,40.8764
2
0
0
0
0
1
582.2125,474.8255,27.5750,46.1840
2
0
0
0
0
1
498.5909,275.6345,35.9483,38.4010
498.5909,275.6345,35.9483,38.4010
2
0
0
0
0
1
483.7560,184.1545,35.2580,41.5961
483.7560,184.1545,35.2580,41.5961
2
0
0
0
0
1
273.7427,243.4487,66.7096,23.2575
273.7427,243.4487,66.7096,23.2575
2
0
0
0
0
1
258.6683,543.1267,25.2734,56.0816
258.6683,543.1267,25.2734,56.0816
258.6683,543.1267,25.2734,56.0816
2
0
0
0
0
1
170.1765,647.4735,35.1170,43.1430
170.1765,647.4735,35.1170,43.1430
170.1765,647.4735,35.1170,43.1430
170.1765,647.4735,35.1170,43.1430
170.1765,647.4735,35.1170,43.1430
170.1765,647.4735,35.1170,43.1430
170.1765,647.4735,35.1170,43.1430
170.1765,647.4735,35.1170,43.1430
170.1765,647.4735,35.1170,43.1430
2
0
0
0
0
1
255.0040,773.5315,36.8920,37.6869
255.0040,773.5315,36.8920,37.6869
2
0
0
0
0
1
453.6849,760.1707,48.1202,29.7586
453.6849,760.1707,48.1202,29.7586
2
0
0
0
0
1
530.6329,842.6349,47.1092,29.4151
530.6329,842.6349,47.1092,29.4151
530.6329,842.6349,47.1092,29.4151
530.6329,842.6349,47.1092,29.4151
530.6329,842.6349,47.1092,29.4151
530.6329,842.6349,47.1092,29.4151
530.6329,842.6349,47.1092,29.4151
530.6329,842.6349,47.1092,29.4151
530.6329,842.6349,47.1092,29.4151
530.6329,842.6349,47.1092,29.4151
530.6329,842.6349,47.1092,29.4151
530.6329,842.6349,47.1092,29.4151
530.6329,842.6349,47.1092,29.4151
530.6329,842.6349,47.1092,29.4151
530.6329,842.6349,47.1092,29.4151
530.6329,842.6349,47.1092,29.4151
530.6329,842.6349,47.1092,29.4151
530.6329,842.6349,47.1092,29.4151
530.6329,842.6349,47.1092,29.4151
530.6329,842.6349,47.1092,29.4151
2
0
0
0
0
1
592.8446,794.3447,57.2958,30.4906
592.8446,794.3447,57.2958,30.4906
592.8446,794.3447,57.2958,30.4906
592.8446,794.3447,57.2958,30.4906
592.8446,794.3447,57.2958,30.4906
592.8446,794.3447,57.2958,30.4906
592.8446,794.3447,57.2958,30.4906
592.8446,794.3447,57.2958,30.4906
592.8446,794.3447,57.2958,30.4906
592.8446,794.3447,57.2958,30.4906
592.8446,794.3447,57.2958,30.4906
592.8446,794.3447,57.2958,30.4906
592.8446,794.3447,57.2958,30.4906
592.8446,794.3447,57.2958,30.4906
592.8446,794.3447,57.2958,30.4906
592.8446,794.3447,57.2958,30.4906
592.8446,794.3447,57.2958,30.4906
592.8446,794.3447,57.2958,30.4906
592.8446,794.3447,57.2958,30.4906
592.8446,794.3447,57.2958,30.4906
592.8446,794.3447,57.2958,30.4906
592.8446,794.3447,57.2958,30.4906
592.8446,794.3447,57.2958,30.4906
592.8446,794.3447,57.2958,30.4906
592.8446,794.3447,57.2958,30.4906
2
0
0
0
0
1
714.6199,722.7413,33.9301,42.6923
714.6199,722.7413,33.9301,42.6923
714.6199,722.7413,33.9301,42.6923
714.6199,722.7413,33.9301,42.6923
714.6199,722.7413,33.9301,42.6923
714.6199,722.7413,33.9301,42.6923