192.2447
0.0470
0.0650
0.0490
0.0460
0.0450
0.0430
0.0560
0.0490
0.0560
0.0500
0.0500
0.0490
NaN
NaN
NaN
NaN
193.3556
0.0531
0.0581
0.0453
0.0504
0.0434
0.0530
0.0508
0.0467
0.0484
0.0494
0.0467
0.0513
0.0548
0.0543
0.0541
0.0591
0.0607
0.0550
0.0700
0.0700
0.0620
0.0567
0.0516
0.0530
0.0521
0.0574
0.0544
0.0567
0.0591
0.0704
0.0567
0.0550
0.0488
0.0497
0.0561
0.0540
0.0604
NaN
NaN
NaN
NaN
193.4619
0.0436
0.0535
0.0474
0.0457
0.0460
0.0440
0.0514
0.0487
0.0450
0.0565
0.0534
0.0500
0.0434
0.0444
0.0534
0.0561
0.0520
0.0591
0.0675
0.0757
0.0614
0.0440
0.0487
0.0499
0.0492
0.0554
0.0552
0.0520
0.0618
0.0617
0.0530
0.0615
0.0551
0.0577
0.0567
0.0574
0.0624
0.0581
0.0499
NaN
NaN
NaN
NaN
193.5031
0.0464
0.0601
0.0464
0.0493
0.0511
0.0471
0.0487
0.0510
0.0431
0.0427
0.0581
0.0480
0.0511
0.0501
0.0484
0.0454
0.0540
0.0614
0.0743
0.0701
0.0667
0.0563
0.0531
0.0512
0.0495
0.0572
0.0553
0.0571
0.0671
0.0593
0.0600
0.0527
0.0600
0.0592