1
594.7785,489.1441,74.0000,85.0000
596.8090,484.1266,78.0000,100.0000
608.0000,509.5641,67.0000,82.0000
627.0000,501.1252,52.0000,64.0000
619.5411,504.7128,78.0000,92.0000
633.3371,521.0000,99.0000,64.0000
617.0000,544.5850,89.0000,44.0000
629.0383,531.5254,118.0000,61.0000
646.0000,555.0000,70.0000,35.0000
638.0388,537.7729,101.0000,65.0000
638.0388,537.7729,101.0000,65.0000
2
0
0
0
0
1
596.7365,493.0293,64.0000,77.0000
593.6756,505.2433,66.0000,57.0000
590.6838,500.9938,73.0000,65.0000
594.5333,501.8979,66.0000,61.0000
592.4503,500.5709,71.0000,61.0000
590.8306,497.3552,72.0000,61.0000
590.4357,501.4322,69.0000,48.0000
587.7922,503.0419,74.0000,46.0000
587.6043,500.8367,77.0000,51.0000
588.2188,504.0174,75.0000,48.0000
589.1876,505.8243,73.0000,44.0000
585.5182,504.2671,77.0000,45.0000
586.5640,508.7696,77.0000,40.0000
587.2674,506.9539,79.0000,43.0000
587.4882,506.2485,80.0000,43.0000
585.2967,500.4235,82.0000,57.0000
588.2885,498.8814,76.0000,70.0000
591.3677,497.2641,77.0000,75.0000
588.8716,494.9523,77.0000,79.0000
590.3711,493.8217,77.0000,81.0000
587.2544,492.5342,81.0000,88.0000
591.9536,499.1904,75.0000,77.0000
585.2804,492.2852,91.0000,86.0000
588.0420,495.4514,83.0000,80.0000
585.7699,495.9714,92.0000,82.0000
590.0836,502.5212,80.0000,78.0000
598.1505,502.4220,67.0000,86.0000
600.4770,506.1103,62.0000,80.0000
602.5714,505.4169,60.0000,85.0000
601.3415,510.4996,63.0000,77.0000
588.9982,505.1089,75.0000,78.0000
589.8111,506.6679,70.0000,78.0000
581.9213,495.8062,86.0000,93.0000
575.2647,495.2339,96.0000,87.0000
573.8719,493.9699,96.0000,85.0000
561.2757,495.7107,106.0000,81.0000
2
0
0
0
0
1
587.8393,591.4474,79.0000,72.0000
586.0358,588.5215,83.0000,75.0000
584.7568,591.1488,86.0000,71.0000
583.6337,589.4375,91.0000,73.0000
582.5900,590.0670,98.0000,71.0000
587.4866,593.3635,88.0000,67.0000
589.7419,593.9815,75.0000,64.0000
589.4241,594.0489,80.0000,64.0000
591.8566,594.9241,83.0000,63.0000
595.3499,593.8069,79.0000,63.0000
591.4256,595.0149,91.0000,64.0000
583.2308,588.0944,105.0000,69.0000
579.5371,597.1407,94.0000,62.0000
583.0836,581.6112,114.0000,76.0000
622.0000,586.5032,82.0000,49.0000
649.0000,574.3846,60.0000,48.0000
664.0000,575.8591,47.0000,21.0000
678.2705,567.4915,49.0000,32.0000
693.0000,562.8488,37.0000,45.0000
693.2200,559.2651,48.0000,43.0000
709.3012,557.8668,50.0000,49.0000
713.1853,553.9515,57.0000,55.0000
717.3886,557.2751,57.0000,42.0000
723.8747,551.3820,62.0000,48.0000
731.4675,552.4019,47.0000,31.0000
746.0255,542.7161,42.0000,44.0000
759.6804,544.6416,29.0000,16.0000
762.5498,539.8020,31.0000,23.0000
770.6258,538.3265,26.0000,25.0000
771.9983,537.9063,26.0000,25.0000
781.1646,543.2565,12.0000,16.0000
786.0325,539.6579,9.0000,17.0000
786.0325,539.6579,9.0000,17.0000
786.0325,539.6579,9.0000,17.0000
786.0325,539.6579,9.0000,17.0000
786.0325,539.6579,9.0000,17.0000
786.0325,539.6579,9.0000,17.0000
786.0325,539.6579,9.0000,17.0000
2
0
0
0
0
1
845.4220,569.7962,65.0000,59.0000
849.2424,576.0027,59.0000,47.0000
848.8382,575.7518,60.0000,49.0000
847.0956,579.2446,63.0000,41.0000
846.6390,572.4661,63.0000,51.0000
848.0380,575.5080,61.0000,47.0000
849.8040,570.8855,61.0000,51.0000
864.6751,585.4398,49.0000,31.0000
852.0056,577.1442,60.0000,51.0000
868.2014,567.6848,47.0000,51.0000
870.7649,558.7819,39.0000,69.0000
869.9438,563.4253,39.0000,63.0000
866.3384,558.7344,41.0000,65.0000
860.9765,565.1706,40.0000,62.0000
844.6987,553.4997,55.0000,69.0000
832.0000,538.6733,72.0000,83.0000
817.0000,535.0292,78.0000,75.0000
805.0000,529.9776,86.0000,78.0000
791.0000,529.8914,95.0000,79.0000
779.0000,532.8814,100.0000,70.0000
763.0000,522.8526,114.0000,86.0000
772.0000,541.2403,83.0000,64.0000
782.7284,534.6441,77.0000,83.0000
785.4395,522.7021,61.0000,107.0000
785.7318,516.8066,52.0000,107.0000
774.6955,503.3825,65.0000,123.0000
760.9256,498.0678,74.0000,104.0000
751.8767,488.3243,89.0000,123.0000
749.6476,483.7765,97.0000,128.0000
751.0496,485.6865,92.0000,112.0000
736.7447,474.7842,107.0000,113.0000
742.7775,473.4036,90.0000,95.0000
726.5271,456.3243,108.0000,108.0000
709.8372,447.3156,125.0000,126.0000