1
198.5000,48.5000,89.0000,65.0000
198.5000,48.5000,89.0000,65.0000
2
0
0
0
0
1
79.4918,151.2791,69.5430,68.3218
79.4918,151.2791,69.5430,68.3218
2
0
0
0
0
1
309.0499,134.4626,84.9901,75.8449
309.0499,134.4626,84.9901,75.8449
309.0499,134.4626,84.9901,75.8449
309.0499,134.4626,84.9901,75.8449
309.0499,134.4626,84.9901,75.8449
309.0499,134.4626,84.9901,75.8449
309.0499,134.4626,84.9901,75.8449
309.0499,134.4626,84.9901,75.8449
309.0499,134.4626,84.9901,75.8449
309.0499,134.4626,84.9901,75.8449
309.0499,134.4626,84.9901,75.8449
309.0499,134.4626,84.9901,75.8449
309.0499,134.4626,84.9901,75.8449
309.0499,134.4626,84.9901,75.8449
309.0499,134.4626,84.9901,75.8449
309.0499,134.4626,84.9901,75.8449
2
0
0
0
0
1
180.8930,139.2093,47.7790,50.9415
180.8930,139.2093,47.7790,50.9415
180.8930,139.2093,47.7790,50.9415
180.8930,139.2093,47.7790,50.9415
180.8930,139.2093,47.7790,50.9415
180.8930,139.2093,47.7790,50.9415
2
0
0
0
0
1
314.9875,148.5108,45.8051,43.8783
314.9875,148.5108,45.8051,43.8783
314.9875,148.5108,45.8051,43.8783
314.9875,148.5108,45.8051,43.8783
314.9875,148.5108,45.8051,43.8783
314.9875,148.5108,45.8051,43.8783
314.9875,148.5108,45.8051,43.8783
314.9875,148.5108,45.8051,43.8783
314.9875,148.5108,45.8051,43.8783
314.9875,148.5108,45.8051,43.8783
314.9875,148.5108,45.8051,43.8783
314.9875,148.5108,45.8051,43.8783
314.9875,148.5108,45.8051,43.8783
314.9875,148.5108,45.8051,43.8783
314.9875,148.5108,45.8051,43.8783
314.9875,148.5108,45.8051,43.8783
314.9875,148.5108,45.8051,43.8783
314.9875,148.5108,45.8051,43.8783
314.9875,148.5108,45.8051,43.8783
314.9875,148.5108,45.8051,43.8783
314.9875,148.5108,45.8051,43.8783
314.9875,148.5108,45.8051,43.8783
314.9875,148.5108,45.8051,43.8783
314.9875,148.5108,45.8051,43.8783
314.9875,148.5108,45.8051,43.8783
314.9875,148.5108,45.8051,43.8783
314.9875,148.5108,45.8051,43.8783
314.9875,148.5108,45.8051,43.8783
314.9875,148.5108,45.8051,43.8783
314.9875,148.5108,45.8051,43.8783
2
0
0
0
0
1
251.1115,161.0913,34.9669,48.8373
251.1115,161.0913,34.9669,48.8373
2
0
0
0
0
1
348.9309,158.8384,43.9332,39.1032
348.9309,158.8384,43.9332,39.1032
348.9309,158.8384,43.9332,39.1032
2
0
0
0
0
1
2
0
0
0
0
1
167.9566,193.1863,40.7017,60.7374
167.9566,193.1863,40.7017,60.7374
167.9566,193.1863,40.7017,60.7374
167.9566,193.1863,40.7017,60.7374
2
0
0
0
0
1
315.2653,214.6297,62.5395,62.8306
315.2653,214.6297,62.5395,62.8306
315.2653,214.6297,62.5395,62.8306
315.2653,214.6297,62.5395,62.8306
315.2653,214.6297,62.5395,62.8306
315.2653,214.6297,62.5395,62.8306
315.2653,214.6297,62.5395,62.8306
315.2653,214.6297,62.5395,62.8306
315.2653,214.6297,62.5395,62.8306
315.2653,214.6297,62.5395,62.8306
315.2653,214.6297,62.5395,62.8306
315.2653,214.6297,62.5395,62.8306
315.2653,214.6297,62.5395,62.8306
315.2653,214.6297,62.5395,62.8306
315.2653,214.6297,62.5395,62.8306
315.2653,214.6297,62.5395,62.8306
315.2653,214.6297,62.5395,62.8306
315.2653,214.6297,62.5395,62.8306
315.2653,214.6297,62.5395,62.8306
315.2653,214.6297,62.5395,62.8306
315.2653,214.6297,62.5395,62.8306
315.2653,214.6297,62.5395,62.8306
315.2653,214.6297,62.5395,62.8306
315.2653,214.6297,62.5395,62.8306
315.2653,214.6297,62.5395,62.8306
315.2653,214.6297,62.5395,62.8306
315.2653,214.6297,62.5395,62.8306
2
0
0
0
0
1
270.8537,163.8909,40.6375,46.3181
270.8537,163.8909,40.6375,46.3181
270.8537,163.8909,40.6375,46.3181
2
0
0
0
0
1
379.8926,154.2455,59.7448,51.0840
379.8926,154.2455,59.7448,51.0840
379.8926,154.2455,59.7448,51.0840
379.8926,154.2455,59.7448,51.0840
379.8926,154.2455,59.7448,51.0840
379.8926,154.2455,59.7448,51.0840
379.8926,154.2455,59.7448,51.0840
379.8926,154.2455,59.7448,51.0840
379.8926,154.2455,59.7448,51.0840
379.8926,154.2455,59.7448,51.0840
379.8926,154.2455,59.7448,51.0840
379.8926,154.2455,59.7448,51.0840
379.8926,154.2455,59.7448,51.0840