1
506.9832,195.6853,51.0000,33.0000
502.3799,195.3460,51.0000,34.0000
491.4793,196.2960,47.0000,34.0000
479.9940,196.3155,50.0000,35.0000
471.9782,194.1108,55.0000,41.0000
460.6084,190.5957,48.0000,48.0000
447.3638,182.1037,40.0000,52.0000
441.4043,185.9881,41.0000,45.0000
427.6572,178.2705,39.0000,48.0000
414.3165,171.4099,43.0000,62.0000
400.4018,153.7784,51.0000,77.0000
386.8263,143.3310,60.0000,96.0000
369.6701,127.0810,69.0000,115.0000
369.6701,127.0810,69.0000,115.0000
369.6701,127.0810,69.0000,115.0000
369.6701,127.0810,69.0000,115.0000
369.6701,127.0810,69.0000,115.0000
369.6701,127.0810,69.0000,115.0000
369.6701,127.0810,69.0000,115.0000
322.0451,161.2841,78.0000,158.0000
2
0
0
0
0
1
238.4417,159.2740,45.0000,18.0000
226.2979,161.9638,55.0000,20.0000
218.2708,160.8831,38.0000,15.0000
229.3509,161.6475,31.0000,20.0000
229.3509,161.6475,31.0000,20.0000
216.8276,164.8818,31.0000,29.0000
218.6011,161.4442,37.0000,36.0000
2
0
0
0
0
1
161.2838,169.1065,28.0000,31.0000
166.7925,166.2600,32.0000,41.0000
168.4514,173.6125,35.0000,35.0000
171.7647,177.9111,34.0000,33.0000
175.1372,178.6515,34.0000,34.0000
178.0094,189.4948,25.0000,29.0000
2
0
0
0
0
1
157.1607,167.0276,38.0000,34.0000
158.2884,180.9306,29.0000,26.0000
160.9560,169.4961,39.0000,35.0000
170.1018,175.6314,30.0000,25.0000
167.8019,177.3042,32.0000,25.0000
171.8106,176.2427,34.0000,28.0000
174.1885,174.5188,35.0000,31.0000
177.1253,169.0282,32.0000,32.0000
178.5395,171.5044,33.0000,27.0000
181.3833,174.5591,26.0000,23.0000
185.7505,178.8670,28.0000,24.0000
186.0947,183.1738,21.0000,22.0000
193.3702,185.7008,21.0000,25.0000
191.4243,180.7749,25.0000,31.0000
195.1593,179.0921,20.0000,34.0000
197.3092,176.4959,22.0000,36.0000
199.6484,181.2667,21.0000,33.0000
205.2533,181.4904,18.0000,33.0000
207.6721,184.1252,18.0000,40.0000
213.0124,190.1063,20.0000,47.0000
215.1543,192.0787,22.0000,47.0000
222.8003,200.0691,11.0000,35.0000
218.7932,187.0923,17.0000,49.0000
228.8437,202.1271,16.0000,35.0000
224.6102,195.9571,23.0000,43.0000
223.5879,198.3897,19.0000,32.0000
228.6971,206.2576,20.0000,29.0000
229.7778,208.4939,26.0000,30.0000
232.7099,211.4286,26.0000,28.0000
232.0677,220.0604,32.0000,24.0000
237.1657,225.1351,31.0000,21.0000
242.3773,227.9057,30.0000,20.0000
246.3747,229.0093,33.0000,25.0000
253.3994,226.2880,30.0000,28.0000
254.1024,223.4711,29.0000,32.0000
255.6357,221.5627,35.0000,39.0000
255.5014,225.2018,41.0000,37.0000
264.6225,231.7560,35.0000,36.0000
266.6404,235.4747,43.0000,38.0000
266.6404,235.4747,43.0000,38.0000
266.6404,235.4747,43.0000,38.0000
266.6404,235.4747,43.0000,38.0000
266.6404,235.4747,43.0000,38.0000
266.6404,235.4747,43.0000,38.0000
268.5169,232.5750,35.0000,27.0000
272.0707,235.7597,35.0000,27.0000
268.7506,237.3728,40.0000,30.0000
271.8821,239.8548,29.0000,28.0000
265.0154,243.3257,36.0000,29.0000
267.4441,247.0593,35.0000,30.0000
269.4976,247.5567,36.0000,30.0000
271.5355,252.0444,34.0000,30.0000
272.3470,253.9741,32.0000,33.0000
273.5711,256.7637,32.0000,37.0000
275.3098,266.3855,23.0000,27.0000
276.9622,265.4954,28.0000,35.0000
281.3718,265.5994,31.0000,38.0000
281.4448,274.4554,37.0000,27.0000
279.1989,277.4636,46.0000,30.0000
281.5388,279.1402,43.0000,30.0000
280.3529,284.4466,51.0000,29.0000
286.6796,293.6568,45.0000,24.0000
293.0946,297.1781,37.0000,19.0000
290.4030,299.9763,37.0000,19.0000
282.3828,297.2594,47.0000,25.0000
282.2473,300.8437,40.0000,16.0000
274.4235,296.6620,50.0000,25.0000
280.5081,299.4605,41.0000,20.0000
276.2410,294.5333,35.0000,28.0000
273.7278,290.1925,31.0000,35.0000
273.1165,280.1359,28.0000,41.0000
272.2928,290.1902,26.0000,32.0000
269.2877,283.3596,34.0000,39.0000
272.0670,291.6096,22.0000,29.0000
270.5052,282.5097,29.0000,40.0000
281.7507,294.0633,28.0000,26.0000
277.7221,293.3207,37.0000,33.0000
281.2629,300.1687,26.0000,25.0000
275.2655,304.9767,32.0000,27.0000
268.5857,306.8161,39.0000,30.0000
267.7185,307.7622,39.0000,30.0000
265.4451,314.5054,40.0000,20.0000
255.2533,321.1234,48.0000,19.0000
263.8887,321.8981,45.0000,18.0000
251.5239,330.0751,47.0000,15.0000
251.5239,330.0751,47.0000,15.0000
252.0896,344.0107,35.0000,4.0000
252.0896,344.0107,35.0000,4.0000
252.0896,344.0107,35.0000,4.0000
2
0
0
0
0
1
238.0000,354.0000,51.0000,21.0000
238.0000,354.0000,51.0000,21.0000
238.0000,354.0000,51.0000,21.0000
238.0000,354.0000,51.0000,21.0000
238.0000,354.0000,51.0000,21.0000
238.0000,354.0000,51.0000,21.0000
238.0000,354.0000,51.0000,21.0000
238.0000,354.0000,51.0000,21.0000
238.0000,354.0000,51.0000,21.0000
238.0000,354.0000,51.0000,21.0000
238.0000,354.0000,51.0000,21.0000