174.6324
0.0570
0.0570
0.0580
0.0540
0.0540
0.0700
0.0610
0.0600
0.0560
0.0630
0.0630
0.0600
0.0610
0.0580
0.0550
0.0630
0.1140
0.0940
0.0760
0.0650
0.0620
NaN
NaN
NaN
NaN
174.5234
0.0750
0.0550
0.0580
0.0540
0.0570
0.0560
0.0540
0.0550
NaN
NaN
NaN
NaN
174.4814
0.0580
0.0580
0.0630
0.0620
0.0550
0.0590
0.0520
NaN
NaN
NaN
NaN
174.4764
0.0590
0.0590
0.0560
0.0570
0.0530
0.0570
0.0570
0.0540
0.0620
0.0580
0.0630
0.0590
0.0560
0.0610
0.0560
0.0600
0.0610
0.1100
0.0830
0.0630
0.0600
0.0560
0.0590
0.0580
0.0690
0.0670
0.0640
0.0680
0.0650
0.0680
0.0640
0.0760
0.0740
0.0660
0.0600
0.0670
0.0620
0.0680
0.0650
0.0680
0.0780
0.0640
0.0680
0.0630
0.0630
0.0820
0.0620
0.0640
0.0650
0.0660
0.0670
0.0650
0.0650
0.0680
0.1890
0.0860
0.0680
0.0630
0.0820
0.0720
0.0710
0.0650
0.0670
0.0700
0.0690
0.0690
0.0710
0.0680
0.0610
0.0690
0.0610
0.0680
0.0800
0.1450
0.0750
0.0750
0.0710
0.0670
0.0720
0.0700
0.0770
0.0700
0.0780
0.0670
0.0710
0.1150
0.1080
0.0700
0.0750
0.0730
NaN
NaN
NaN
NaN
174.6354
0.0550
0.0550
0.0670
0.0600
0.0730
0.0730
0.0650
0.0660
0.0640
0.0610
0.0610