1
332.0000,39.0000,41.0000,41.0000
332.0000,39.0000,41.0000,41.0000
339.4586,20.6768,32.0000,42.0000
343.4542,8.6019,30.0000,55.0000
343.8524,1.2791,39.0000,61.0000
343.8524,1.2791,39.0000,61.0000
351.6426,26.7740,38.0000,43.0000
363.7028,42.1357,34.0000,36.0000
369.7166,48.1321,46.0000,50.0000
369.7166,48.1321,46.0000,50.0000
369.7166,48.1321,46.0000,50.0000
365.3363,65.1044,57.0000,36.0000
365.3363,65.1044,57.0000,36.0000
365.3363,65.1044,57.0000,36.0000
365.3363,65.1044,57.0000,36.0000
335.8804,40.0562,40.0000,28.0000
329.2517,32.3613,33.0000,30.0000
328.3075,25.7208,32.0000,33.0000
317.8458,23.4907,43.0000,31.0000
313.1583,26.7571,54.0000,21.0000
313.1583,26.7571,54.0000,21.0000
313.1583,26.7571,54.0000,21.0000
319.1986,37.6645,46.0000,18.0000
328.8885,41.1187,38.0000,26.0000
327.9121,47.5264,52.0000,30.0000
320.5874,41.5085,71.0000,40.0000
326.7008,43.4095,68.0000,26.0000
318.0676,32.2970,85.0000,44.0000
318.0676,32.2970,85.0000,44.0000
318.0676,32.2970,85.0000,44.0000
318.0676,32.2970,85.0000,44.0000
363.2554,47.8670,68.0000,41.0000
367.4446,51.2990,74.0000,46.0000
378.5105,84.2365,67.0000,33.0000
378.5105,84.2365,67.0000,33.0000
378.5105,84.2365,67.0000,33.0000
378.5105,84.2365,67.0000,33.0000
378.5105,84.2365,67.0000,33.0000
378.5105,84.2365,67.0000,33.0000
378.5105,84.2365,67.0000,33.0000
378.5105,84.2365,67.0000,33.0000
378.5105,84.2365,67.0000,33.0000
378.5105,84.2365,67.0000,33.0000
359.6848,80.8892,70.0000,52.0000
349.5536,42.6182,79.0000,62.0000
349.5536,42.6182,79.0000,62.0000
349.5536,42.6182,79.0000,62.0000
349.5536,42.6182,79.0000,62.0000
2
0
0
0
0
1
305.6009,27.0632,45.0000,42.0000
306.9087,24.3306,42.0000,47.0000
303.3039,15.6097,45.0000,54.0000
297.8842,16.0590,45.0000,43.0000
294.4824,15.4754,48.0000,43.0000
291.8396,29.1584,34.0000,26.0000
298.1115,28.0265,39.0000,28.0000
312.5900,32.4489,39.0000,15.0000
325.9423,23.1426,37.0000,22.0000
328.4791,12.6849,32.0000,30.0000
318.7705,14.1475,39.0000,47.0000
311.2394,19.6011,44.0000,44.0000
323.7845,15.4214,51.0000,55.0000
319.0990,8.7143,56.0000,65.0000
315.9853,10.2949,48.0000,51.0000
335.2876,5.0583,45.0000,37.0000
330.6981,4.4997,51.0000,35.0000
330.6981,4.4997,51.0000,35.0000
330.6981,4.4997,51.0000,35.0000
330.6981,4.4997,51.0000,35.0000
305.5236,38.1097,34.0000,19.0000
305.5236,38.1097,34.0000,19.0000
2
0
0
0
0
1
310.0000,167.0000,76.0000,84.0000
310.0000,167.0000,76.0000,84.0000
310.0000,167.0000,76.0000,84.0000
265.4285,117.7266,49.0000,61.0000
261.7405,93.3579,41.0000,65.0000
252.3700,67.2452,45.0000,71.0000
245.5762,36.5358,52.0000,83.0000
240.3671,50.6282,32.0000,53.0000
241.2745,44.2235,22.0000,39.0000
241.2745,44.2235,22.0000,39.0000
2
0
0
0
0
1
147.0000,24.0000,112.0000,139.0000