173.6697
0.0820
0.0590
0.0630
0.0620
0.0600
0.0600
0.0560
0.0610
0.0580
0.0580
0.0630
0.0480
0.0560
0.0590
0.0650
0.1150
0.0770
0.0640
0.0550
0.0540
0.0550
0.0780
0.0770
0.0610
0.0590
0.0700
0.0660
0.0640
0.0680
0.0640
0.0710
0.0660
0.0650
0.0670
0.0650
0.0880
0.0690
0.0630
0.0710
0.0610
0.0670
0.0640
0.0730
0.0660
0.0690
0.0660
0.0670
0.0670
0.0670
NaN
NaN
NaN
NaN
173.7967
0.0520
0.0590
0.0630
0.0610
0.0580
0.0590
0.0570
0.0610
0.0570
0.0520
0.0520
0.0540
0.0600
0.0620
0.0610
0.0730
0.0900
0.0770
0.0650
0.0600
0.0640
0.0640
0.0620
NaN
NaN
NaN
NaN
173.7907
0.0560
0.0490
0.0560
0.0600
0.0570
0.0570
0.0590
0.0620
0.0530
0.0640
0.0550
NaN
NaN
NaN
NaN
173.7735
0.0450