1
530.6829,77.1905,43.0000,28.0000
536.3330,81.1970,31.0000,27.0000
533.5740,80.9899,27.0000,24.0000
533.5740,80.9899,27.0000,24.0000
529.7838,89.0435,21.0000,15.0000
529.7838,89.0435,21.0000,15.0000
529.7838,89.0435,21.0000,15.0000
529.7838,89.0435,21.0000,15.0000
529.7838,89.0435,21.0000,15.0000
529.7838,89.0435,21.0000,15.0000
529.7838,89.0435,21.0000,15.0000
529.7838,89.0435,21.0000,15.0000
529.7838,89.0435,21.0000,15.0000
529.7838,89.0435,21.0000,15.0000
2
0
0
0
0
1
446.6912,108.6148,52.0000,37.0000
439.3071,116.3189,43.0000,35.0000
449.6706,122.3778,36.0000,23.0000
453.9831,131.6195,23.0000,14.0000
453.9831,131.6195,23.0000,14.0000
453.9831,131.6195,23.0000,14.0000
453.9831,131.6195,23.0000,14.0000
453.9831,131.6195,23.0000,14.0000
453.9831,131.6195,23.0000,14.0000
453.9831,131.6195,23.0000,14.0000
453.9831,131.6195,23.0000,14.0000
453.9831,131.6195,23.0000,14.0000
453.9831,131.6195,23.0000,14.0000
453.9831,131.6195,23.0000,14.0000
453.9831,131.6195,23.0000,14.0000
453.9831,131.6195,23.0000,14.0000
453.9831,131.6195,23.0000,14.0000
2
0
0
0
0
1
435.3336,175.7709,84.0000,49.0000
425.2567,174.3769,100.0000,54.0000
421.7992,180.4930,108.0000,54.0000
420.5255,182.4499,113.0000,55.0000
434.0327,192.9548,95.0000,42.0000
431.1960,207.4658,82.0000,27.0000
451.0085,202.7814,68.0000,20.0000
451.0085,202.7814,68.0000,20.0000
451.0085,202.7814,68.0000,20.0000
451.0085,202.7814,68.0000,20.0000
451.0085,202.7814,68.0000,20.0000
451.0085,202.7814,68.0000,20.0000
451.0085,202.7814,68.0000,20.0000
451.0085,202.7814,68.0000,20.0000
451.0085,202.7814,68.0000,20.0000
451.0085,202.7814,68.0000,20.0000
451.0085,202.7814,68.0000,20.0000
2
0
0
0
0
1
346.1494,245.4350,174.0000,75.0000
344.3150,246.3151,176.0000,77.0000
341.9252,247.5383,176.0000,77.0000
336.2214,247.7080,178.0000,79.0000
334.1668,247.6449,178.0000,81.0000
330.7542,246.3622,175.0000,83.0000
327.5648,245.8791,177.0000,85.0000
325.6750,245.1151,174.0000,87.0000
313.2804,245.4630,182.0000,87.0000
312.8436,244.5864,179.0000,88.0000
305.0689,244.6040,179.0000,88.0000
302.4496,242.4831,173.0000,88.0000
298.7635,241.4831,173.0000,89.0000
296.3375,241.8675,173.0000,87.0000
290.9755,243.3359,170.0000,84.0000
289.6009,241.5862,167.0000,85.0000
281.4029,240.0526,169.0000,85.0000
282.4468,239.6218,161.0000,82.0000
274.5076,238.9462,161.0000,80.0000
271.5175,237.4015,158.0000,81.0000
269.1224,236.7476,155.0000,81.0000
262.5702,236.2614,155.0000,79.0000
264.4946,234.2560,150.0000,81.0000
258.5090,232.6453,152.0000,82.0000
258.2658,232.3088,144.0000,78.0000
256.4071,228.9980,146.0000,84.0000
253.6165,228.8325,143.0000,80.0000
248.5384,226.7285,138.0000,76.0000
245.7121,223.6562,135.0000,76.0000
248.9649,224.6685,135.0000,72.0000
248.0644,221.1231,130.0000,69.0000
247.8922,219.0806,130.0000,67.0000
252.5925,218.4151,123.0000,65.0000
252.3185,216.2516,126.0000,66.0000
256.8931,216.5220,122.0000,63.0000
255.9111,214.1584,122.0000,62.0000
259.8642,212.2209,116.0000,62.0000
262.3281,210.5225,114.0000,61.0000
264.5156,208.4809,112.0000,60.0000
269.3543,207.8014,110.0000,59.0000
269.3543,207.8014,110.0000,59.0000
269.3543,207.8014,110.0000,59.0000
279.0271,203.3786,104.0000,57.0000
279.0271,203.3786,104.0000,57.0000
279.0271,203.3786,104.0000,57.0000
279.0271,203.3786,104.0000,57.0000
279.0271,203.3786,104.0000,57.0000
279.0271,203.3786,104.0000,57.0000
279.0271,203.3786,104.0000,57.0000
321.5271,218.2380,97.0000,54.0000
325.4324,218.1296,89.0000,51.0000
329.7655,217.3256,84.0000,50.0000
333.0290,215.6365,84.0000,50.0000
334.9779,214.5029,84.0000,49.0000
338.4665,213.1341,81.0000,49.0000
341.9978,212.4857,79.0000,48.0000
343.9665,210.4193,80.0000,48.0000
346.6128,208.5169,78.0000,48.0000
349.3889,206.7947,78.0000,47.0000
351.3264,206.8259,79.0000,44.0000
358.7665,209.8363,67.0000,35.0000
358.7665,209.8363,67.0000,35.0000
358.7665,209.8363,67.0000,35.0000
358.7665,209.8363,67.0000,35.0000
358.7665,209.8363,67.0000,35.0000
358.7665,209.8363,67.0000,35.0000
358.7665,209.8363,67.0000,35.0000
358.7665,209.8363,67.0000,35.0000
358.7665,209.8363,67.0000,35.0000
358.7665,209.8363,67.0000,35.0000
358.7665,209.8363,67.0000,35.0000
358.7665,209.8363,67.0000,35.0000
358.7665,209.8363,67.0000,35.0000
358.7665,209.8363,67.0000,35.0000
358.7665,209.8363,67.0000,35.0000
358.7665,209.8363,67.0000,35.0000
358.7665,209.8363,67.0000,35.0000
358.7665,209.8363,67.0000,35.0000
358.7665,209.8363,67.0000,35.0000
358.7665,209.8363,67.0000,35.0000
358.7665,209.8363,67.0000,35.0000
358.7665,209.8363,67.0000,35.0000
358.7665,209.8363,67.0000,35.0000
358.7665,209.8363,67.0000,35.0000
358.7665,209.8363,67.0000,35.0000
358.7665,209.8363,67.0000,35.0000
2
0
0