174.5104
0.0530
0.0630
0.0630
0.0650
0.0590
0.0620
0.0620
0.0590
0.0560
0.0540
0.0600
0.0570
0.0580
0.0660
0.0630
NaN
NaN
NaN
NaN
174.5974
0.0510
0.0480
0.0560
0.0700
0.0530
0.0810
0.0680
0.0700
0.0680
0.0590
0.0660
0.0680
0.0660
0.0660
0.0700
0.0910
0.0770
0.0700
NaN
NaN
NaN
NaN
174.5144
0.0580
0.0630
0.0630
0.0630
0.0660
0.0620
0.0630
0.0630
0.0600
0.0700
0.0600
0.0580
0.0660
0.0640
0.0680
0.0910
0.0840
0.0810
NaN
NaN
NaN
NaN
174.5214
0.0630
0.0630
0.0600
0.0660
0.0610
0.0680
0.0680
0.0650
0.0680
0.0600
0.0660
0.0730
0.0700
0.0620
0.0700
0.0780
0.0690
0.0620
0.0610
0.0610
0.0690
0.0980
0.0850
0.0650
0.0740
0.0660
0.0640
0.0620
0.0610
0.0670
0.0650
0.0600
0.0980
0.0610
0.0600
0.0670
0.0720
0.0610
0.0650
0.0640
0.0770
0.0620
0.0630
0.1070
0.0990
0.0930
0.0760
0.0710
0.0740
0.0740
0.0970
0.0890
0.0890
0.0730
0.0720
0.0680
0.0720
0.0780
0.0700
0.0730
0.0650
0.0700
0.0710
0.0760
0.0720
0.0730
0.0750
0.0700
0.0750
0.0680
0.0800
0.1120
0.0830
0.0640
0.0650
0.0660
0.0690
0.1130
0.0930
0.0750
0.0700
0.0700
0.0990
0.1350
0.0740
0.0750
0.0800
NaN
NaN