194.3221
0.0282
0.0323
0.0373
0.0304
0.0353
0.0395
0.0322
0.0353
0.0323
0.0374
0.0343
0.0283
0.0241
0.0263
0.0292
0.0353
0.0343
0.0333
0.0252
0.0237
0.0240
0.0242
0.0202
0.0312
0.0242
0.0242
0.0251
0.0232
0.0271
0.0292
0.0305
0.0322
0.0343
0.0312
0.0303
0.0384
0.0342
0.0294
0.0323
0.0343
0.0272
0.0302
0.0333
0.0332
0.0322
0.0282
0.0333
0.0263
0.0302
0.0172
0.0302
0.0304
0.0242
0.0303
0.0314
0.0315
0.0364
0.0332
0.0384
0.0353
0.0273
0.0333
0.0292
0.0272
0.0312
0.0343
0.0202
0.0333
0.0262
0.0283
0.0242
0.0433
0.0373
0.0313
0.0270
0.0333
0.0283
0.0333
0.0343
0.0303
0.0312
0.0263
0.0313
0.0272
0.0374
0.0414
0.0320
0.0320
0.0320
0.0320
0.0409
0.0323
0.0274
0.0309
0.0349
0.0303
0.0294
0.0785
0.0343
0.0393
0.0364
0.0404
0.0394
0.0392
0.0430
0.0421
0.0421
0.0397
0.0387
0.0371
0.0383
0.0380
0.0424
0.0350
0.0438
0.0300
0.0344
0.0347
0.0351
0.0296
0.0350
0.0351
0.0393
0.0350
0.0374
0.0356
0.0353
0.0387
0.0354
0.0260
0.0301
0.0264
0.0250
0.0290
0.0450
0.0599
0.1159
0.0812
0.0435
0.0440
0.0342
0.0309
0.0390
0.0350
0.0420
0.0364
0.0340
0.0331
0.0384
0.0280
0.0272
0.0380
0.0310
0.0330
0.0312