1
236.1921,159.0857,28.0000,63.0000
235.9991,164.5265,27.0000,61.0000
233.6416,161.6005,23.0000,64.0000
235.8274,170.5649,24.0000,64.0000
236.9061,176.0560,22.0000,62.0000
232.1760,184.6292,27.0000,62.0000
223.3835,190.6901,20.0000,62.0000
232.8075,206.2176,18.0000,52.0000
248.5700,243.9731,9.0000,36.0000
2
0
0
0
0
1
138.5510,308.8234,51.0000,47.0000
120.5609,298.8980,51.0000,47.0000
93.8693,289.6107,59.0000,51.0000
87.6961,290.4903,56.0000,49.0000
60.9312,278.1292,43.0000,40.0000
58.2072,280.8757,52.0000,50.0000
63.9359,287.4633,46.0000,46.0000
39.2055,270.3577,51.0000,46.0000
47.1360,252.2673,35.0000,37.0000
47.2716,247.9715,28.0000,25.0000
2
0
0
0
0
1
239.6260,267.3151,59.0000,47.0000
246.5990,273.9933,59.0000,47.0000
250.2321,275.6346,59.0000,47.0000
266.1169,281.0019,58.0000,47.0000
272.8806,282.5228,58.0000,46.0000
288.8115,286.3882,57.0000,46.0000
312.5908,294.0840,52.0000,45.0000
331.0563,297.4776,51.0000,43.0000
338.4987,305.0535,57.0000,44.0000
336.3466,307.8616,59.0000,45.0000
331.3024,310.5054,60.0000,46.0000
355.7375,320.4632,53.0000,44.0000
384.1369,339.7551,44.0000,39.0000
373.0398,330.4568,53.0000,51.0000
367.0281,322.7461,61.0000,50.0000
378.6370,328.2136,60.0000,50.0000
404.1790,338.1211,51.0000,47.0000
419.7296,340.8364,51.0000,47.0000
432.3457,342.2133,54.0000,47.0000
432.3457,342.2133,54.0000,47.0000
432.3457,342.2133,54.0000,47.0000
416.5688,349.1011,56.0000,52.0000
393.4460,325.8790,58.0000,60.0000
383.5623,303.4203,58.0000,58.0000
372.0774,292.2548,57.0000,56.0000
362.7046,281.9279,59.0000,54.0000
342.8003,277.8686,58.0000,52.0000
325.4149,270.1023,61.0000,52.0000
306.4859,266.5404,62.0000,52.0000
287.9731,263.1499,64.0000,51.0000
281.3958,253.5489,64.0000,52.0000
264.3261,243.3788,66.0000,54.0000
242.3310,227.4608,67.0000,55.0000
222.8179,210.8855,77.0000,65.0000
208.5480,200.6094,78.0000,67.0000
186.2603,190.6284,88.0000,76.0000
163.2984,179.7632,80.0000,67.0000
148.2724,168.4562,71.0000,64.0000
128.6993,161.3820,68.0000,65.0000
127.6221,157.2785,62.0000,62.0000
117.6998,142.6509,63.0000,63.0000
108.0146,136.4553,63.0000,64.0000
95.8890,142.9122,65.0000,68.0000
108.6992,162.7420,65.0000,69.0000
127.1493,193.5826,62.0000,65.0000
124.8062,185.8101,66.0000,72.0000
123.5144,168.8226,64.0000,70.0000
119.9665,172.6545,65.0000,67.0000
120.2990,186.7038,69.0000,68.0000
125.1156,211.3865,66.0000,62.0000
141.0822,225.3745,67.0000,63.0000
176.4717,235.3645,56.0000,63.0000
207.9732,234.3385,51.0000,82.0000
2
0
0
0
0
1
150.8432,65.3512,33.0000,79.0000
144.3398,69.9584,41.0000,67.0000
148.5403,81.7564,48.0000,64.0000
152.4607,84.0982,51.0000,65.0000
154.1798,86.6049,51.0000,61.0000
156.6247,85.8753,51.0000,62.0000
168.9565,84.4891,48.0000,62.0000
190.3056,83.6545,43.0000,64.0000
197.4502,77.7237,40.0000,65.0000
192.3729,74.7072,39.0000,60.0000
186.6483,71.3841,39.0000,61.0000
178.9431,74.4033,39.0000,59.0000
176.6177,71.1792,38.0000,61.0000
158.1708,73.9918,38.0000,60.0000
138.8002,80.4959,38.0000,57.0000
127.8179,90.1629,40.0000,57.0000
122.0709,97.5065,43.0000,57.0000
110.9407,112.4323,46.0000,57.0000
101.0608,119.6092,50.0000,62.0000
93.2492,118.4106,54.0000,62.0000
87.9485,118.4094,62.0000,62.0000
87.4580,135.6060,68.0000,62.0000
85.8957,141.0555,70.0000,62.0000
88.9455,144.3649,68.0000,63.0000
98.3926,139.9861,70.0000,66.0000
111.3178,131.0335,60.0000,64.0000
107.2658,120.6797,56.0000,67.0000
101.7861,117.5773,53.0000,63.0000
101.0250,105.3068,50.0000,63.0000