173.6395
0.0570
0.0580
0.0550
0.0590
0.0590
0.0490
0.0710
0.0550
0.0770
0.0570
NaN
NaN
NaN
NaN
173.6655
0.0580
0.0550
0.0530
0.0580
0.0590
0.0610
0.0600
0.0620
0.0620
0.0580
0.0560
NaN
NaN
NaN
NaN
173.6085
0.0570
0.0620
0.0560
0.0550
0.0550
0.0600
0.0610
0.0610
0.0660
0.0600
0.0580
0.0590
0.0540
0.0550
0.0550
0.0790
0.0980
0.0900
0.0630
0.0620
0.0590
0.0620
0.0650
0.0610
0.0610
0.0620
0.0750
0.0690
0.0660
0.0650
0.0650
0.0690
0.0650
0.0590
0.0620
0.0810
0.0660
0.0670
0.0650
0.0690
0.0600
0.0670
0.0650
0.0590
0.0620
0.0720
0.0660
0.0730
0.0700
0.0690
0.0700
0.0920
0.1140
0.0750
NaN
NaN
NaN
NaN
173.6496
0.0560
0.0620
0.0590
0.0550
0.0610
0.0590
0.0550
0.0590
0.0590
0.0590
0.0590
0.0600
0.0520
0.0550
0.0550
0.0500
0.0560
0.1080
0.1020
0.0750
0.0590
0.0620
0.0640
0.0660
0.0630
0.0700
0.0590
0.0600
0.0660