1
343.0608,112.2923,73.1833,14.8253
343.0608,112.2923,73.1833,14.8253
343.0608,112.2923,73.1833,14.8253
343.0608,112.2923,73.1833,14.8253
343.0608,112.2923,73.1833,14.8253
343.0608,112.2923,73.1833,14.8253
343.0608,112.2923,73.1833,14.8253
2
0
0
0
0
1
282.5627,65.4534,23.3746,59.8468
282.5627,65.4534,23.3746,59.8468
282.5627,65.4534,23.3746,59.8468
282.5627,65.4534,23.3746,59.8468
282.5627,65.4534,23.3746,59.8468
282.5627,65.4534,23.3746,59.8468
282.5627,65.4534,23.3746,59.8468
282.5627,65.4534,23.3746,59.8468
282.5627,65.4534,23.3746,59.8468
282.5627,65.4534,23.3746,59.8468
282.5627,65.4534,23.3746,59.8468
282.5627,65.4534,23.3746,59.8468
282.5627,65.4534,23.3746,59.8468
282.5627,65.4534,23.3746,59.8468
282.5627,65.4534,23.3746,59.8468
282.5627,65.4534,23.3746,59.8468
282.5627,65.4534,23.3746,59.8468
282.5627,65.4534,23.3746,59.8468
282.5627,65.4534,23.3746,59.8468
2
0
0
0
0
1
272.4255,32.4204,48.6639,29.7211
272.4255,32.4204,48.6639,29.7211
272.4255,32.4204,48.6639,29.7211
272.4255,32.4204,48.6639,29.7211
272.4255,32.4204,48.6639,29.7211
272.4255,32.4204,48.6639,29.7211
272.4255,32.4204,48.6639,29.7211
272.4255,32.4204,48.6639,29.7211
272.4255,32.4204,48.6639,29.7211
272.4255,32.4204,48.6639,29.7211
2
0
0
0
0
1
233.4226,118.3045,39.9549,33.2859
233.4226,118.3045,39.9549,33.2859
233.4226,118.3045,39.9549,33.2859
233.4226,118.3045,39.9549,33.2859
233.4226,118.3045,39.9549,33.2859
233.4226,118.3045,39.9549,33.2859
233.4226,118.3045,39.9549,33.2859
233.4226,118.3045,39.9549,33.2859
233.4226,118.3045,39.9549,33.2859
233.4226,118.3045,39.9549,33.2859
233.4226,118.3045,39.9549,33.2859
2
0
0
0
0
1
223.4896,182.3730,19.0508,71.6939
223.4896,182.3730,19.0508,71.6939
223.4896,182.3730,19.0508,71.6939
223.4896,182.3730,19.0508,71.6939
223.4896,182.3730,19.0508,71.6939
223.4896,182.3730,19.0508,71.6939
223.4896,182.3730,19.0508,71.6939
223.4896,182.3730,19.0508,71.6939
223.4896,182.3730,19.0508,71.6939
223.4896,182.3730,19.0508,71.6939
223.4896,182.3730,19.0508,71.6939
2
0
0
0
0
1
261.1091,290.6581,19.6117,60.6237
261.1091,290.6581,19.6117,60.6237
261.1091,290.6581,19.6117,60.6237
261.1091,290.6581,19.6117,60.6237
261.1091,290.6581,19.6117,60.6237
261.1091,290.6581,19.6117,60.6237
261.1091,290.6581,19.6117,60.6237
261.1091,290.6581,19.6117,60.6237
261.1091,290.6581,19.6117,60.6237
261.1091,290.6581,19.6117,60.6237
261.1091,290.6581,19.6117,60.6237
2
0
0
0
0
1
249.6145,404.0286,21.8909,56.3178
249.6145,404.0286,21.8909,56.3178
249.6145,404.0286,21.8909,56.3178
249.6145,404.0286,21.8909,56.3178
249.6145,404.0286,21.8909,56.3178
249.6145,404.0286,21.8909,56.3178
249.6145,404.0286,21.8909,56.3178
249.6145,404.0286,21.8909,56.3178
249.6145,404.0286,21.8909,56.3178
249.6145,404.0286,21.8909,56.3178
249.6145,404.0286,21.8909,56.3178
249.6145,404.0286,21.8909,56.3178
249.6145,404.0286,21.8909,56.3178
249.6145,404.0286,21.8909,56.3178
249.6145,404.0286,21.8909,56.3178
249.6145,404.0286,21.8909,56.3178
2
0
0
0
0
1
261.4733,504.8897,21.8635,68.9906
261.4733,504.8897,21.8635,68.9906
261.4733,504.8897,21.8635,68.9906
261.4733,504.8897,21.8635,68.9906
261.4733,504.8897,21.8635,68.9906
261.4733,504.8897,21.8635,68.9906
261.4733,504.8897,21.8635,68.9906
261.4733,504.8897,21.8635,68.9906
261.4733,504.8897,21.8635,68.9906
261.4733,504.8897,21.8635,68.9906
261.4733,504.8897,21.8635,68.9906
261.4733,504.8897,21.8635,68.9906
261.4733,504.8897,21.8635,68.9906
261.4733,504.8897,21.8635,68.9906
2
0
0
0
0
1
344.9646,554.4315,39.3008,29.5020
344.9646,554.4315,39.3008,29.5020
344.9646,554.4315,39.3008,29.5020
344.9646,554.4315,39.3008,29.5020
2
0
0
0
0
1
463.2512,500.2717,34.6177,36.7665
463.2512,500.2717,34.6177,36.7665
463.2512,500.2717,34.6177,36.7665
463.2512,500.2717,34.6177,36.7665
463.2512,500.2717,34.6177,36.7665
2
0
0
0
0
1
479.2036,550.1216,23.6879,51.0668
479.2036,550.1216,23.6879,51.0668
479.2036,550.1216,23.6879,51.0668
479.2036,550.1216,23.6879,51.0668
479.2036,550.1216,23.6879,51.0668
479.2036,550.1216,23.6879,51.0668
479.2036,550.1216,23.6879,51.0668
2
0
0
0
0
1
548.0651,574.5484,22.1747,47.3031
548.0651,574.5484,22.1747,47.3031
548.0651,574.5484,22.1747,47.3031
2
0
0
0
0
1
641.3734,539.4027,35.2532,34.1545
641.3734,539.4027,35.2532,34.1545
641.3734,539.4027,35.2532,34.1545
641.3734,539.4027,35.2532,34.1545
2
0
0
0
0
1
743.0490,620.8714,38.1920,34.3073
743.0490,620.8714,38.1920,34.3073
743.0490,620.8714,38.1920,34.3073
743.0490,620.8714,38.1920,34.3073
743.0490,620.8714,38.1920,34.3073
743.0490,620.8714,38.1920,34.3073
2
0
0
0
0
1
807.9562,616.2529,43.6475,30.0093
807.9562,616.2529,43.6475,30.0093
807.9562,616.2529,43.6475,30.0093
807.9562,616.2529,43.6475,30.0093
807.9562,616.2529,43.6475,30.0093
807.9562,616.2529,43.6475,30.0093
2
0
0
0
0
1
911.5374,617.0296,56.7553,22.2307
911.5374,617.0296,56.7553,22.2307
911.5374,617.0296,56.7553,22.2307
911.5374,617.0296,56.7553,22.2307
911.5374,617.0296,56.7553,22.2307
911.5374,617.0296,56.7553,22.2307
911.5374,617.0296,56.7553,22.2307
911.5374,617.0296,56.7553,22.2307
2
0
0
0
0
1
1023.1102,604.0800,49.6797,24.3351
1023.1102,604.0800,49.6797,24.3351
1023.1102,604.0800,49.6797,24.3351
1023.1102,604.0800,49.6797,24.3351
1023.1102,604.0800,49.6797,24.3351
1023.1102,604.0800,49.6797,24.3351
2
0
0
0
0
1
1115.8066,603.9266,48.5367,26.2268
1115.8066,603.9266,48.5367,26.2268
1115.8066,603.9266,48.5367,26.2268
1115.8066,603.9266,48.5367,26.2268
2
0
0
0
0
1
1209.1552,679.4091,23.1895,49.2117
1209.1552,679.4091,23.1895,49.2117
1209.1552,679.4091,23.1895,49.2117
2
0
0
0
0
1
1400.4875,677.8497,27.9251,36.3655
2
0
0
0
0
1
1536.9550,517.8381,32.9900,38.2888
2
0
0
0
0
1
1484.0601,392.8642,28.9798,40.1766
1484.0601,392.8642,28.9798,40.1766
1484.0601,392.8642,28.9798,40.1766
1484.0601,392.8642,28.9798,40.1766
2
0
0
0
0
1
1248.8632,354.7378,80.8735,12.0093
1248.8632,354.7378,80.8735,12.0093
2
0
0
0
0
1
1055.5000,355.5000,82.0000,12.0000
1055.5000,355.5000,82.0000,12.0000
1055.5000,355.5000,82.0000,12.0000
1055.5000,355.5000,82.0000,12.0000
1055.5000,355.5000,82.0000,12.0000
1055.5000,355.5000,82.0000,12.0000
2
0
0
0
0
1
993.0587,376.7724,40.6776,25.8902
993.0587,376.7724,40.6776,25.8902
993.0587,376.7724,40.6776,25.8902
2
0
0
0
0
1
977.3892,386.3883,45.0867,28.6783
2
0
0
0
0
1
820.0414,345.2735,64.9372,18.2830
820.0414,345.2735,64.9372,18.2830
820.0414,345.2735,64.9372,18.2830
820.0414,345.2735,64.9372,18.2830
2
0
0
0
0
1
665.5529,311.5638,50.5693,23.9474
665.5529,311.5638,50.5693,23.9474
665.5529,311.5638,50.5693,23.9474
665.5529,311.5638,50.5693,23.9474
2
0
0
0
0
1
547.3458,279.3035,51.1883,21.7081
547.3458,279.3035,51.1883,21.7081
547.3458,279.3035,51.1883,21.7081
547.3458,279.3035,51.1883,21.7081
2
0
0
0
0
1
350.9515,304.6572,57.2671,19.6805
350.9515,304.6572,57.2671,19.6805
2
0
0
0
0
1
279.7714,216.0123,23.9872,49.3055
279.7714,216.0123,23.9872,49.3055
279.7714,216.0123,23.9872,49.3055
279.7714,216.0123,23.9872,49.3055
279.7714,216.0123,23.9872,49.3055
279.7714,216.0123,23.9872,49.3055
2
0
0
0
0
1
288.2618,129.4397,51.7915,21.9207
288.2618,129.4397,51.7915,21.9207
288.2618,129.4397,51.7915,21.9207
288.2618,129.4397,51.7915,21.9207
288.2618,129.4397,51.7915,21.9207
288.2618,129.4397,51.7915,21.9207
288.2618,129.4397,51.7915,21.9207
288.2618,129.4397,51.7915,21.9207
2
0
0
0
0
1
403.7425,111.7806,46.4450,23.1138
403.7425,111.7806,46.4450,23.1138
403.7425,111.7806,46.4450,23.1138
403.7425,111.7806,46.4450,23.1138
403.7425,111.7806,46.4450,23.1138
403.7425,111.7806,46.4450,23.1138