1
312.1421,146.3878,106.1309,96.4144
312.1421,146.3878,106.1309,96.4144
312.1421,146.3878,106.1309,96.4144
312.1421,146.3878,106.1309,96.4144
312.1421,146.3878,106.1309,96.4144
312.1421,146.3878,106.1309,96.4144
312.1421,146.3878,106.1309,96.4144
312.1421,146.3878,106.1309,96.4144
312.1421,146.3878,106.1309,96.4144
312.1421,146.3878,106.1309,96.4144
312.1421,146.3878,106.1309,96.4144
312.1421,146.3878,106.1309,96.4144
312.1421,146.3878,106.1309,96.4144
312.1421,146.3878,106.1309,96.4144
312.1421,146.3878,106.1309,96.4144
312.1421,146.3878,106.1309,96.4144
312.1421,146.3878,106.1309,96.4144
312.1421,146.3878,106.1309,96.4144
312.1421,146.3878,106.1309,96.4144
312.1421,146.3878,106.1309,96.4144
312.1421,146.3878,106.1309,96.4144
312.1421,146.3878,106.1309,96.4144
312.1421,146.3878,106.1309,96.4144
312.1421,146.3878,106.1309,96.4144
312.1421,146.3878,106.1309,96.4144
312.1421,146.3878,106.1309,96.4144
2
0
0
0
0
1
217.3260,197.3784,72.5881,68.8132
217.3260,197.3784,72.5881,68.8132
217.3260,197.3784,72.5881,68.8132
217.3260,197.3784,72.5881,68.8132
217.3260,197.3784,72.5881,68.8132
217.3260,197.3784,72.5881,68.8132
217.3260,197.3784,72.5881,68.8132
217.3260,197.3784,72.5881,68.8132
217.3260,197.3784,72.5881,68.8132
217.3260,197.3784,72.5881,68.8132
217.3260,197.3784,72.5881,68.8132
217.3260,197.3784,72.5881,68.8132
217.3260,197.3784,72.5881,68.8132
217.3260,197.3784,72.5881,68.8132
217.3260,197.3784,72.5881,68.8132
217.3260,197.3784,72.5881,68.8132
2
0
0
0
0
1
249.7678,68.5712,49.2993,61.8876
249.7678,68.5712,49.2993,61.8876
249.7678,68.5712,49.2993,61.8876
249.7678,68.5712,49.2993,61.8876
249.7678,68.5712,49.2993,61.8876
249.7678,68.5712,49.2993,61.8876
249.7678,68.5712,49.2993,61.8876
2
0
0
0
0
1
189.3434,91.1211,53.3632,56.3594
189.3434,91.1211,53.3632,56.3594
189.3434,91.1211,53.3632,56.3594
189.3434,91.1211,53.3632,56.3594
189.3434,91.1211,53.3632,56.3594
189.3434,91.1211,53.3632,56.3594
189.3434,91.1211,53.3632,56.3594
189.3434,91.1211,53.3632,56.3594
189.3434,91.1211,53.3632,56.3594
189.3434,91.1211,53.3632,56.3594
189.3434,91.1211,53.3632,56.3594
189.3434,91.1211,53.3632,56.3594
189.3434,91.1211,53.3632,56.3594
189.3434,91.1211,53.3632,56.3594
189.3434,91.1211,53.3632,56.3594
189.3434,91.1211,53.3632,56.3594
189.3434,91.1211,53.3632,56.3594
189.3434,91.1211,53.3632,56.3594
189.3434,91.1211,53.3632,56.3594
189.3434,91.1211,53.3632,56.3594
189.3434,91.1211,53.3632,56.3594
189.3434,91.1211,53.3632,56.3594
189.3434,91.1211,53.3632,56.3594
189.3434,91.1211,53.3632,56.3594
189.3434,91.1211,53.3632,56.3594
189.3434,91.1211,53.3632,56.3594
189.3434,91.1211,53.3632,56.3594
189.3434,91.1211,53.3632,56.3594
2
0
0
0
0
1
188.7417,131.0351,67.2066,67.1698
188.7417,131.0351,67.2066,67.1698
188.7417,131.0351,67.2066,67.1698
188.7417,131.0351,67.2066,67.1698
188.7417,131.0351,67.2066,67.1698
188.7417,131.0351,67.2066,67.1698
188.7417,131.0351,67.2066,67.1698
188.7417,131.0351,67.2066,67.1698
188.7417,131.0351,67.2066,67.1698
188.7417,131.0351,67.2066,67.1698
188.7417,131.0351,67.2066,67.1698
188.7417,131.0351,67.2066,67.1698
188.7417,131.0351,67.2066,67.1698
188.7417,131.0351,67.2066,67.1698
188.7417,131.0351,67.2066,67.1698
188.7417,131.0351,67.2066,67.1698
188.7417,131.0351,67.2066,67.1698
188.7417,131.0351,67.2066,67.1698
188.7417,131.0351,67.2066,67.1698
188.7417,131.0351,67.2066,67.1698
188.7417,131.0351,67.2066,67.1698
188.7417,131.0351,67.2066,67.1698
188.7417,131.0351,67.2066,67.1698
188.7417,131.0351,67.2066,67.1698
188.7417,131.0351,67.2066,67.1698
188.7417,131.0351,67.2066,67.1698
188.7417,131.0351,67.2066,67.1698
188.7417,131.0351,67.2066,67.1698
188.7417,131.0351,67.2066,67.1698
188.7417,131.0351,67.2066,67.1698
188.7417,131.0351,67.2066,67.1698
188.7417,131.0351,67.2066,67.1698
188.7417,131.0351,67.2066,67.1698
188.7417,131.0351,67.2066,67.1698
188.7417,131.0351,67.2066,67.1698
188.7417,131.0351,67.2066,67.1698
188.7417,131.0351,67.2066,67.1698
188.7417,131.0351,67.2066,67.1698
188.7417,131.0351,67.2066,67.1698
188.7417,131.0351,67.2066,67.1698
188.7417,131.0351,67.2066,67.1698
188.7417,131.0351,67.2066,67.1698
188.7417,131.0351,67.2066,67.1698
188.7417,131.0351,67.2066,67.1698
188.7417,131.0351,67.2066,67.1698
188.7417,131.0351,67.2066,67.1698
188.7417,131.0351,67.2066,67.1698
188.7417,131.0351,67.2066,67.1698
188.7417,131.0351,67.2066,67.1698
188.7417,131.0351,67.2066,67.1698
188.7417,131.0351,67.2066,67.1698
188.7417,131.0351,67.2066,67.1698
188.7417,131.0351,67.2066,67.1698
188.7417,131.0351,67.2066,67.1698
188.7417,131.0351,67.2066,67.1698
188.7417,131.0351,67.2066,67.1698
188.7417,131.0351,67.2066,67.1698
188.7417,131.0351,67.2066,67.1698
188.7417,131.0351,67.2066,67.1698
188.7417,131.0351,67.2066,67.1698
188.7417,131.0351,67.2066,67.1698
188.7417,131.0351,67.2066,67.1698
188.7417,131.0351,67.2066,67.1698
188.7417,131.0351,67.2066,67.1698
188.7417,131.0351,67.2066,67.1698
188.7417,131.0351,67.2066,67.1698
188.7417,131.0351,67.2066,67.1698
188.7417,131.0351,67.2066,67.1698
188.7417,131.0351,67.2066,67.1698
188.7417,131.0351,67.2066,67.1698
188.7417,131.0351,67.2066,67.1698
188.7417,131.0351,67.2066,67.1698
188.7417,131.0351,67.2066,67.1698
188.7417,131.0351,67.2066,67.1698
188.7417,131.0351,67.2066,67.1698
188.7417,131.0351,67.2066,67.1698
188.7417,131.0351,67.2066,67.1698
188.7417,131.0351,67.2066,67.1698
188.7417,131.0351,67.2066,67.1698
188.7417,131.0351,67.2066,67.1698
188.7417,131.0351,67.2066,67.1698
188.7417,131.0351,67.2066,67.1698
188.7417,131.0351,67.2066,67.1698
188.7417,131.0351,67.2066,67.1698
188.7417,131.0351,67.2066,67.1698
188.7417,131.0351,67.2066,67.1698
188.7417,131.0351,67.2066,67.1698
188.7417,131.0351,67.2066,67.1698
188.7417,131.0351,67.2066,67.1698
188.7417,131.0351,67.2066,67.1698
188.7417,131.0351,67.2066,67.1698
188.7417,131.0351,67.2066,67.1698
188.7417,131.0351,67.2066,67.1698
188.7417,131.0351,67.2066,67.1698