1
150.1716,67.9399,44.4267,56.7396
150.1716,67.9399,44.4267,56.7396
150.1716,67.9399,44.4267,56.7396
150.1716,67.9399,44.4267,56.7396
150.1716,67.9399,44.4267,56.7396
150.1716,67.9399,44.4267,56.7396
150.1716,67.9399,44.4267,56.7396
150.1716,67.9399,44.4267,56.7396
150.1716,67.9399,44.4267,56.7396
150.1716,67.9399,44.4267,56.7396
150.1716,67.9399,44.4267,56.7396
150.1716,67.9399,44.4267,56.7396
150.1716,67.9399,44.4267,56.7396
150.1716,67.9399,44.4267,56.7396
150.1716,67.9399,44.4267,56.7396
150.1716,67.9399,44.4267,56.7396
150.1716,67.9399,44.4267,56.7396
150.1716,67.9399,44.4267,56.7396
150.1716,67.9399,44.4267,56.7396
150.1716,67.9399,44.4267,56.7396
150.1716,67.9399,44.4267,56.7396
150.1716,67.9399,44.4267,56.7396
150.1716,67.9399,44.4267,56.7396
2
0
0
0
0
1
224.2090,88.4381,44.7871,44.8313
224.2090,88.4381,44.7871,44.8313
224.2090,88.4381,44.7871,44.8313
224.2090,88.4381,44.7871,44.8313
224.2090,88.4381,44.7871,44.8313
224.2090,88.4381,44.7871,44.8313
224.2090,88.4381,44.7871,44.8313
224.2090,88.4381,44.7871,44.8313
224.2090,88.4381,44.7871,44.8313
224.2090,88.4381,44.7871,44.8313
224.2090,88.4381,44.7871,44.8313
2
0
0
0
0
1
130.2077,53.0818,43.1796,40.5219
130.2077,53.0818,43.1796,40.5219
130.2077,53.0818,43.1796,40.5219
130.2077,53.0818,43.1796,40.5219
2
0
0
0
0
1
61.7197,38.2781,41.2981,51.0473
61.7197,38.2781,41.2981,51.0473
61.7197,38.2781,41.2981,51.0473
61.7197,38.2781,41.2981,51.0473
61.7197,38.2781,41.2981,51.0473
61.7197,38.2781,41.2981,51.0473
61.7197,38.2781,41.2981,51.0473
61.7197,38.2781,41.2981,51.0473
61.7197,38.2781,41.2981,51.0473
2
0
0
0
0
1
184.1855,82.3433,35.9141,51.6688
184.1855,82.3433,35.9141,51.6688
184.1855,82.3433,35.9141,51.6688
184.1855,82.3433,35.9141,51.6688
184.1855,82.3433,35.9141,51.6688
184.1855,82.3433,35.9141,51.6688
184.1855,82.3433,35.9141,51.6688
184.1855,82.3433,35.9141,51.6688
184.1855,82.3433,35.9141,51.6688
184.1855,82.3433,35.9141,51.6688
184.1855,82.3433,35.9141,51.6688
184.1855,82.3433,35.9141,51.6688
184.1855,82.3433,35.9141,51.6688
184.1855,82.3433,35.9141,51.6688
184.1855,82.3433,35.9141,51.6688
184.1855,82.3433,35.9141,51.6688
184.1855,82.3433,35.9141,51.6688
2
0
0
0
0
1
104.7940,39.2940,56.4121,56.4121
104.7940,39.2940,56.4121,56.4121
104.7940,39.2940,56.4121,56.4121
104.7940,39.2940,56.4121,56.4121
104.7940,39.2940,56.4121,56.4121
2
0
0
0
0
1
216.0224,97.2064,38.9753,32.1117
216.0224,97.2064,38.9753,32.1117
216.0224,97.2064,38.9753,32.1117
216.0224,97.2064,38.9753,32.1117
216.0224,97.2064,38.9753,32.1117
216.0224,97.2064,38.9753,32.1117
216.0224,97.2064,38.9753,32.1117
216.0224,97.2064,38.9753,32.1117
216.0224,97.2064,38.9753,32.1117
216.0224,97.2064,38.9753,32.1117
216.0224,97.2064,38.9753,32.1117
216.0224,97.2064,38.9753,32.1117
216.0224,97.2064,38.9753,32.1117
216.0224,97.2064,38.9753,32.1117
216.0224,97.2064,38.9753,32.1117
216.0224,97.2064,38.9753,32.1117
216.0224,97.2064,38.9753,32.1117
216.0224,97.2064,38.9753,32.1117
216.0224,97.2064,38.9753,32.1117
216.0224,97.2064,38.9753,32.1117
2
0
0
0
0
1
125.5558,54.8204,54.9534,53.9682
125.5558,54.8204,54.9534,53.9682
125.5558,54.8204,54.9534,53.9682
125.5558,54.8204,54.9534,53.9682
125.5558,54.8204,54.9534,53.9682
125.5558,54.8204,54.9534,53.9682
125.5558,54.8204,54.9534,53.9682
125.5558,54.8204,54.9534,53.9682
125.5558,54.8204,54.9534,53.9682
125.5558,54.8204,54.9534,53.9682
125.5558,54.8204,54.9534,53.9682
125.5558,54.8204,54.9534,53.9682
2
0
0
0
0
1
224.4704,118.3366,41.1592,38.8517
224.4704,118.3366,41.1592,38.8517
224.4704,118.3366,41.1592,38.8517
224.4704,118.3366,41.1592,38.8517
224.4704,118.3366,41.1592,38.8517
224.4704,118.3366,41.1592,38.8517
224.4704,118.3366,41.1592,38.8517
224.4704,118.3366,41.1592,38.8517
224.4704,118.3366,41.1592,38.8517
224.4704,118.3366,41.1592,38.8517
224.4704,118.3366,41.1592,38.8517
224.4704,118.3366,41.1592,38.8517
224.4704,118.3366,41.1592,38.8517
2
0
0
0
0
1
173.5104,45.8700,33.7943,37.1661
173.5104,45.8700,33.7943,37.1661
173.5104,45.8700,33.7943,37.1661
173.5104,45.8700,33.7943,37.1661
173.5104,45.8700,33.7943,37.1661
2
0
0
0
0
1
244.8122,71.9545,34.8155,34.8295
244.8122,71.9545,34.8155,34.8295
244.8122,71.9545,34.8155,34.8295
244.8122,71.9545,34.8155,34.8295
244.8122,71.9545,34.8155,34.8295
244.8122,71.9545,34.8155,34.8295
244.8122,71.9545,34.8155,34.8295
244.8122,71.9545,34.8155,34.8295
2
0
0
0
0
1
157.0488,43.5321,31.9875,35.7053
157.0488,43.5321,31.9875,35.7053
157.0488,43.5321,31.9875,35.7053
2
0
0
0
0
1
71.0258,39.6664,30.8393,45.6051
71.0258,39.6664,30.8393,45.6051
71.0258,39.6664,30.8393,45.6051
71.0258,39.6664,30.8393,45.6051
71.0258,39.6664,30.8393,45.6051
71.0258,39.6664,30.8393,45.6051
71.0258,39.6664,30.8393,45.6051
2
0
0
0
0
1
98.4261,131.7968,38.0938,44.4214
98.4261,131.7968,38.0938,44.4214
98.4261,131.7968,38.0938,44.4214
98.4261,131.7968,38.0938,44.4214
98.4261,131.7968,38.0938,44.4214
98.4261,131.7968,38.0938,44.4214
98.4261,131.7968,38.0938,44.4214
98.4261,131.7968,38.0938,44.4214
98.4261,131.7968,38.0938,44.4214
98.4261,131.7968,38.0938,44.4214
98.4261,131.7968,38.0938,44.4214
98.4261,131.7968,38.0938,44.4214
98.4261,131.7968,38.0938,44.4214
98.4261,131.7968,38.0938,44.4214
98.4261,131.7968,38.0938,44.4214
98.4261,131.7968,38.0938,44.4214
98.4261,131.7968,38.0938,44.4214
98.4261,131.7968,38.0938,44.4214
98.4261,131.7968,38.0938,44.4214
98.4261,131.7968,38.0938,44.4214
98.4261,131.7968,38.0938,44.4214
98.4261,131.7968,38.0938,44.4214
98.4261,131.7968,38.0938,44.4214
2
0
0
0
0
1
157.8510,87.0502,42.6980,53.6536
157.8510,87.0502,42.6980,53.6536
157.8510,87.0502,42.6980,53.6536
157.8510,87.0502,42.6980,53.6536
157.8510,87.0502,42.6980,53.6536
157.8510,87.0502,42.6980,53.6536
157.8510,87.0502,42.6980,53.6536
157.8510,87.0502,42.6980,53.6536
157.8510,87.0502,42.6980,53.6536
157.8510,87.0502,42.6980,53.6536
157.8510,87.0502,42.6980,53.6536
2
0
0
0
0
1
101.2067,70.8573,44.8871,50.0524
101.2067,70.8573,44.8871,50.0524
101.2067,70.8573,44.8871,50.0524
101.2067,70.8573,44.8871,50.0524
101.2067,70.8573,44.8871,50.0524