174.6404
0.0370
0.0400
0.0400
0.0410
0.0370
0.0380
0.0400
0.0440
0.0370
0.0360
0.0370
0.0380
0.0390
0.0400
0.0370
0.0430
0.0410
0.0400
0.0400
0.0480
0.0610
0.0600
0.0540
0.0520
0.0430
0.0430
0.0460
0.0420
0.0440
0.0430
0.0420
0.0590
0.0530
0.0480
0.0550
0.0520
0.0510
0.0450
0.0500
0.0410
0.0450
0.0430
0.0460
0.0480
0.0420
0.0440
0.0450
0.0450
0.0430
0.0420
0.0430
0.0460
0.0650
0.0480
0.0460
NaN
NaN
NaN
NaN
174.0573
0.0410
0.0410
0.0370
0.0400
0.0370
0.0460
0.0440
0.0400
0.0470
0.0450
0.0400
0.0430
0.0410
0.0380
0.0550
NaN
NaN
NaN
NaN
175.6354
0.0420
0.0410
0.0510
0.0400
0.0450
0.0430
0.0490
0.0450
0.0450
0.0460
0.0480
0.0440
0.0440
0.0470
0.0350
0.0390
0.0440
0.0470
0.0710
NaN
NaN
NaN
NaN
174.1494
0.0370
0.0390
0.0430
0.0420
0.0380
0.0390
0.0390
0.0400
0.0370
0.0350
0.0410
0.0460
0.0380
0.0450
0.0410
0.0400
0.0410
0.0360
0.0400
0.0440
0.0650
NaN
NaN
NaN
NaN
173.9708
0.0420
0.0440
0.0460
0.0460
0.0440
0.0440
0.0460
0.0440
0.0460
0.0440
0.0470
0.0520
0.0480
0.0450
0.0420
0.0470
0.0550
0.1050
0.0830
0.0660
0.0510
0.0500
0.0490
0.0520
0.0600
0.0650
0.0680
0.0600
0.0570
0.0610
0.0500
0.0510
0.0610
0.0560
NaN
NaN
NaN
NaN
175.5782
0.0370
0.0400
0.0380
0.0350
0.0400
0.0360
0.0420
0.0490
0.0410
0.0450
0.0410
0.0430
0.0380
0.0420
0.0420
0.0350
0.0400
0.0420
0.0560
0.0540
0.0620
0.0590
0.0480
0.0570
0.0480
0.0460
0.0460
0.0510
NaN
NaN
NaN
NaN
174.9908
0.0400
0.0330
0.0450
0.0440
0.0450
0.0390
0.0390
0.0430
0.0400
0.0420
0.0410
0.0400
0.0430
0.0630
0.0816
0.0610
0.0790
0.0950
0.0680
0.0470
0.0560
0.0460
0.0410
0.0490
0.0580
0.0500
0.0470
0.0530
0.0520
0.0490
0.0460
0.0510
0.0540
0.0670
0.0630
0.0550
0.0500
0.0510
0.0480
0.0590
0.0680
0.0410
0.0460
0.0510
0.0440
0.0470
0.0520
0.0570
0.0530
0.0530
0.0440
0.0470
0.0480
0.0420
0.0420
0.0630
0.0660
0.0570
0.0460
0.0480
0.0440
0.0420
0.0390
0.0480
0.0490
0.0440
0.0510
0.0480
0.0430
0.0450
0.0370
0.0420
0.0520
0.0640
0.0500
NaN
NaN
NaN
NaN
173.5856
0.0380
0.0440
0.0470
0.0400
0.0420
0.0390
0.0410
0.0410
0.0430
0.0440
0.0410
0.0380
0.0390
0.0490
0.0400
0.0420
0.0420
0.0400
0.0440
0.0460
0.0380
0.0420
0.0430
0.0470
0.1440
0.0620
0.0510
0.0550
NaN
NaN
NaN
NaN
172.6334
0.0430
0.0420
0.0470
0.0450
0.0460
0.0440
0.0440
0.0470
0.0490
0.0470