1
192.9879,24.0012,76.0000,77.0000
192.8093,23.2153,77.0000,80.0000
191.8767,23.0023,77.0000,80.0000
191.0223,23.6676,78.0000,80.0000
192.1030,24.2273,76.0000,80.0000
192.9983,26.9081,74.0000,77.0000
202.6646,30.5350,54.0000,67.0000
211.1441,34.3609,42.0000,53.0000
221.1024,48.4196,29.0000,32.0000
243.4719,65.4010,16.0000,19.0000
243.4719,65.4010,16.0000,19.0000
243.4719,65.4010,16.0000,19.0000
243.4719,65.4010,16.0000,19.0000
243.4719,65.4010,16.0000,19.0000
243.4719,65.4010,16.0000,19.0000
243.4719,65.4010,16.0000,19.0000
243.4719,65.4010,16.0000,19.0000
243.4719,65.4010,16.0000,19.0000
243.4719,65.4010,16.0000,19.0000
243.4719,65.4010,16.0000,19.0000
243.4719,65.4010,16.0000,19.0000
243.4719,65.4010,16.0000,19.0000
243.4719,65.4010,16.0000,19.0000
243.4719,65.4010,16.0000,19.0000
243.4719,65.4010,16.0000,19.0000
243.4719,65.4010,16.0000,19.0000
243.4719,65.4010,16.0000,19.0000
243.4719,65.4010,16.0000,19.0000
243.4719,65.4010,16.0000,19.0000
243.4719,65.4010,16.0000,19.0000
243.4719,65.4010,16.0000,19.0000
243.4719,65.4010,16.0000,19.0000
243.4719,65.4010,16.0000,19.0000
243.4719,65.4010,16.0000,19.0000
243.4719,65.4010,16.0000,19.0000
243.4719,65.4010,16.0000,19.0000
243.4719,65.4010,16.0000,19.0000
243.4719,65.4010,16.0000,19.0000
243.4719,65.4010,16.0000,19.0000
243.4719,65.4010,16.0000,19.0000
243.4719,65.4010,16.0000,19.0000
258.2413,58.5027,8.0000,12.0000
258.2413,58.5027,8.0000,12.0000
258.2413,58.5027,8.0000,12.0000
258.2413,58.5027,8.0000,12.0000
258.2413,58.5027,8.0000,12.0000
258.2413,58.5027,8.0000,12.0000
258.2413,58.5027,8.0000,12.0000
258.2413,58.5027,8.0000,12.0000
258.2413,58.5027,8.0000,12.0000
258.2413,58.5027,8.0000,12.0000
258.2413,58.5027,8.0000,12.0000
258.2413,58.5027,8.0000,12.0000
258.2413,58.5027,8.0000,12.0000
2
0
0
0
0
1
198.7640,43.2883,50.0000,92.0000
199.5935,43.6217,49.0000,93.0000
199.4410,40.7485,47.0000,93.0000
201.3225,60.1715,43.0000,66.0000
196.0129,64.9807,48.0000,52.0000
201.2720,68.9646,32.0000,41.0000
197.8965,75.1674,27.0000,28.0000
196.7944,74.0351,20.0000,32.0000
198.9551,72.1114,12.0000,36.0000
197.3723,73.9018,16.0000,34.0000
195.3052,88.6545,16.0000,21.0000
190.2622,84.0033,17.0000,15.0000
188.5233,89.0509,11.0000,7.0000
189.6131,90.0873,6.0000,5.0000
2
0
0
0
0
1
119.7490,62.7787,82.0000,90.0000
115.1697,63.3262,83.0000,90.0000
113.6961,63.8568,80.0000,91.0000
111.4557,77.7049,75.0000,67.0000
114.9543,86.7708,66.0000,50.0000
124.2557,100.6246,47.0000,39.0000
125.3051,108.9317,35.0000,22.0000
131.8605,113.8896,19.0000,13.0000
136.5345,117.3864,9.0000,7.0000
136.5345,117.3864,9.0000,7.0000
136.5345,117.3864,9.0000,7.0000
136.5345,117.3864,9.0000,7.0000
136.5345,117.3864,9.0000,7.0000
136.5345,117.3864,9.0000,7.0000
136.5345,117.3864,9.0000,7.0000
136.5345,117.3864,9.0000,7.0000
136.5345,117.3864,9.0000,7.0000
136.5345,117.3864,9.0000,7.0000
2
0
0
0
0
1
92.9557,137.2572,63.0000,42.0000
92.9557,137.2572,63.0000,42.0000
92.9557,137.2572,63.0000,42.0000
92.9557,137.2572,63.0000,42.0000
92.9557,137.2572,63.0000,42.0000
92.9557,137.2572,63.0000,42.0000
92.9557,137.2572,63.0000,42.0000
92.9557,137.2572,63.0000,42.0000
92.9557,137.2572,63.0000,42.0000
142.0368,128.5649,35.0000,22.0000
142.0368,128.5649,35.0000,22.0000
142.0368,128.5649,35.0000,22.0000
142.0368,128.5649,35.0000,22.0000
142.0368,128.5649,35.0000,22.0000
142.0368,128.5649,35.0000,22.0000
142.0368,128.5649,35.0000,22.0000
142.0368,128.5649,35.0000,22.0000
142.0368,128.5649,35.0000,22.0000
142.0368,128.5649,35.0000,22.0000
142.0368,128.5649,35.0000,22.0000
2
0
0
0
0
1
209.7813,51.9353,42.0000,84.0000
214.7894,57.5107,41.0000,71.0000
226.1911,55.1389,36.0000,64.0000
237.8810,51.2287,24.0000,61.0000
245.2303,53.7707,18.0000,47.0000
251.1265,54.8988,12.0000,51.0000
252.3541,62.3155,12.0000,45.0000
254.7793,65.7520,11.0000,41.0000
256.3665,67.9989,13.0000,42.0000
259.5556,68.6743,13.0000,41.0000
266.0470,66.6329,8.0000,37.0000
265.4406,66.0200,11.0000,34.0000
264.4325,65.7785,13.0000,37.0000
260.7346,61.8433,17.0000,43.0000
260.3637,62.3400,12.0000,43.0000
257.2485,70.1482,13.0000,40.0000
258.8817,69.6382,7.0000,42.0000
257.0515,78.6132,9.0000,33.0000
254.8356,84.0670,10.0000,25.0000
251.8004,85.0629,10.0000,23.0000
248.2317,89.9545,11.0000,17.0000
242.4855,92.1423,15.0000,17.0000
236.2480,95.1599,16.0000,19.0000
233.4644,95.0430,12.0000,24.0000
227.0712,97.0196,16.0000,27.0000
226.0452,99.6649,13.0000,33.0000
225.4196,99.1043,13.0000,35.0000
226.1478,115.0183,11.0000,27.0000
226.4516,117.1593,9.0000,21.0000
227.3961,122.9239,7.0000,14.0000
226.6262,127.6395,9.0000,9.0000
224.9002,132.2759,12.0000,7.0000
224.5205,135.4205,13.0000,3.0000
2
0
0
0
0
1
216.3731,148.7261,45.0000,60.0000
216.3872,148.0497,46.0000,60.0000
214.6316,147.7932,48.0000,60.0000
213.9339,147.0553,48.0000,60.0000
211.8041,145.9033,47.0000,60.0000
208.1423,145.7572,47.0000,60.0000
202.8360,143.5208,50.0000,61.0000
197.1950,142.6518,53.0000,59.0000
200.4377,144.1075,41.0000,57.0000
199.5122,140.0727,32.0000,64.0000
201.4695,148.1083,19.0000,44.0000
201.7324,155.4947,11.0000,25.0000
201.0696,161.2713,7.0000,13.0000
201.0696,161.2713,7.0000,13.0000
201.0696,161.2713,7.0000,13.0000
201.0696,161.2713,7.0000,13.0000
201.0696,161.2713,7.0000,13.0000
201.0696,161.2713,7.0000,13.0000
201.0696,161.2713,7.0000,13.0000
201.0696,161.2713,7.0000,13.0000
201.0696,161.2713,7.0000,13.0000
201.0696,161.2713,7.0000,13.0000
201.0696,161.2713,7.0000,13.0000
201.0696,161.2713,7.0000,13.0000
201.0696,161.2713,7.0000,13.0000
201.0696,161.2713,7.0000,13.0000
201.0696,161.2713,7.0000,13.0000
2
0
0
0
0
1
101.1398,65.6902,76.0000,84.0000
100.3117,63.0131,73.0000,77.0000
96.0628,62.9859,76.0000,74.0000
89.6417,62.2878,81.0000,72.0000
86.5594,56.7447,84.0000,76.0000
85.3984,56.2987,86.0000,69.0000
82.0949,55.9419,89.0000,64.0000
80.0509,50.0486,92.0000,71.0000
77.4898,46.3240,97.0000,78.0000
77.5148,46.8631,98.0000,75.0000
76.3283,43.3291,96.0000,77.0000
71.7533,40.1734,97.0000,77.0000
64.1323,38.6096,100.0000,78.0000
57.6167,38.5725,103.0000,80.0000
51.7374,42.0766,106.0000,72.0000
52.5206,50.1145,104.0000,57.0000
48.4663,55.4898,104.0000,48.0000
48.4846,62.1591,102.0000,42.0000
46.1927,68.3576,105.0000,35.0000
48.4558,70.8413,105.0000,36.0000
47.0224,70.7605,109.0000,41.0000
42.1819,68.7972,114.0000,48.0000
43.0977,72.6503,117.0000,45.0000
42.7594,74.9714,115.0000,42.0000
42.7270,73.8607,120.0000,49.0000
48.3919,77.5245,114.0000,51.0000
52.0685,76.1945,108.0000,58.0000
55.8740,83.9259,106.0000,49.0000
59.6639,89.3632,101.0000,43.0000
61.8127,94.6319,101.0000,36.0000
63.5923,95.4444,102.0000,37.0000
66.5652,93.7022,102.0000,43.0000
66.3044,89.3497,102.0000,53.0000
67.5561,86.3472,98.0000,59.0000
75.3083,90.4710,93.0000,52.0000
73.6099,90.7455,93.0000,53.0000
79.4639,90.9486,88.0000,53.0000
77.2962,90.0237,93.0000,56.0000
81.7060,90.0911,91.0000,57.0000
88.0999,90.6791,86.0000,57.0000
88.4217,93.2074,90.0000,55.0000
88.0782,92.5201,94.0000,59.0000
89.3933,93.7936,97.0000,63.0000
93.4520,95.3615,93.0000,66.0000
95.4925,99.0604,90.0000,60.0000
96.0237,98.3210,88.0000,60.0000
92.8577,94.9858,90.0000,63.0000
91.8419,96.2420,96.0000,61.0000
88.8206,93.6595,94.0000,60.0000
84.0610,95.5730,99.0000,53.0000
81.3087,94.7560,102.0000,57.0000
82.5768,92.7873,105.0000,59.0000
82.6003,94.5775,108.0000,57.0000
82.6003,94.5775,108.0000,57.0000
82.6003,94.5775,108.0000,57.0000
82.6003,94.5775,108.0000,57.0000
82.6003,94.5775,108.0000,57.0000
82.6003,94.5775,108.0000,57.0000
82.6003,94.5775,108.0000,57.0000
82.6003,94.5775,108.0000,57.0000
82.6003,94.5775,108.0000,57.0000
82.6003,94.5775,108.0000,57.0000
82.6003,94.5775,108.0000,57.0000
82.6003,94.5775,108.0000,57.0000
82.6003,94.5775,108.0000,57.0000
82.6003,94.5775,108.0000,57.0000
82.6003,94.5775,108.0000,57.0000
82.6003,94.5775,108.0000,57.0000
82.6003,94.5775,108.0000,57.0000
82.6003,94.5775,108.0000,57.0000
82.6003,94.5775,108.0000,57.0000
82.6003,94.5775,108.0000,57.0000
82.6003,94.5775,108.0000,57.0000
82.6003,94.5775,108.0000,57.0000
2
0
0
0
0
1
236.1217,140.4829,59.0000,35.0000
248.2266,134.9608,49.0000,26.0000
242.2536,133.8131,45.0000,21.0000
238.2211,124.9658,50.0000,25.0000
243.2232,123.6475,45.0000,17.0000
238.1529,117.1278,40.0000,20.0000
236.0995,111.8891,35.0000,20.0000
235.3672,106.2774,30.0000,23.0000
236.2336,100.6386,26.0000,21.0000
236.6108,95.1107,20.0000,20.0000
231.9590,88.1168,20.0000,24.0000
227.4602,89.0008,16.0000,24.0000
223.9469,91.1791,10.0000,17.0000
220.0110,87.0789,10.0000,16.0000
216.4328,87.5262,11.0000,18.0000
214.1566,88.4406,11.0000,19.0000
209.9758,90.3147,13.0000,23.0000
208.9567,90.9132,13.0000,20.0000
206.4560,91.4028,14.0000,18.0000
199.7118,89.1979,18.0000,24.0000
194.5651,91.9783,16.0000,22.0000
194.9001,92.5715,11.0000,17.0000
189.9217,98.4078,9.0000,9.0000
185.4792,100.9611,7.0000,10.0000
182.8447,107.4742,2.0000,2.0000
182.8447,107.4742,2.0000,2.0000
182.8447,107.4742,2.0000,2.0000
2
0
0
0
0
1
121.0980,40.1898,82.0000,95.0000
116.1357,42.3044,85.0000,95.0000
114.8615,44.5743,82.0000,92.0000
109.9255,42.8688,87.0000,93.0000
109.7633,41.6742,82.0000,93.0000
107.2487,44.5002,84.0000,87.0000
104.2813,43.3689,86.0000,89.0000
105.5266,43.1827,84.0000,90.0000
103.0870,41.6585,86.0000,94.0000
104.4419,42.3937,86.0000,92.0000