178.4311
0.0440
0.0430
0.0410
0.0440
0.0410
0.0400
0.0400
0.0380
0.0440
0.0400
0.0410
0.0430
0.0480
0.0460
0.0470
0.0400
0.0400
0.0440
0.0460
0.0450
0.0390
0.0430
0.0390
0.0480
0.1480
0.0800
0.0900
0.0610
0.0400
0.0430
0.0460
0.0380
0.0520
0.0660
0.1500
0.0540
NaN
NaN
NaN
NaN
177.9690
0.0460
0.0530
0.0540
0.0540
0.0500
0.0580
0.0490
0.0540
0.0500
0.0510
0.0440
0.0440
0.0450
0.0500
0.0440
0.0400
0.0430
0.0450
0.0420
0.0490
NaN
NaN
NaN
NaN
178.2279
0.5070
0.6630
0.8520
1.0000
0.7900
0.7390
0.8450
0.5700
0.6530
0.6020
0.9430
0.6820
0.7810
0.8990
0.7780
0.9430
0.4750
0.6010
0.6400
0.7320
0.5820
0.3870
0.5020
0.3870
0.4820
0.4100
0.3910
0.6410
0.5140
0.4440
0.4990
0.8090
0.4380
0.6230
0.7020
0.7150
0.7890
0.7130
0.2650
0.1170
0.3890
0.3390
0.8800
1.0770
0.7240
0.5210
0.5120
0.7040
0.4650
0.8410
0.9110
1.0430
0.5310
0.6270
0.6510
0.6530
0.6050
0.8520
0.9990
0.6630
0.8070
0.8660
1.2520
0.8400
0.4950
0.3910
0.0530
0.0580
0.0460
0.0540
0.0610
0.0510
0.0550
0.0630
0.2390
0.1060
0.1230
0.0830
0.0600
0.0670
0.2880
0.1520
0.2280
0.0680
0.0770
0.0780
0.0600
0.0620
0.0880
0.0550
0.0440
0.1150
0.0650
0.0480
0.0730
0.0450
0.0530
0.1080
0.0440
0.0490
0.0500
0.1360
0.1030
0.0480
0.1310
0.1240
0.1960
0.0790
0.0490
0.0470
0.0430
0.0460
0.0590
0.0600
0.0630
0.0770
0.0660
0.0500
0.0520
0.0570
0.0490
0.0540
0.0480
0.0480
0.0630
0.0450
0.0520
0.0440
0.0480
0.0530
0.0540
0.0450
0.0540
0.0680
0.0490
0.0490
0.0630
0.0680
0.0490
0.0470
0.0520
0.0680
0.0570
0.0480
0.0670
0.0860
0.1370
0.0470
0.0490
0.0580
0.0660
0.0540
0.0440
0.0420
0.1120
0.0760
0.0680
0.0620