1
171.2922,22.8462,25.0000,61.0000
172.5051,21.1129,25.0000,63.0000
174.1089,18.7016,25.0000,63.0000
177.7553,13.9677,24.0000,64.0000
174.4636,12.6174,25.0000,67.0000
173.4089,13.5456,24.0000,65.0000
169.8680,13.8219,25.0000,67.0000
165.8558,8.5044,23.0000,65.0000
158.6646,15.8877,25.0000,68.0000
156.8779,12.3206,27.0000,69.0000
156.2490,6.0469,27.0000,70.0000
152.1394,5.1503,27.0000,72.0000
151.3786,5.0267,28.0000,72.0000
149.1013,7.7434,30.0000,72.0000
150.8851,9.3911,30.0000,72.0000
150.9031,22.7533,35.0000,75.0000
149.4336,25.4623,38.0000,79.0000
147.9228,23.8620,41.0000,85.0000
145.9062,26.3222,45.0000,79.0000
144.4254,28.4781,49.0000,79.0000
143.2510,31.3583,50.0000,79.0000
141.8102,35.1479,48.0000,77.0000
137.1164,38.4158,48.0000,78.0000
129.2611,40.4654,52.0000,81.0000
119.6896,43.3757,56.0000,83.0000
117.7932,43.3039,60.0000,81.0000
117.2575,41.8058,63.0000,82.0000
123.1169,49.4477,62.0000,79.0000
127.9897,54.9817,57.0000,80.0000
133.9629,62.2793,53.0000,82.0000
140.5214,64.7673,48.0000,85.0000
144.9950,60.7712,47.0000,92.0000
143.7032,50.3337,53.0000,113.0000
131.0137,125.9969,57.0000,128.0000
117.5050,134.8719,75.0000,105.0000
2
0
0
0
0
1
155.1056,125.7126,31.0000,34.0000
152.9173,126.7384,33.0000,37.0000
153.1203,126.0183,31.0000,38.0000
151.4851,126.4701,33.0000,36.0000
151.4035,126.4150,35.0000,37.0000
151.4389,126.9174,36.0000,37.0000
153.3160,126.3422,34.0000,38.0000
153.4557,125.2839,34.0000,38.0000
153.0021,122.7398,35.0000,39.0000
154.3924,120.3813,33.0000,37.0000
155.9665,110.5519,37.0000,41.0000
160.2405,102.5542,32.0000,46.0000
163.1123,98.0645,27.0000,40.0000
163.7888,95.3256,27.0000,36.0000
165.0585,88.2112,27.0000,38.0000
165.8061,83.7953,27.0000,36.0000
166.1288,82.3500,27.0000,35.0000
164.9302,81.0016,30.0000,27.0000
164.9302,81.0016,30.0000,27.0000
2
0
0
0
0
1
156.1130,99.8122,37.0000,40.0000
156.2605,95.2157,37.0000,43.0000
156.8787,90.7715,35.0000,47.0000
153.8494,84.8225,41.0000,52.0000
151.1437,84.9316,46.0000,54.0000
148.9936,88.3854,50.0000,52.0000
150.9460,90.6793,46.0000,52.0000
152.4642,89.5822,43.0000,52.0000
154.7703,90.3225,40.0000,51.0000
152.8862,91.1980,46.0000,51.0000
150.1044,91.7600,52.0000,51.0000
150.5318,92.4604,49.0000,51.0000
149.1833,90.8102,49.0000,54.0000
151.3477,89.2811,43.0000,54.0000
154.0565,85.8135,38.0000,60.0000
159.7076,82.9914,32.0000,66.0000
160.8241,82.0898,36.0000,71.0000
160.6758,83.7603,37.0000,68.0000
160.1710,83.6528,38.0000,68.0000
158.7973,86.6379,39.0000,65.0000
158.9915,87.8321,38.0000,63.0000
157.1987,89.7793,40.0000,61.0000
157.3237,89.4131,40.0000,64.0000
155.6966,90.8623,42.0000,59.0000
155.3549,93.4876,44.0000,53.0000
155.2194,94.0814,44.0000,52.0000
155.7309,94.8133,43.0000,52.0000
156.5416,94.8638,44.0000,52.0000
157.0561,95.2068,43.0000,52.0000
157.2413,95.9526,44.0000,52.0000
157.6885,95.9063,43.0000,52.0000
157.6440,94.6534,43.0000,54.0000
157.8547,95.1977,43.0000,53.0000
157.4639,94.7444,43.0000,53.0000
156.1990,93.5247,43.0000,54.0000
157.3938,93.9398,40.0000,54.0000
154.8320,91.9024,43.0000,57.0000
155.7955,93.6698,40.0000,55.0000
155.1242,93.6782,43.0000,55.0000
156.0955,94.9042,40.0000,54.0000
154.9036,94.6446,43.0000,55.0000
155.9511,95.5503,40.0000,55.0000
155.6460,95.4762,41.0000,55.0000
156.2776,95.6720,41.0000,55.0000
156.3293,95.1487,41.0000,55.0000
156.2998,95.0915,41.0000,55.0000
156.3874,95.6986,42.0000,54.0000
156.3305,94.6616,42.0000,55.0000
157.0968,93.8044,42.0000,55.0000
156.9129,93.7679,42.0000,55.0000
156.7862,93.8789,42.0000,55.0000
156.9956,94.1675,42.0000,55.0000
157.5320,94.7610,40.0000,55.0000
156.8222,94.1413,41.0000,57.0000
156.3929,95.3075,41.0000,56.0000
154.2384,95.9578,44.0000,56.0000
152.9848,97.5228,46.0000,53.0000
150.3521,95.4753,50.0000,55.0000
150.7717,95.1713,48.0000,55.0000
152.1196,92.7761,48.0000,56.0000
154.7739,91.8623,44.0000,56.0000
154.7981,90.0371,40.0000,56.0000
155.6543,93.9520,36.0000,56.0000
155.4623,101.7159,37.0000,50.0000
155.4623,101.7159,37.0000,50.0000
155.4623,101.7159,37.0000,50.0000
155.4623,101.7159,37.0000,50.0000
155.4623,101.7159,37.0000,50.0000
155.4623,101.7159,37.0000,50.0000
155.4623,101.7159,37.0000,50.0000
157.0179,100.5689,32.0000,51.0000
157.4052,99.0719,34.0000,53.0000
156.2667,100.4271,32.0000,52.0000
155.3676,100.8688,33.0000,52.0000
154.4229,101.6138,33.0000,52.0000
155.2993,101.8435,31.0000,52.0000
154.2826,102.2138,33.0000,52.0000
152.9138,102.4539,36.0000,52.0000
153.8775,102.6918,34.0000,51.0000
152.6164,102.6494,37.0000,51.0000
149.5786,104.5920,41.0000,50.0000
149.5786,104.5920,41.0000,50.0000
149.5786,104.5920,41.0000,50.0000
149.5786,104.5920,41.0000,50.0000
149.5786,104.5920,41.0000,50.0000
149.5786,104.5920,41.0000,50.0000
149.5786,104.5920,41.0000,50.0000
149.5786,104.5920,41.0000,50.0000
149.5786,104.5920,41.0000,50.0000
149.5786,104.5920,41.0000,50.0000
149.5786,104.5920,41.0000,50.0000
149.5786,104.5920,41.0000,50.0000
149.5786,104.5920,41.0000,50.0000
149.5786,104.5920,41.0000,50.0000
149.5786,104.5920,41.0000,50.0000
149.5786,104.5920,41.0000,50.0000
149.5786,104.5920,41.0000,50.0000
144.6880,104.2201,36.0000,48.0000
147.4965,100.3690,30.0000,46.0000
145.1689,100.2174,33.0000,46.0000
146.5161,101.5612,33.0000,39.0000
147.2099,102.4730,35.0000,36.0000
147.3979,99.9125,36.0000,38.0000
147.3979,99.9125,36.0000,38.0000
147.3979,99.9125,36.0000,38.0000
147.3979,99.9125,36.0000,38.0000
147.3979,99.9125,36.0000,38.0000
147.3979,99.9125,36.0000,38.0000
147.3979,99.9125,36.0000,38.0000
147.3979,99.9125,36.0000,38.0000
147.3979,99.9125,36.0000,38.0000
147.3979,99.9125,36.0000,38.0000
147.3979,99.9125,36.0000,38.0000
147.3979,99.9125,36.0000,38.0000
147.3979,99.9125,36.0000,38.0000
149.7372,75.2920,31.0000,45.0000
149.1587,76.4346,33.0000,54.0000
148.3443,79.7591,37.0000,59.0000
148.3443,79.7591,37.0000,59.0000
148.3443,79.7591,37.0000,59.0000
148.3443,79.7591,37.0000,59.0000
148.3443,79.7591,37.0000,59.0000
141.8981,84.2464,40.0000,63.0000
136.4912,83.8236,44.0000,64.0000
134.7738,82.2826,40.0000,62.0000
133.1696,80.0829,41.0000,64.0000
132.9088,78.2572,42.0000,65.0000
133.0071,78.6340,43.0000,62.0000
132.0201,79.7081,45.0000,62.0000
131.3831,81.8747,44.0000,62.0000
128.7107,81.3747,47.0000,62.0000
124.5879,81.1142,52.0000,60.0000
121.8776,84.2029,52.0000,59.0000
119.8386,85.4330,52.0000,59.0000
119.1718,89.0256,50.0000,59.0000
119.0418,89.0256,52.0000,59.0000
119.2153,90.5216,51.0000,57.0000
122.6457,93.4657,47.0000,55.0000
126.4872,93.4399,40.0000,55.0000
126.4872,93.4399,40.0000,55.0000
131.4872,85.7680,35.0000,48.0000
131.5607,82.1268,33.0000,54.0000
131.6649,80.5501,32.0000,54.0000
129.0695,79.9222,36.0000,54.0000
131.2409,80.1549,31.0000,53.0000
128.8294,75.2497,35.0000,57.0000
131.0560,76.8685,30.0000,54.0000
130.6400,75.6883,32.0000,57.0000
128.8969,75.7618,35.0000,57.0000
131.3011,76.4133,31.0000,55.0000
130.0176,74.8235,34.0000,59.0000
131.3996,75.5412,31.0000,54.0000
130.7281,73.2949,33.0000,59.0000
132.1068,73.7646,30.0000,56.0000
131.6035,72.4691,31.0000,57.0000
131.6320,71.2923,31.0000,59.0000
132.4589,71.0375,30.0000,59.0000
132.8532,70.9525,31.0000,59.0000