1
340.7072,118.6818,18.8707,25.8713
340.7072,118.6818,18.8707,25.8713
340.7072,118.6818,18.8707,25.8713
2
0
0
0
0
1
303.9599,116.3393,16.8401,25.0815
303.9599,116.3393,16.8401,25.0815
303.9599,116.3393,16.8401,25.0815
303.9599,116.3393,16.8401,25.0815
303.9599,116.3393,16.8401,25.0815
303.9599,116.3393,16.8401,25.0815
2
0
0
0
0
1
267.8470,115.3891,14.5010,26.8768
267.8470,115.3891,14.5010,26.8768
267.8470,115.3891,14.5010,26.8768
2
0
0
0
0
1
228.0225,114.4050,12.5350,24.0301
228.0225,114.4050,12.5350,24.0301
2
0
0
0
0
1
190.5442,122.5442,17.9115,17.9115
190.5442,122.5442,17.9115,17.9115
190.5442,122.5442,17.9115,17.9115
190.5442,122.5442,17.9115,17.9115
2
0
0
0
0
1
154.5000,121.5000,18.0000,22.0000
154.5000,121.5000,18.0000,22.0000
154.5000,121.5000,18.0000,22.0000
154.5000,121.5000,18.0000,22.0000
154.5000,121.5000,18.0000,22.0000
154.5000,121.5000,18.0000,22.0000
154.5000,121.5000,18.0000,22.0000
154.5000,121.5000,18.0000,22.0000
154.5000,121.5000,18.0000,22.0000
154.5000,121.5000,18.0000,22.0000
154.5000,121.5000,18.0000,22.0000
154.5000,121.5000,18.0000,22.0000
154.5000,121.5000,18.0000,22.0000
154.5000,121.5000,18.0000,22.0000
154.5000,121.5000,18.0000,22.0000
154.5000,121.5000,18.0000,22.0000
154.5000,121.5000,18.0000,22.0000
154.5000,121.5000,18.0000,22.0000
2
0
0
0
0
1
194.7899,139.2750,15.1553,21.2601
194.7899,139.2750,15.1553,21.2601
194.7899,139.2750,15.1553,21.2601
2
0
0
0
0
1
244.3662,143.6369,18.2376,22.4562
244.3662,143.6369,18.2376,22.4562
244.3662,143.6369,18.2376,22.4562
2
0
0
0
0
1
284.8459,146.5758,19.6533,24.1384
284.8459,146.5758,19.6533,24.1384
284.8459,146.5758,19.6533,24.1384
284.8459,146.5758,19.6533,24.1384
284.8459,146.5758,19.6533,24.1384
284.8459,146.5758,19.6533,24.1384
284.8459,146.5758,19.6533,24.1384
284.8459,146.5758,19.6533,24.1384
284.8459,146.5758,19.6533,24.1384
284.8459,146.5758,19.6533,24.1384
284.8459,146.5758,19.6533,24.1384
284.8459,146.5758,19.6533,24.1384
284.8459,146.5758,19.6533,24.1384
284.8459,146.5758,19.6533,24.1384
284.8459,146.5758,19.6533,24.1384
284.8459,146.5758,19.6533,24.1384
284.8459,146.5758,19.6533,24.1384
284.8459,146.5758,19.6533,24.1384
284.8459,146.5758,19.6533,24.1384
284.8459,146.5758,19.6533,24.1384
284.8459,146.5758,19.6533,24.1384
284.8459,146.5758,19.6533,24.1384
284.8459,146.5758,19.6533,24.1384
284.8459,146.5758,19.6533,24.1384
284.8459,146.5758,19.6533,24.1384
284.8459,146.5758,19.6533,24.1384
284.8459,146.5758,19.6533,24.1384
2
0
0
0
0
1
307.0937,138.7985,20.1076,20.9930
307.0937,138.7985,20.1076,20.9930
307.0937,138.7985,20.1076,20.9930
307.0937,138.7985,20.1076,20.9930
307.0937,138.7985,20.1076,20.9930
307.0937,138.7985,20.1076,20.9930
307.0937,138.7985,20.1076,20.9930
307.0937,138.7985,20.1076,20.9930
307.0937,138.7985,20.1076,20.9930
307.0937,138.7985,20.1076,20.9930
307.0937,138.7985,20.1076,20.9930
307.0937,138.7985,20.1076,20.9930
307.0937,138.7985,20.1076,20.9930
307.0937,138.7985,20.1076,20.9930
307.0937,138.7985,20.1076,20.9930
307.0937,138.7985,20.1076,20.9930
307.0937,138.7985,20.1076,20.9930
307.0937,138.7985,20.1076,20.9930
307.0937,138.7985,20.1076,20.9930
307.0937,138.7985,20.1076,20.9930
307.0937,138.7985,20.1076,20.9930
307.0937,138.7985,20.1076,20.9930
307.0937,138.7985,20.1076,20.9930
307.0937,138.7985,20.1076,20.9930
307.0937,138.7985,20.1076,20.9930
307.0937,138.7985,20.1076,20.9930
307.0937,138.7985,20.1076,20.9930
307.0937,138.7985,20.1076,20.9930
307.0937,138.7985,20.1076,20.9930
307.0937,138.7985,20.1076,20.9930
307.0937,138.7985,20.1076,20.9930
307.0937,138.7985,20.1076,20.9930
307.0937,138.7985,20.1076,20.9930
307.0937,138.7985,20.1076,20.9930
307.0937,138.7985,20.1076,20.9930
307.0937,138.7985,20.1076,20.9930
307.0937,138.7985,20.1076,20.9930
307.0937,138.7985,20.1076,20.9930
307.0937,138.7985,20.1076,20.9930
307.0937,138.7985,20.1076,20.9930
307.0937,138.7985,20.1076,20.9930
307.0937,138.7985,20.1076,20.9930
307.0937,138.7985,20.1076,20.9930
307.0937,138.7985,20.1076,20.9930
307.0937,138.7985,20.1076,20.9930
307.0937,138.7985,20.1076,20.9930
307.0937,138.7985,20.1076,20.9930
307.0937,138.7985,20.1076,20.9930
307.0937,138.7985,20.1076,20.9930
307.0937,138.7985,20.1076,20.9930
307.0937,138.7985,20.1076,20.9930
307.0937,138.7985,20.1076,20.9930
307.0937,138.7985,20.1076,20.9930
307.0937,138.7985,20.1076,20.9930
307.0937,138.7985,20.1076,20.9930
307.0937,138.7985,20.1076,20.9930
307.0937,138.7985,20.1076,20.9930
307.0937,138.7985,20.1076,20.9930
307.0937,138.7985,20.1076,20.9930
307.0937,138.7985,20.1076,20.9930
307.0937,138.7985,20.1076,20.9930
307.0937,138.7985,20.1076,20.9930
307.0937,138.7985,20.1076,20.9930
307.0937,138.7985,20.1076,20.9930
307.0937,138.7985,20.1076,20.9930
307.0937,138.7985,20.1076,20.9930
307.0937,138.7985,20.1076,20.9930
307.0937,138.7985,20.1076,20.9930
307.0937,138.7985,20.1076,20.9930
307.0937,138.7985,20.1076,20.9930
307.0937,138.7985,20.1076,20.9930
307.0937,138.7985,20.1076,20.9930
307.0937,138.7985,20.1076,20.9930
307.0937,138.7985,20.1076,20.9930
307.0937,138.7985,20.1076,20.9930
307.0937,138.7985,20.1076,20.9930
307.0937,138.7985,20.1076,20.9930
307.0937,138.7985,20.1076,20.9930
307.0937,138.7985,20.1076,20.9930
307.0937,138.7985,20.1076,20.9930
2
0
0
0
0
1
311.4100,115.8000,13.9600,29.0500
311.4100,115.8000,13.9600,29.0500
311.4100,115.8000,13.9600,29.0500
311.4100,115.8000,13.9600,29.0500
311.4100,115.8000,13.9600,29.0500
311.4100,115.8000,13.9600,29.0500
311.4100,115.8000,13.9600,29.0500
311.4100,115.8000,13.9600,29.0500
311.4100,115.8000,13.9600,29.0500
311.4100,115.8000,13.9600,29.0500
311.4100,115.8000,13.9600,29.0500
311.4100,115.8000,13.9600,29.0500
311.4100,115.8000,13.9600,29.0500
311.4100,115.8000,13.9600,29.0500
311.4100,115.8000,13.9600,29.0500
311.4100,115.8000,13.9600,29.0500
311.4100,115.8000,13.9600,29.0500
311.4100,115.8000,13.9600,29.0500
311.4100,115.8000,13.9600,29.0500
311.4100,115.8000,13.9600,29.0500
2
0
0
0
0
1
296.7334,112.3333,10.8732,19.7133
296.7334,112.3333,10.8732,19.7133
296.7334,112.3333,10.8732,19.7133
296.7334,112.3333,10.8732,19.7133
296.7334,112.3333,10.8732,19.7133
296.7334,112.3333,10.8732,19.7133
2
0
0
0
0
1
277.5188,111.5920,9.0075,24.9860
277.5188,111.5920,9.0075,24.9860
277.5188,111.5920,9.0075,24.9860
277.5188,111.5920,9.0075,24.9860
277.5188,111.5920,9.0075,24.9860
277.5188,111.5920,9.0075,24.9860
277.5188,111.5920,9.0075,24.9860
2
0
0
0
0
1
258.7484,109.1494,11.0532,26.6761
258.7484,109.1494,11.0532,26.6761
258.7484,109.1494,11.0532,26.6761
258.7484,109.1494,11.0532,26.6761
258.7484,109.1494,11.0532,26.6761
258.7484,109.1494,11.0532,26.6761
258.7484,109.1494,11.0532,26.6761
258.7484,109.1494,11.0532,26.6761
258.7484,109.1494,11.0532,26.6761
258.7484,109.1494,11.0532,26.6761
258.7484,109.1494,11.0532,26.6761
258.7484,109.1494,11.0532,26.6761
2
0
0
0
0
1
248.9679,111.8657,11.1742,17.4787
248.9679,111.8657,11.1742,17.4787
248.9679,111.8657,11.1742,17.4787
248.9679,111.8657,11.1742,17.4787
248.9679,111.8657,11.1742,17.4787
248.9679,111.8657,11.1742,17.4787
248.9679,111.8657,11.1742,17.4787
248.9679,111.8657,11.1742,17.4787
248.9679,111.8657,11.1742,17.4787
248.9679,111.8657,11.1742,17.4787
248.9679,111.8657,11.1742,17.4787
248.9679,111.8657,11.1742,17.4787
248.9679,111.8657,11.1742,17.4787
248.9679,111.8657,11.1742,17.4787
248.9679,111.8657,11.1742,17.4787
248.9679,111.8657,11.1742,17.4787
248.9679,111.8657,11.1742,17.4787
2
0
0
0
0
1
228.4190,113.9190,12.6619,12.6619
228.4190,113.9190,12.6619,12.6619
228.4190,113.9190,12.6619,12.6619
228.4190,113.9190,12.6619,12.6619
228.4190,113.9190,12.6619,12.6619
228.4190,113.9190,12.6619,12.6619
228.4190,113.9190,12.6619,12.6619
228.4190,113.9190,12.6619,12.6619
228.4190,113.9190,12.6619,12.6619
228.4190,113.9190,12.6619,12.6619
2
0
0
0
0
1
198.0579,119.5575,12.0642,17.8151
198.0579,119.5575,12.0642,17.8151
198.0579,119.5575,12.0642,17.8151
198.0579,119.5575,12.0642,17.8151
198.0579,119.5575,12.0642,17.8151
198.0579,119.5575,12.0642,17.8151
2
0
0
0
0
1
165.6247,115.7454,13.7505,15.5092
165.6247,115.7454,13.7505,15.5092
165.6247,115.7454,13.7505,15.5092
165.6247,115.7454,13.7505,15.5092
165.6247,115.7454,13.7505,15.5092
165.6247,115.7454,13.7505,15.5092
2
0
0
0
0
1
139.5848,110.5848,19.3303,19.3303
139.5848,110.5848,19.3303,19.3303
139.5848,110.5848,19.3303,19.3303
139.5848,110.5848,19.3303,19.3303
139.5848,110.5848,19.3303,19.3303
139.5848,110.5848,19.3303,19.3303
139.5848,110.5848,19.3303,19.3303
139.5848,110.5848,19.3303,19.3303
2
0
0
0
0
1
103.5653,112.0653,13.3693,13.3693
103.5653,112.0653,13.3693,13.3693
103.5653,112.0653,13.3693,13.3693
103.5653,112.0653,13.3693,13.3693
2
0
0
0
0
1
63.0529,115.4748,21.1218,22.2805
63.0529,115.4748,21.1218,22.2805
63.0529,115.4748,21.1218,22.2805
63.0529,115.4748,21.1218,22.2805
2
0
0
0
0
1
19.0846,115.0846,22.3307,22.3307