193.3051
0.0330
0.0360
0.0350
0.0330
0.0400
0.0410
0.0350
0.0340
0.0350
0.0430
0.0390
0.0340
0.0400
0.0430
0.0360
0.0340
0.0350
0.0380
0.0380
0.0440
0.0400
0.0430
0.0550
NaN
NaN
NaN
NaN
193.4097
0.0304
0.0371
0.0344
0.0379
0.0322
0.0357
0.0334
0.0361
0.0450
0.0340
0.0380
0.0440
0.0440
0.0400
0.0440
0.0404
0.0400
0.0430
0.0399
0.0410
0.0395
0.0347
0.0580
0.0600
0.0510
0.0450
0.0440
0.0370
0.0420
0.0390
0.0400
NaN
NaN
NaN
NaN
193.4775
0.0384
0.0324
0.0450
0.0384
0.0420
0.0370
0.0370
0.0415
0.0411
0.0360
0.0430
0.0360
0.0380
0.0380
0.0340
0.0329
0.0360
0.0354
0.0414
0.0383
0.0368
0.0340
0.0360
0.0700
0.0710
0.0480
0.0440
0.0380
0.0390
0.0380
0.0420
0.0380
0.0420
0.0440
0.0420
0.0430
0.0430
0.0440
0.0400
0.0447
0.0461
0.0440
0.0410
0.0472
0.0491
0.0470
0.0441
0.0420
0.0390
0.0450
0.0378
0.0410
0.0389
0.0440
0.0440
0.0470
0.0460
0.0470
0.0400
0.0402
0.0460
0.0401
0.0420
0.0440
0.0460
0.0410
0.0450
0.0470
0.0450
0.0460
0.0450
0.0550
0.1020
0.0510
0.0460
0.0400
0.0420
0.0440
0.0400
0.0350
0.0420
0.0374
0.0411
0.0420
0.0470
0.0462
0.0470
0.0430
0.0480
0.0490
0.0560
0.0530
0.0500
0.0420
0.0460
0.0402
0.0444
0.0426
0.0381
0.0410
0.0440
0.0430
0.0700
0.0550
0.0614
0.0504
0.0460
0.0460
0.0413
0.0439
0.0468
0.0474
0.0508
0.0433
0.0442
0.0402
0.0424
0.0428
0.0490
0.1112
0.0466
0.0377
0.0447
0.0401
0.0411
0.0433
0.0485
0.0503
0.0470
0.0480
0.0450
0.0420
0.0440
0.0400
0.0412
0.0377
0.0430
0.0373
0.0384
NaN
NaN
NaN
NaN
194.1170
0.0340
0.0370
0.0340
0.0330
0.0390
0.0440
0.0410
0.0360
0.0390
0.0420
0.0400
0.0390
0.0430
0.0430
0.0420
0.0440
0.0420
0.0410
0.0440
0.0380
0.0400
0.0390
0.0420
0.0520
0.0760
0.0530
0.0460
0.0380
0.0360
0.0390
0.0400
0.0430
0.0450
0.0450
0.0460
0.0430
0.0510
0.0420
0.0430
0.0370
0.0390
0.0370
0.0440
0.0430
0.0410
0.0460
0.0420
0.0400
0.0420
0.0460
0.0360
0.0430
0.0380
0.0400
0.0380
0.0380
0.0450
0.0400
0.0430
0.0440
0.0460
0.0420
0.0400
0.0440
NaN
NaN
NaN
NaN
193.6076
0.0430
0.0430
0.0400
0.0390
0.0453
0.0350
0.0400
0.0420
0.0410
0.0450
0.0460
0.0440
0.0360
0.0360
0.0370
0.0455
0.0410
0.0405
0.0417
0.0407
0.0404
0.0420
0.0620
0.0620
0.0400
0.0440
0.0370
0.0350
0.0410
0.0400
0.0380
0.0390
0.0380
0.0410
0.0400
0.0380
0.0540
0.0472
0.0393
0.0411
0.0400
0.0400
0.0441
0.0430
0.0449
0.0358
0.0394
0.0401
0.0387
0.0411
0.0424
0.0374
0.0467
0.0422
0.0421
0.0429
0.0430
0.0382
0.0397
0.0454
0.0434
0.0460
0.0484
0.0427
0.0434
0.0461
0.0425
0.0450
0.0434
0.0466
0.0445
0.0454
0.0469
0.0537
0.0454
0.0477
0.0409
0.0391
0.0400
0.0387
0.0401
0.0387
0.0427
0.0451
0.0454
0.0400
0.0380
0.0377