175.4485
0.1090
0.1150
0.1060
0.1100
0.1190
0.1040
0.1130
0.1160
0.1030
0.1610
0.1570
0.1110
0.1180
0.1270
0.1320
0.1900
0.1150
0.1240
0.1320
0.1440
0.2410
0.1330
0.1330
0.1260
0.1300
NaN
NaN
NaN
NaN
176.9365
0.1200
0.1100
0.1130
0.1130
0.1110
0.1140
0.1090
0.1140
0.1030
0.2030
0.1430
0.1190
0.1340
0.1330
0.1180
0.1260
0.1340
0.1460
0.1280
0.1430
0.1570
0.1320
0.1340
0.1170
0.1420
0.1160
0.1050
0.1120
0.1630
NaN
NaN
NaN
NaN
177.0165
0.1130
0.1050
0.1110
0.1060
0.1150
0.1080
0.0990
0.1040
0.1190
0.1610
0.1450