1
776.2105,289.2699,86.0000,154.0000
788.9384,258.2787,88.0000,175.0000
788.9161,276.3529,85.0000,166.0000
784.7569,259.2626,95.0000,181.0000
773.3076,263.3123,110.0000,189.0000
768.0978,253.4234,122.0000,203.0000
788.9851,250.4184,133.0000,171.0000
788.0452,267.7583,143.0000,162.0000
712.4499,300.7990,158.0000,184.0000
714.9315,285.7664,162.0000,204.0000
704.0530,276.6952,180.0000,223.0000
782.2981,243.3086,174.0000,198.0000
785.7197,252.8728,176.0000,177.0000
775.5109,227.6990,191.0000,200.0000
778.3210,213.2742,205.0000,218.0000
767.6727,208.6046,222.0000,221.0000
772.6599,229.5599,230.0000,191.0000
769.7531,241.4014,244.0000,168.0000
761.8278,246.4659,263.0000,147.0000
725.7760,240.2372,287.0000,172.0000
719.2352,231.6827,311.0000,182.0000
717.5315,225.2592,325.0000,176.0000
974.1406,163.9533,335.0000,176.0000
1066.4651,114.2729,261.0000,264.0000
2
0
0
0
0
1
669.4949,68.7942,339.0000,247.0000
683.0715,81.3850,328.0000,231.0000
683.0715,81.3850,328.0000,231.0000
758.4759,67.9889,220.0000,220.0000
758.4759,67.9889,220.0000,220.0000
673.9869,79.2254,171.0000,192.0000
602.3855,143.7826,141.0000,156.0000
609.0922,155.7991,125.0000,131.0000
594.8066,177.5334,136.0000,108.0000
590.1550,185.3965,117.0000,90.0000
580.5413,193.0176,100.0000,90.0000
565.4092,191.0543,110.0000,97.0000
552.7399,184.9991,118.0000,92.0000
546.3201,176.1225,127.0000,94.0000
546.3201,176.1225,127.0000,94.0000
546.3201,176.1225,127.0000,94.0000
546.3201,176.1225,127.0000,94.0000
546.3201,176.1225,127.0000,94.0000
546.3201,176.1225,127.0000,94.0000
546.3201,176.1225,127.0000,94.0000
546.3201,176.1225,127.0000,94.0000
546.3201,176.1225,127.0000,94.0000
546.3201,176.1225,127.0000,94.0000
546.3201,176.1225,127.0000,94.0000
546.3201,176.1225,127.0000,94.0000
546.3201,176.1225,127.0000,94.0000
546.3201,176.1225,127.0000,94.0000
546.3201,176.1225,127.0000,94.0000
2
0
0
0
0
1
563.9108,329.7859,157.0000,164.0000
562.1522,333.6441,144.0000,156.0000
560.9457,334.8891,148.0000,168.0000
561.7724,346.8175,138.0000,160.0000
553.9771,342.3447,144.0000,162.0000
546.2561,354.4668,144.0000,151.0000
535.2493,356.5508,155.0000,148.0000
529.3360,363.5910,159.0000,138.0000
532.0192,370.4509,146.0000,129.0000
527.5148,367.7349,152.0000,131.0000
521.4116,378.3424,154.0000,120.0000