1
445.5014,340.2406,38.9171,36.7889
445.5014,340.2406,38.9171,36.7889
445.5014,340.2406,38.9171,36.7889
445.5014,340.2406,38.9171,36.7889
445.5014,340.2406,38.9171,36.7889
445.5014,340.2406,38.9171,36.7889
445.5014,340.2406,38.9171,36.7889
445.5014,340.2406,38.9171,36.7889
445.5014,340.2406,38.9171,36.7889
445.5014,340.2406,38.9171,36.7889
445.5014,340.2406,38.9171,36.7889
445.5014,340.2406,38.9171,36.7889
445.5014,340.2406,38.9171,36.7889
445.5014,340.2406,38.9171,36.7889
445.5014,340.2406,38.9171,36.7889
445.5014,340.2406,38.9171,36.7889
445.5014,340.2406,38.9171,36.7889
445.5014,340.2406,38.9171,36.7889
445.5014,340.2406,38.9171,36.7889
445.5014,340.2406,38.9171,36.7889
445.5014,340.2406,38.9171,36.7889
445.5014,340.2406,38.9171,36.7889
445.5014,340.2406,38.9171,36.7889
445.5014,340.2406,38.9171,36.7889
445.5014,340.2406,38.9171,36.7889
445.5014,340.2406,38.9171,36.7889
445.5014,340.2406,38.9171,36.7889
445.5014,340.2406,38.9171,36.7889
445.5014,340.2406,38.9171,36.7889
445.5014,340.2406,38.9171,36.7889
445.5014,340.2406,38.9171,36.7889
445.5014,340.2406,38.9171,36.7889
445.5014,340.2406,38.9171,36.7889
445.5014,340.2406,38.9171,36.7889
445.5014,340.2406,38.9171,36.7889
445.5014,340.2406,38.9171,36.7889
445.5014,340.2406,38.9171,36.7889
445.5014,340.2406,38.9171,36.7889
445.5014,340.2406,38.9171,36.7889
445.5014,340.2406,38.9171,36.7889
445.5014,340.2406,38.9171,36.7889
445.5014,340.2406,38.9171,36.7889
445.5014,340.2406,38.9171,36.7889
445.5014,340.2406,38.9171,36.7889
445.5014,340.2406,38.9171,36.7889
445.5014,340.2406,38.9171,36.7889
445.5014,340.2406,38.9171,36.7889
2
0
0
0
0
1
474.9546,275.0006,52.0958,42.2288
474.9546,275.0006,52.0958,42.2288
474.9546,275.0006,52.0958,42.2288
474.9546,275.0006,52.0958,42.2288
474.9546,275.0006,52.0958,42.2288
474.9546,275.0006,52.0958,42.2288
474.9546,275.0006,52.0958,42.2288
474.9546,275.0006,52.0958,42.2288
474.9546,275.0006,52.0958,42.2288
474.9546,275.0006,52.0958,42.2288
474.9546,275.0006,52.0958,42.2288
474.9546,275.0006,52.0958,42.2288
474.9546,275.0006,52.0958,42.2288
2
0
0
0
0
1
455.5989,214.4984,53.7772,53.3533
455.5989,214.4984,53.7772,53.3533
455.5989,214.4984,53.7772,53.3533
455.5989,214.4984,53.7772,53.3533
455.5989,214.4984,53.7772,53.3533
455.5989,214.4984,53.7772,53.3533
455.5989,214.4984,53.7772,53.3533
455.5989,214.4984,53.7772,53.3533
455.5989,214.4984,53.7772,53.3533
2
0
0
0
0
1
559.4623,243.9657,58.6104,58.4337
559.4623,243.9657,58.6104,58.4337
559.4623,243.9657,58.6104,58.4337
559.4623,243.9657,58.6104,58.4337
559.4623,243.9657,58.6104,58.4337
559.4623,243.9657,58.6104,58.4337
559.4623,243.9657,58.6104,58.4337
559.4623,243.9657,58.6104,58.4337
559.4623,243.9657,58.6104,58.4337
559.4623,243.9657,58.6104,58.4337
2
0
0
0
0
1
618.4051,298.4427,63.5647,57.2647
618.4051,298.4427,63.5647,57.2647
618.4051,298.4427,63.5647,57.2647
618.4051,298.4427,63.5647,57.2647
618.4051,298.4427,63.5647,57.2647
618.4051,298.4427,63.5647,57.2647
618.4051,298.4427,63.5647,57.2647
618.4051,298.4427,63.5647,57.2647
618.4051,298.4427,63.5647,57.2647
618.4051,298.4427,63.5647,57.2647
618.4051,298.4427,63.5647,57.2647
618.4051,298.4427,63.5647,57.2647
618.4051,298.4427,63.5647,57.2647
618.4051,298.4427,63.5647,57.2647
618.4051,298.4427,63.5647,57.2647
618.4051,298.4427,63.5647,57.2647
618.4051,298.4427,63.5647,57.2647
618.4051,298.4427,63.5647,57.2647
618.4051,298.4427,63.5647,57.2647
618.4051,298.4427,63.5647,57.2647
618.4051,298.4427,63.5647,57.2647
618.4051,298.4427,63.5647,57.2647
618.4051,298.4427,63.5647,57.2647
618.4051,298.4427,63.5647,57.2647
618.4051,298.4427,63.5647,57.2647
618.4051,298.4427,63.5647,57.2647
618.4051,298.4427,63.5647,57.2647
618.4051,298.4427,63.5647,57.2647
618.4051,298.4427,63.5647,57.2647
618.4051,298.4427,63.5647,57.2647
618.4051,298.4427,63.5647,57.2647
618.4051,298.4427,63.5647,57.2647
618.4051,298.4427,63.5647,57.2647
618.4051,298.4427,63.5647,57.2647
618.4051,298.4427,63.5647,57.2647
618.4051,298.4427,63.5647,57.2647
618.4051,298.4427,63.5647,57.2647
618.4051,298.4427,63.5647,57.2647
618.4051,298.4427,63.5647,57.2647
618.4051,298.4427,63.5647,57.2647
618.4051,298.4427,63.5647,57.2647
618.4051,298.4427,63.5647,57.2647
618.4051,298.4427,63.5647,57.2647
618.4051,298.4427,63.5647,57.2647
618.4051,298.4427,63.5647,57.2647
618.4051,298.4427,63.5647,57.2647
618.4051,298.4427,63.5647,57.2647
618.4051,298.4427,63.5647,57.2647
618.4051,298.4427,63.5647,57.2647
618.4051,298.4427,63.5647,57.2647
618.4051,298.4427,63.5647,57.2647
2
0
0
0
0
1
539.2425,304.7498,53.9151,54.6404
539.2425,304.7498,53.9151,54.6404
539.2425,304.7498,53.9151,54.6404
539.2425,304.7498,53.9151,54.6404
539.2425,304.7498,53.9151,54.6404
539.2425,304.7498,53.9151,54.6404
539.2425,304.7498,53.9151,54.6404
539.2425,304.7498,53.9151,54.6404
539.2425,304.7498,53.9151,54.6404
539.2425,304.7498,53.9151,54.6404
539.2425,304.7498,53.9151,54.6404
539.2425,304.7498,53.9151,54.6404
539.2425,304.7498,53.9151,54.6404
539.2425,304.7498,53.9151,54.6404
2
0
0
0
0
1
445.8162,265.8151,50.7977,51.4599
445.8162,265.8151,50.7977,51.4599
445.8162,265.8151,50.7977,51.4599
445.8162,265.8151,50.7977,51.4599
445.8162,265.8151,50.7977,51.4599
445.8162,265.8151,50.7977,51.4599
445.8162,265.8151,50.7977,51.4599
2
0
0
0
0
1
366.5000,240.5000,46.0000,57.0000
366.5000,240.5000,46.0000,57.0000
366.5000,240.5000,46.0000,57.0000
366.5000,240.5000,46.0000,57.0000
366.5000,240.5000,46.0000,57.0000
366.5000,240.5000,46.0000,57.0000
366.5000,240.5000,46.0000,57.0000
366.5000,240.5000,46.0000,57.0000
366.5000,240.5000,46.0000,57.0000
366.5000,240.5000,46.0000,57.0000
366.5000,240.5000,46.0000,57.0000
366.5000,240.5000,46.0000,57.0000
2
0
0
0
0
1
354.2803,322.4306,42.3243,55.1038
354.2803,322.4306,42.3243,55.1038
354.2803,322.4306,42.3243,55.1038
354.2803,322.4306,42.3243,55.1038
354.2803,322.4306,42.3243,55.1038
354.2803,322.4306,42.3243,55.1038
354.2803,322.4306,42.3243,55.1038
354.2803,322.4306,42.3243,55.1038
354.2803,322.4306,42.3243,55.1038
354.2803,322.4306,42.3243,55.1038
354.2803,322.4306,42.3243,55.1038
354.2803,322.4306,42.3243,55.1038
354.2803,322.4306,42.3243,55.1038
354.2803,322.4306,42.3243,55.1038
354.2803,322.4306,42.3243,55.1038
354.2803,322.4306,42.3243,55.1038
354.2803,322.4306,42.3243,55.1038
354.2803,322.4306,42.3243,55.1038
354.2803,322.4306,42.3243,55.1038
354.2803,322.4306,42.3243,55.1038
354.2803,322.4306,42.3243,55.1038
354.2803,322.4306,42.3243,55.1038
354.2803,322.4306,42.3243,55.1038
354.2803,322.4306,42.3243,55.1038
354.2803,322.4306,42.3243,55.1038
354.2803,322.4306,42.3243,55.1038
354.2803,322.4306,42.3243,55.1038
354.2803,322.4306,42.3243,55.1038
354.2803,322.4306,42.3243,55.1038
354.2803,322.4306,42.3243,55.1038
354.2803,322.4306,42.3243,55.1038
354.2803,322.4306,42.3243,55.1038
354.2803,322.4306,42.3243,55.1038
354.2803,322.4306,42.3243,55.1038
354.2803,322.4306,42.3243,55.1038
354.2803,322.4306,42.3243,55.1038
354.2803,322.4306,42.3243,55.1038
354.2803,322.4306,42.3243,55.1038
354.2803,322.4306,42.3243,55.1038
354.2803,322.4306,42.3243,55.1038
354.2803,322.4306,42.3243,55.1038
354.2803,322.4306,42.3243,55.1038
354.2803,322.4306,42.3243,55.1038
354.2803,322.4306,42.3243,55.1038
354.2803,322.4306,42.3243,55.1038
354.2803,322.4306,42.3243,55.1038
354.2803,322.4306,42.3243,55.1038
354.2803,322.4306,42.3243,55.1038
354.2803,322.4306,42.3243,55.1038
354.2803,322.4306,42.3243,55.1038
354.2803,322.4306,42.3243,55.1038
354.2803,322.4306,42.3243,55.1038
354.2803,322.4306,42.3243,55.1038
354.2803,322.4306,42.3243,55.1038
354.2803,322.4306,42.3243,55.1038
354.2803,322.4306,42.3243,55.1038
354.2803,322.4306,42.3243,55.1038
354.2803,322.4306,42.3243,55.1038
354.2803,322.4306,42.3243,55.1038
354.2803,322.4306,42.3243,55.1038
354.2803,322.4306,42.3243,55.1038
354.2803,322.4306,42.3243,55.1038
354.2803,322.4306,42.3243,55.1038
354.2803,322.4306,42.3243,55.1038
354.2803,322.4306,42.3243,55.1038
354.2803,322.4306,42.3243,55.1038
354.2803,322.4306,42.3243,55.1038
354.2803,322.4306,42.3243,55.1038
354.2803,322.4306,42.3243,55.1038
354.2803,322.4306,42.3243,55.1038
354.2803,322.4306,42.3243,55.1038
354.2803,322.4306,42.3243,55.1038
354.2803,322.4306,42.3243,55.1038
354.2803,322.4306,42.3243,55.1038
354.2803,322.4306,42.3243,55.1038
354.2803,322.4306,42.3243,55.1038
354.2803,322.4306,42.3243,55.1038
354.2803,322.4306,42.3243,55.1038
354.2803,322.4306,42.3243,55.1038
354.2803,322.4306,42.3243,55.1038
354.2803,322.4306,42.3243,55.1038
354.2803,322.4306,42.3243,55.1038
354.2803,322.4306,42.3243,55.1038
354.2803,322.4306,42.3243,55.1038
354.2803,322.4306,42.3243,55.1038
354.2803,322.4306,42.3243,55.1038
2
0
0
0
0
1
307.8543,260.1234,35.1213,42.8532
307.8543,260.1234,35.1213,42.8532
307.8543,260.1234,35.1213,42.8532
307.8543,260.1234,35.1213,42.8532
307.8543,260.1234,35.1213,42.8532
307.8543,260.1234,35.1213,42.8532
307.8543,260.1234,35.1213,42.8532
307.8543,260.1234,35.1213,42.8532
307.8543,260.1234,35.1213,42.8532
307.8543,260.1234,35.1213,42.8532
2
0
0
0
0
1
254.1604,229.2132,34.7141,37.7536
254.1604,229.2132,34.7141,37.7536
254.1604,229.2132,34.7141,37.7536
254.1604,229.2132,34.7141,37.7536
254.1604,229.2132,34.7141,37.7536
254.1604,229.2132,34.7141,37.7536
254.1604,229.2132,34.7141,37.7536
254.1604,229.2132,34.7141,37.7536
254.1604,229.2132,34.7141,37.7536
254.1604,229.2132,34.7141,37.7536
254.1604,229.2132,34.7141,37.7536
254.1604,229.2132,34.7141,37.7536
254.1604,229.2132,34.7141,37.7536
254.1604,229.2132,34.7141,37.7536
2
0
0
0
0
1
261.8430,312.3743,39.0940,32.2314
261.8430,312.3743,39.0940,32.2314
261.8430,312.3743,39.0940,32.2314
261.8430,312.3743,39.0940,32.2314
261.8430,312.3743,39.0940,32.2314
261.8430,312.3743,39.0940,32.2314
261.8430,312.3743,39.0940,32.2314
261.8430,312.3743,39.0940,32.2314
261.8430,312.3743,39.0940,32.2314
261.8430,312.3743,39.0940,32.2314
261.8430,312.3743,39.0940,32.2314
261.8430,312.3743,39.0940,32.2314
261.8430,312.3743,39.0940,32.2314
261.8430,312.3743,39.0940,32.2314
2
0
0
0
0
1
189.6770,304.1297,37.0560,26.3556
189.6770,304.1297,37.0560,26.3556
189.6770,304.1297,37.0560,26.3556
189.6770,304.1297,37.0560,26.3556
189.6770,304.1297,37.0560,26.3556
189.6770,304.1297,37.0560,26.3556
2
0
0
0
0
1
123.3863,297.4782,38.2275,23.4136
123.3863,297.4782,38.2275,23.4136
123.3863,297.4782,38.2275,23.4136
123.3863,297.4782,38.2275,23.4136
2
0
0
0
0
1
215.6088,345.9153,36.1525,26.9293
215.6088,345.9153,36.1525,26.9293
215.6088,345.9153,36.1525,26.9293
215.6088,345.9153,36.1525,26.9293
215.6088,345.9153,36.1525,26.9293
215.6088,345.9153,36.1525,26.9293
215.6088,345.9153,36.1525,26.9293
2
0
0
0
0
1
280.1911,377.3593,42.9528,29.5563
280.1911,377.3593,42.9528,29.5563
280.1911,377.3593,42.9528,29.5563
280.1911,377.3593,42.9528,29.5563
280.1911,377.3593,42.9528,29.5563
2
0
0
0
0
1
356.5904,403.1330,38.4143,34.6689
356.5904,403.1330,38.4143,34.6689
356.5904,403.1330,38.4143,34.6689
356.5904,403.1330,38.4143,34.6689
356.5904,403.1330,38.4143,34.6689
356.5904,403.1330,38.4143,34.6689
2
0
0
0
0
1
450.7905,426.3245,39.7591,39.2760
450.7905,426.3245,39.7591,39.2760
450.7905,426.3245,39.7591,39.2760
450.7905,426.3245,39.7591,39.2760
450.7905,426.3245,39.7591,39.2760
450.7905,426.3245,39.7591,39.2760
2
0
0
0
0
1
542.4481,422.6859,43.1689,42.1681
542.4481,422.6859,43.1689,42.1681
542.4481,422.6859,43.1689,42.1681
2
0
0
0
0
1
622.7938,411.9224,39.4125,38.3051
622.7938,411.9224,39.4125,38.3051
622.7938,411.9224,39.4125,38.3051
622.7938,411.9224,39.4125,38.3051
622.7938,411.9224,39.4125,38.3051
622.7938,411.9224,39.4125,38.3051
622.7938,411.9224,39.4125,38.3051
622.7938,411.9224,39.4125,38.3051
622.7938,411.9224,39.4125,38.3051
622.7938,411.9224,39.4125,38.3051
622.7938,411.9224,39.4125,38.3051
622.7938,411.9224,39.4125,38.3051
622.7938,411.9224,39.4125,38.3051
622.7938,411.9224,39.4125,38.3051
622.7938,411.9224,39.4125,38.3051
622.7938,411.9224,39.4125,38.3051
622.7938,411.9224,39.4125,38.3051
2
0
0
0
0
1
559.0596,381.4848,43.0259,39.8453
559.0596,381.4848,43.0259,39.8453
559.0596,381.4848,43.0259,39.8453
559.0596,381.4848,43.0259,39.8453
559.0596,381.4848,43.0259,39.8453
559.0596,381.4848,43.0259,39.8453
559.0596,381.4848,43.0259,39.8453
559.0596,381.4848,43.0259,39.8453
559.0596,381.4848,43.0259,39.8453
559.0596,381.4848,43.0259,39.8453
559.0596,381.4848,43.0259,39.8453
559.0596,381.4848,43.0259,39.8453
559.0596,381.4848,43.0259,39.8453
559.0596,381.4848,43.0259,39.8453
559.0596,381.4848,43.0259,39.8453
559.0596,381.4848,43.0259,39.8453
559.0596,381.4848,43.0259,39.8453
559.0596,381.4848,43.0259,39.8453
559.0596,381.4848,43.0259,39.8453
559.0596,381.4848,43.0259,39.8453
559.0596,381.4848,43.0259,39.8453
559.0596,381.4848,43.0259,39.8453
559.0596,381.4848,43.0259,39.8453
559.0596,381.4848,43.0259,39.8453
559.0596,381.4848,43.0259,39.8453
559.0596,381.4848,43.0259,39.8453
559.0596,381.4848,43.0259,39.8453
559.0596,381.4848,43.0259,39.8453
559.0596,381.4848,43.0259,39.8453
559.0596,381.4848,43.0259,39.8453
559.0596,381.4848,43.0259,39.8453
559.0596,381.4848,43.0259,39.8453
559.0596,381.4848,43.0259,39.8453
559.0596,381.4848,43.0259,39.8453
559.0596,381.4848,43.0259,39.8453
559.0596,381.4848,43.0259,39.8453
2
0
0
0
0
1
632.2662,373.3564,45.1277,34.7923
632.2662,373.3564,45.1277,34.7923
632.2662,373.3564,45.1277,34.7923
632.2662,373.3564,45.1277,34.7923
632.2662,373.3564,45.1277,34.7923
632.2662,373.3564,45.1277,34.7923
632.2662,373.3564,45.1277,34.7923
632.2662,373.3564,45.1277,34.7923
632.2662,373.3564,45.1277,34.7923
632.2662,373.3564,45.1277,34.7923
632.2662,373.3564,45.1277,34.7923
632.2662,373.3564,45.1277,34.7923
632.2662,373.3564,45.1277,34.7923
632.2662,373.3564,45.1277,34.7923
632.2662,373.3564,45.1277,34.7923
632.2662,373.3564,45.1277,34.7923
632.2662,373.3564,45.1277,34.7923
632.2662,373.3564,45.1277,34.7923
632.2662,373.3564,45.1277,34.7923
632.2662,373.3564,45.1277,34.7923
632.2662,373.3564,45.1277,34.7923
632.2662,373.3564,45.1277,34.7923
2
0
0
0
0
1
617.1048,333.5024,43.9204,31.8151
617.1048,333.5024,43.9204,31.8151
617.1048,333.5024,43.9204,31.8151
617.1048,333.5024,43.9204,31.8151
617.1048,333.5024,43.9204,31.8151
617.1048,333.5024,43.9204,31.8151
617.1048,333.5024,43.9204,31.8151
617.1048,333.5024,43.9204,31.8151
617.1048,333.5024,43.9204,31.8151
617.1048,333.5024,43.9204,31.8151
617.1048,333.5024,43.9204,31.8151
617.1048,333.5024,43.9204,31.8151
617.1048,333.5024,43.9204,31.8151
617.1048,333.5024,43.9204,31.8151
617.1048,333.5024,43.9204,31.8151
617.1048,333.5024,43.9204,31.8151
617.1048,333.5024,43.9204,31.8151
617.1048,333.5024,43.9204,31.8151
617.1048,333.5024,43.9204,31.8151
617.1048,333.5024,43.9204,31.8151
617.1048,333.5024,43.9204,31.8151
617.1048,333.5024,43.9204,31.8151
617.1048,333.5024,43.9204,31.8151
617.1048,333.5024,43.9204,31.8151
617.1048,333.5024,43.9204,31.8151
617.1048,333.5024,43.9204,31.8151