193.1880
0.0476
0.0436
0.0446
0.0634
0.0451
0.0530
0.0431
0.0411
0.0662
0.0441
0.0518
0.0501
0.0491
0.0500
0.0541
0.0499
0.0440
0.0400
0.0458
0.0501
0.0428
0.0618
0.0426
0.0518
0.0534
0.0477
0.0410
0.0451
0.0621
0.0497
0.0404
0.0400
0.0450
0.0501
0.0400
0.0434
0.0503
0.0480
0.0521
0.0570
0.0532
0.0482
0.0531
0.0620
0.0491
0.0530
0.0513
0.0420
0.0461
0.0641
0.0510
0.0504
0.0544
0.0611
0.0440
0.0411
0.0490
0.0474
0.0410
0.0451
0.0660
0.0457
0.0468
0.0498
0.0511
0.0510
0.0556
0.0469
0.0555
0.0560
0.0480
0.0471
0.0452
0.0616
0.0414
0.0527
0.0437
0.0500
0.0528
0.0547
0.0524
0.0537
0.0421
0.0480
0.0458
0.0520
0.0491
0.0480
0.0561
0.0420
0.0528
0.0503
0.0565
0.0574
0.0660
0.0482
0.0504
0.0577
0.0454
0.0550
0.0559
0.0474
0.0421
0.0486
0.0507
0.0476
0.0467
0.0460
0.0540
0.0502
0.0430
0.0558
0.0490
0.0411
0.0547
0.0440
0.0509
0.0472
0.0417
0.0425
0.0480
0.0454
0.0601
0.0580
0.0629
0.0642
0.0580
0.0539
0.0581
0.0560
0.0550
0.0420
0.0530
0.0560
0.0520
0.0520
0.0560
0.0601
0.0551
0.0562
0.0610
0.0590
0.0570
0.0480
0.0470
0.0470
0.0620
0.0610
0.0600
0.0520
0.0500
0.0420
0.0570
0.0418
0.0527
0.0507
0.0481
0.0567
0.0454
0.0528
0.0567
0.0521
0.0510
0.0631
0.0563
0.0414
0.0463
0.0580
0.0500
0.0580
0.0481
0.0477
0.0403
0.0561
0.0404
0.0479
0.0492
0.0505
0.0406
0.0450
0.0480
0.0511
0.0442
0.0551
0.0520
0.0502
0.0587
0.0467
0.0588
0.0430
0.0474
0.0510
0.0571
0.0500
0.0651
0.0497
0.0510
0.0611
0.0564
0.0527
0.0550
0.0465
0.0572
0.0431
0.0480
0.0536
0.0494
0.0420
0.0530
0.0484
0.0494
0.0504
0.0451
0.0567
0.0411
0.0530
0.0535
0.0510
0.0412
0.0420
0.0544
0.0481
0.0484
0.0570
0.0484
0.0460
0.0490
0.0411
0.0440
0.0553
0.0472
0.0571
0.0525
0.0414
0.0530
0.0479
0.0510
0.0424
0.0430
0.0531
0.0490
0.0412
0.0532
0.0534
0.0467
0.0487
0.0424
0.0553
0.0471
0.0600
0.0561
0.0412
0.0590
0.0550
0.0410
0.0470
0.0542
0.0411
0.0481
0.0560
0.0512
0.0521
0.0558
0.0419
0.0494
0.0471
0.0487
0.0551
0.0587
0.0490
0.0480
0.0630
0.0540
0.0518
0.0567
0.0406
0.0432
0.0470
0.0491
0.0460
0.0511
0.0559
0.0467
0.0410
0.0407
0.0582
0.0511
0.0489
0.0432
0.0431
0.0610
0.0467
0.0512
0.0489
0.0427
0.0530
0.0437
0.0400
0.0460
0.0492
0.0593
0.0458
0.0441
0.0481
0.0461
0.0414
0.0501
0.0491
0.0421
0.0450
0.0480
0.0510
0.0549
0.0412
0.0402
0.0436
0.0411
0.0527
0.0566
0.0490
0.0550
0.0467
0.0430
0.0468
0.0491
0.0494
0.0430
0.0474
0.0460
0.0428
0.0487
0.0521
0.0500
0.0524
0.0510
0.0481
0.0412
0.0440
0.0550
0.0550
0.0527
0.0471
0.0521
0.0480
0.0571
0.0584
0.0519
0.0416
0.0588
0.0527
0.0571
0.0470
0.0451
0.0414
0.0423
0.0469
0.0407
0.0572
0.0430
0.0413
0.0450
0.0621
0.0412
0.0511
0.0511
0.0490
0.0488
0.0430
0.0430
0.0602
0.0464
0.0410
0.0467
0.0541
0.0510
0.0485
0.0481
0.0540
0.0415
0.0494
0.0570
0.0611
0.0410
0.0507
0.0478
0.0444
0.0634
0.0557
0.0520
0.0547
0.0488
0.0509
0.0550
0.0490
0.0489
0.0507
0.0500
0.0510
0.0490
0.0490
0.0430
0.0480
0.0460
0.0500
0.0550
0.0480
0.0640
0.0460
0.0630
0.0560
0.0430
0.0590
0.0520
0.0420
0.0670
0.0440
0.0440
0.0430
0.0480
0.0420
0.0440
0.0610
0.0510
0.0510
0.0430
0.0460
0.0420
0.0540
0.0520
0.0565
0.0511
0.0477
0.0631
0.0524
0.0490
0.0590
0.0547
0.0430
0.0464
0.0480
0.0422
0.0491
0.0514
0.0491
0.0610
0.0640
0.0457
0.0567
0.0600
0.0619
0.0521
0.0557
0.0452
0.0450
0.0404
0.0409
0.0451
0.0457
0.0450
0.0427
0.0500
0.0531
0.0563
0.0620
0.0470
0.0405
0.0483
0.0580
0.0554
0.0425
0.0514
0.0550
0.0481
0.0431
0.0490
0.0490
0.0538
0.0468
0.0547
0.0475
0.0621
0.0478
0.0517
0.0584
0.0401
0.0530
0.0449
0.0417
0.0482
0.0484
0.0541
0.0478
0.0540
0.0534
0.0492
0.0558
0.0481
0.0550
0.0422
0.0640
0.0564
0.0521
0.0413
0.0502
0.0623
0.0399
0.0460
0.0508
0.0581
0.0450
0.0511
0.0490
0.0441
0.0470
0.0462
0.0511
0.0508
0.0541
0.0481
0.0523
0.0474
0.0521
0.0480
0.0491
0.0437
0.0523
0.0481
0.0502
0.0437
0.0417
0.0570
0.0505
0.0477
0.0556
0.0520
0.0455
0.0444
0.0527
0.0570
0.0519
0.0511
0.0461
0.0457
0.0500
0.0401
0.0544
0.0504
0.0634
0.0501
0.0481
0.0541
0.0411
0.0518
0.0564
0.0550
0.0484
0.0494
0.0491
0.0511
0.0510
0.0491
0.0582
0.0510
0.0497
0.0518
0.0510
0.0537
0.0441
0.0460
0.0420
0.0445
0.0521
0.0507
0.0484
0.0518
0.0471
0.0510
0.0440