1
31.3401,60.1666,74.0000,82.0000
39.8537,64.1985,70.0000,84.0000
48.8515,64.6529,66.0000,89.0000
60.3178,66.2258,59.0000,91.0000
68.5238,66.2823,63.0000,95.0000
75.0000,68.9846,59.0000,103.0000
80.8624,59.6221,72.0000,116.0000
85.0297,56.7586,79.0000,125.0000
92.4752,54.8182,82.0000,138.0000
98.0000,60.3683,76.0000,135.0000
107.8780,56.8400,84.0000,137.0000
108.5652,51.0917,89.0000,137.0000
116.3622,54.6829,87.0000,130.0000
117.5905,52.3474,93.0000,130.0000
120.8507,47.6350,95.0000,136.0000
132.0000,56.0000,75.0000,116.0000
143.0000,71.3144,64.0000,106.0000
154.0000,74.6639,56.0000,94.0000
166.0000,67.4170,49.0000,104.0000
181.0000,60.6434,37.0000,102.0000
182.0236,35.0000,31.0000,71.0000
2
0
0
0
0
1
283.8719,87.1124,59.0000,72.0000
291.6799,87.8216,50.0000,70.0000
285.5970,83.9635,53.0000,79.0000
285.4916,98.0000,42.0000,51.0000
275.2525,108.0000,49.0000,41.0000
264.2681,119.0000,55.0000,26.0000
256.0000,132.1797,43.0000,16.0000
244.0000,133.3336,46.0000,15.0000
231.0000,136.6405,39.0000,11.0000
220.0000,138.6522,37.0000,13.0000
211.0000,135.1077,28.0000,8.0000
201.4377,138.8342,17.0000,6.0000
196.6677,137.2442,26.0000,9.0000
188.0045,134.0677,24.0000,13.0000
180.5465,129.6225,24.0000,19.0000
170.6647,123.2635,26.0000,27.0000
164.0000,113.1579,31.0000,38.0000
157.0000,103.2440,31.0000,51.0000
149.0000,92.7111,38.0000,59.0000
141.0000,91.4411,40.0000,61.0000
133.0000,90.6039,48.0000,63.0000
124.0000,90.9117,58.0000,60.0000
112.0777,91.4298,61.0000,59.0000
113.3335,92.0738,63.0000,60.0000
118.2493,90.4817,66.0000,64.0000
126.0000,93.0466,55.0000,59.0000
135.0000,94.1366,53.0000,68.0000
151.0000,92.7822,40.0000,74.0000
168.0000,97.8182,22.0000,46.0000
2
0
0
0
0
1
292.0000,74.3359,57.0000,80.0000
300.0000,74.9514,53.0000,78.0000
306.0000,72.4957,54.0000,80.0000
313.2495,71.5492,57.0000,80.0000
309.2882,70.5248,60.0000,81.0000
298.4526,71.2566,64.0000,86.0000
290.0000,69.7695,69.0000,94.0000
279.0000,73.8008,65.0000,83.0000
265.0000,76.9623,70.0000,79.0000
249.0000,77.2275,64.0000,70.0000
233.0000,79.7235,57.0000,61.0000
218.0000,86.0248,48.0000,61.0000
205.0000,87.9322,39.0000,68.0000
195.0000,93.1799,29.0000,66.0000
2
0
0
0
0
1
2.0000,90.0285,69.0000,62.0000
-4.0000,95.7504,57.0000,50.0000
-8.8425,100.8662,47.0000,42.0000
-4.2302,100.6282,40.0000,43.0000
-2.8533,94.8997,45.0000,54.0000
-1.2109,90.8751,52.0000,59.0000
3.4954,87.8572,61.0000,60.0000
4.8612,90.0964,67.0000,55.0000
5.5337,91.5465,71.0000,52.0000
5.5125,89.1799,75.0000,60.0000
12.8277,94.4966,71.0000,60.0000
21.0000,98.0453,63.0000,60.0000
31.0000,100.9466,55.0000,60.0000
39.0000,104.3962,57.0000,58.0000
51.0000,105.6761,48.0000,59.0000
63.0000,103.3567,41.0000,67.0000
71.9121,104.3204,52.0000,72.0000
80.0000,109.4931,58.0000,76.0000
92.0000,112.8264,55.0000,78.0000
106.0000,122.0000,48.0000,63.0000
121.0000,134.1562,35.0000,52.0000
2
0
0
0
0
1
275.0000,108.4134,73.0000,90.0000
289.0000,105.6031,66.0000,98.0000
302.0000,99.8283,66.0000,99.0000
316.0000,96.5527,62.0000,88.0000
327.0000,97.0631,65.0000,75.0000
334.0000,90.4600,69.0000,82.0000
341.0000,86.1489,69.0000,85.0000
341.1299,82.1690,74.0000,90.0000
332.3248,75.9281,77.0000,105.0000
323.0000,73.3140,85.0000,114.0000
313.0000,71.7165,85.0000,117.0000
301.0000,71.5387,90.0000,117.0000
288.0000,71.6979,92.0000,117.0000
275.0000,72.7594,99.0000,117.0000
266.0000,78.4838,99.0000,106.0000
259.0000,84.1610,100.0000,97.0000
249.3236,82.8082,98.0000,100.0000
256.1973,79.2051,89.0000,101.0000
250.3720,75.3482,91.0000,107.0000
239.0648,71.2782,97.0000,112.0000
230.0000,70.8645,109.0000,105.0000
215.0000,71.6432,124.0000,96.0000
201.0000,74.9424,130.0000,91.0000
187.0000,75.1951,136.0000,91.0000
175.0000,79.2272,131.0000,81.0000
164.8020,82.0927,122.0000,78.0000
170.9880,77.1486,114.0000,85.0000
179.0000,82.4776,97.0000,73.0000
196.0000,82.1243,85.0000,88.0000
213.0000,92.3315,77.0000,94.0000
222.0000,98.2808,86.0000,101.0000
228.8062,102.7713,94.0000,97.0000
227.7532,106.5194,88.0000,95.0000
228.1134,105.7957,89.0000,93.0000
228.9777,106.3853,82.0000,90.0000
227.8138,106.8690,73.0000,91.0000
229.6524,103.4334,65.0000,91.0000
233.8428,99.0064,57.0000,61.0000
229.0367,101.4155,64.0000,66.0000
227.3967,96.9577,57.0000,56.0000
226.5260,96.6785,56.0000,56.0000
234.7420,91.8221,58.0000,64.0000
243.0000,92.1896,56.0000,74.0000
255.0000,91.7351,50.0000,82.0000
268.0000,83.9377,42.0000,90.0000
280.0000,83.1770,35.0000,90.0000
291.0000,80.7264,28.0000,94.0000
301.0000,80.5985,17.0000,89.0000
307.0000,80.2670,11.0000,97.0000
313.2771,84.7253,9.0000,101.0000
309.7325,75.1018,16.0000,112.0000
304.3081,80.5470,27.0000,101.0000
301.5056,82.1678,35.0000,96.0000
295.6545,85.4599,47.0000,106.0000
284.4750,87.2108,57.0000,99.0000
275.2398,91.7793,64.0000,95.0000
270.5801,90.3093,74.0000,97.0000
263.1979,89.7183,83.0000,95.0000
254.0975,87.4255,92.0000,90.0000
242.4982,79.9539,105.0000,101.0000
231.3408,72.2367,114.0000,112.0000
220.4650,70.6528,120.0000,110.0000
214.0000,67.0933,129.0000,116.0000
203.6345,64.1154,120.0000,101.0000
205.7692,69.3716,110.0000,89.0000
203.9611,73.5676,108.0000,83.0000
192.8072,72.3620,119.0000,96.0000
184.0000,70.7273,127.0000,103.0000
175.0000,81.5213,128.0000,93.0000
168.0000,88.5495,118.0000,79.0000
165.4354,84.4683,107.0000,82.0000
173.6388,80.5927,94.0000,83.0000
179.1087,77.8497,83.0000,85.0000
176.6852,77.1371,80.0000,87.0000
185.5996,81.5997,70.0000,80.0000
193.8570,82.0232,60.0000,80.0000
194.1492,84.4674,62.0000,78.0000
194.3138,86.2468,55.0000,75.0000
194.5508,83.3539,58.0000,82.0000
206.1325,87.2629,51.0000,67.0000
216.7827,85.3534,40.0000,67.0000
213.7102,87.8888,48.0000,69.0000
229.0000,98.0000,39.0000,57.0000
238.6275,89.0000,48.0000,77.0000
241.7122,77.6303,58.0000,89.0000
244.2091,73.4261,65.0000,94.0000
243.3728,73.1560,73.0000,91.0000
241.6729,72.3026,79.0000,93.0000
239.5950,73.9100,90.0000,90.0000
235.2714,68.7929,97.0000,98.0000
234.4458,67.4231,100.0000,102.0000
241.5165,67.2205,92.0000,92.0000
251.0633,71.3912,86.0000,92.0000
258.0000,72.2545,76.0000,102.0000
267.0000,65.5618,73.0000,111.0000
267.8717,58.4214,86.0000,104.0000
257.2210,62.9080,100.0000,94.0000
247.2694,69.4990,113.0000,88.0000
235.4473,71.0744,120.0000,89.0000
236.7537,68.4922,109.0000,100.0000
239.1085,68.2245,92.0000,104.0000
238.0401,66.8900,85.0000,100.0000
231.0000,67.4059,79.0000,103.0000
218.0000,68.9918,72.0000,90.0000
201.0000,70.8941,78.0000,95.0000
187.0000,74.0860,71.0000,100.0000
174.0000,78.2466,71.0000,98.0000
165.0000,81.5454,67.0000,98.0000
159.1328,84.8463,63.0000,94.0000
163.4349,87.5777,62.0000,91.0000
167.0894,85.7774,62.0000,92.0000
172.0828,80.2049,63.0000,92.0000
183.5770,65.7930,59.0000,100.0000
191.0000,51.0000,51.0000,112.0000
197.8756,26.0000,65.0000,124.0000
194.1406,3.0000,83.0000,124.0000
185.0000,-11.0000,101.0000,81.0000
2
0
0
0
0
1
202.0000,84.6797,80.0000,83.0000
193.0000,83.1057,88.0000,81.0000
189.8970,83.0575,79.0000,65.0000
190.2385,83.5926,76.0000,68.0000
191.9263,77.6195,73.0000,75.0000
191.5946,68.9887,75.0000,87.0000
191.1575,61.3311,76.0000,99.0000
198.3304,61.5372,72.0000,94.0000
206.0000,70.8094,73.0000,89.0000
213.0000,73.4585,73.0000,82.0000
222.1897,77.8914,76.0000,82.0000
230.7575,73.9853,76.0000,96.0000
237.0000,70.3192,65.0000,87.0000
247.1087,76.2548,67.0000,87.0000
249.9103,80.4548,62.0000,84.0000
243.8554,84.8757,65.0000,81.0000
235.0000,87.9306,73.0000,73.0000
226.0000,94.0648,65.0000,58.0000
219.0000,97.0748,67.0000,60.0000
212.0000,101.1290,62.0000,58.0000
203.3019,105.7751,61.0000,56.0000
201.2150,111.0631,59.0000,51.0000
202.5210,112.8888,59.0000,48.0000
205.9743,109.8559,63.0000,50.0000
214.1720,105.7958,64.0000,49.0000
220.8806,96.7943,68.0000,55.0000
230.1556,90.7574,61.0000,44.0000
233.3117,83.3026,54.0000,35.0000
231.8027,81.9231,52.0000,24.0000
229.1666,73.5457,58.0000,36.0000
219.0074,69.5695,67.0000,51.0000
213.4631,59.2291,76.0000,62.0000
207.8603,56.4520,77.0000,62.0000
198.0000,63.7166,85.0000,70.0000
190.0000,66.1647,94.0000,82.0000
189.3538,63.6741,86.0000,99.0000
194.3812,52.3861,86.0000,119.0000
196.8428,63.6350,84.0000,108.0000
186.5427,52.0000,92.0000,126.0000
179.0000,30.0000,100.0000,148.0000
172.0000,10.0000,109.0000,158.0000
164.0000,-5.0000,115.0000,162.0000
157.0000,-5.8918,107.0000,151.0000
150.0000,-10.8697,118.0000,160.0000
141.0000,21.0000,92.0000,127.0000
129.1129,42.0000,81.0000,115.0000
125.2423,58.0000,74.0000,104.0000
124.4690,73.8446,75.0000,99.0000
128.0312,62.3626,83.0000,103.0000
134.0000,52.0000,84.0000,115.0000
146.0000,33.0000,82.0000,131.0000
159.0000,15.0000,84.0000,139.0000
166.0000,-7.0000,91.0000,100.0000
2
0
0
0
0
1
247.2916,79.7172,91.0000,94.0000
243.0548,75.9257,91.0000,99.0000
240.0354,76.7081,91.0000,94.0000
249.5779,73.1075,84.0000,94.0000
250.1596,74.0149,81.0000,92.0000
242.4582,75.7871,91.0000,87.0000
234.1869,71.4716,100.0000,101.0000
227.4946,76.4143,103.0000,93.0000
220.2354,78.1407,106.0000,87.0000
212.9868,79.2133,104.0000,84.0000
209.9477,81.9772,100.0000,84.0000
216.1672,87.0382,92.0000,89.0000
223.0000,91.0946,81.0000,90.0000
228.4452,92.1583,91.0000,102.0000
223.6817,94.5150,99.0000,111.0000
215.2557,87.4696,91.0000,123.0000
218.5651,85.7002,81.0000,124.0000
220.6301,82.9736,70.0000,129.0000
230.1274,73.2767,75.0000,133.0000
234.0510,60.8523,62.0000,92.0000
238.3202,75.3115,72.0000,100.0000
225.0000,65.7964,84.0000,113.0000
208.0000,64.2150,95.0000,97.0000
189.0000,71.5376,107.0000,90.0000
175.0000,72.3410,122.0000,95.0000
166.5887,70.3924,131.0000,93.0000
180.0000,66.4176,117.0000,103.0000
201.0000,71.3470,104.0000,114.0000
222.0000,74.2270,94.0000,121.0000
240.0000,76.2965,86.0000,105.0000
253.0000,71.4823,80.0000,109.0000
256.4695,69.7545,86.0000,110.0000
242.0000,60.7058,99.0000,115.0000
226.0000,69.0000,112.0000,102.0000
208.0000,79.6627,112.0000,89.0000
193.0000,89.2130,103.0000,73.0000
183.0000,86.2139,99.0000,78.0000
194.9409,91.1411,85.0000,87.0000
202.0000,89.4468,75.0000,89.0000
215.0000,86.1013,66.0000,82.0000
225.0000,85.9357,66.0000,90.0000
234.0000,77.9541,63.0000,80.0000
228.4096,80.9766,75.0000,88.0000
220.0000,85.2757,86.0000,78.0000
206.0000,90.7354,86.0000,70.0000
199.7792,96.7169,79.0000,79.0000
210.0000,104.8670,66.0000,91.0000
226.0000,110.3545,59.0000,79.0000
243.0000,103.7148,49.0000,83.0000
2
0
0
0
0
1
233.0000,69.1282,81.0000,91.0000
213.0000,72.5116,84.0000,76.0000
191.0000,72.0344,85.0000,87.0000
162.0000,96.0000,59.0000,61.0000
152.8571,90.8531,73.0000,78.0000
148.4040,102.0000,66.0000,64.0000
157.0000,114.0000,48.0000,51.0000
2
0
0
0
0
1
138.2251,90.9667,66.0000,84.0000
133.2890,93.7181,67.0000,82.0000
134.9099,92.5747,71.0000,83.0000
145.1161,88.2574,68.0000,80.0000
153.0000,78.3175,59.0000,77.0000