192.3869
0.0300
0.0400
0.0300
0.0380
0.0340
0.0390
0.0380
0.0310
0.0330
0.0350
0.0360
0.0340
0.0310
0.0370
0.0330
0.0370
0.0380
0.0320
0.0360
0.0360
0.0490
0.0420
NaN
NaN
NaN
NaN
193.3377
0.0351
0.0334
0.0350
0.0337
0.0397
0.0324
0.0344
0.0360
0.0354
0.0361
0.0374
0.0411
0.0410
0.0384
0.0381
0.0310
0.0337
0.0314
0.0387
0.0364
0.0360
0.0334
0.0390
0.0360
0.0420
0.0515
0.0500
0.0429
0.0424
0.0354
NaN
NaN
NaN
NaN
192.9811
0.0301
0.0370
0.0334
0.0337
0.0361
0.0394
0.0368
0.0317
0.0310
0.0377
0.0364
0.0345
0.0362
0.0351
0.0344
NaN
NaN
NaN
NaN
193.0541
0.0302
0.0303
0.0334
0.0354
0.0360
0.0290
0.0370
0.0367
0.0364
0.0310
0.0293
0.0394
0.0370
0.0345
0.0313
0.0334
0.0333
0.0311
0.0334
0.0344
0.0401
0.0354
NaN
NaN
NaN
NaN
193.2532
0.0350
0.0360
0.0330
0.0300
0.0370
0.0320
0.0350
0.0400
0.0350
0.0340
0.0350
0.0340
0.0350
0.0360
0.0360
0.0330
0.0310
0.0340
0.0400
0.0360
0.0370
0.0360
0.0370
0.0380
0.0390
0.0500
0.0520
0.0490
0.0480
0.0400
0.0420
0.0440
0.0400
0.0390
0.0390
0.0400
0.0390
0.0330
0.0340
0.0380
0.0430
0.0410
0.0370
0.0340
0.0320
0.0350
0.0380
0.0360
0.0410
0.0400
0.0400
0.0430
0.0440
0.0440
0.0410
0.0380
0.0400
0.0380
0.0370
0.0370
0.0370
0.0440
0.0430
0.0450
0.0460
0.0380
0.0340
0.0410
0.0380
0.0400
0.0390
0.0370
0.0410
0.0420
0.0390
0.0350
0.0380
0.0360
0.0470
0.0520
0.0450
0.0420
0.0350
0.0340
0.0390
0.0390
0.0400
0.0390
0.0370
0.0370
0.0410
0.0420
0.0420
0.0410
0.0410
0.0390
0.0370
0.0330
0.0400
0.0380
0.0410
0.0380
0.0370
0.0400
0.0410
0.0420
0.0410
0.0380
0.0360
0.0390
0.0360
0.0360
0.0360
0.0420
0.0360
0.0410
0.0410
0.0410
NaN
NaN
NaN
NaN
192.5921
0.0511
0.0390
0.0344
0.0354
0.0374
0.0300
0.0400
0.0384
0.0334
0.0324
0.0357
0.0331
0.0343
0.0324
0.0290
0.0330
0.0374
0.0351
0.0340
0.0352
0.0384
0.0364
0.0377
0.0404
0.0375
0.0463
0.0492
0.0500
0.0477
0.0424
0.0397
0.0400
0.0394
0.0350
0.0371
0.0364
0.0354
0.0374
0.0381
0.0360
0.0424
0.0430
0.0425
0.0330
0.0373
0.0353
0.0400
0.0409
0.0401
0.0410
0.0410
0.0390
0.0399
0.0389
NaN
NaN
NaN
NaN
192.2129
0.0301
0.0291
0.0350
0.0304
0.0343
0.0320
0.0364
0.0371
0.0321
0.0361
0.0350
0.0520
0.0404
0.0390
0.0340
0.0367
0.0380
0.0364
0.0311
0.0370
0.0384
0.0351
0.0397
0.0377
0.0521
0.0522
0.0522
0.0430
0.0403
0.0324
0.0343
0.0397
0.0374
0.0390
0.0391
0.0367
0.0384
0.0400
0.0384
0.0419
0.0411
0.0409
0.0411
0.0324
0.0344
0.0360
0.0343
0.0391
0.0417
0.0421
NaN
NaN
NaN
NaN
192.2637
0.0346
0.0338
0.0390
0.0354
0.0301
0.0364
0.0340
0.0361
NaN
NaN
NaN
NaN
192.5255
0.0480
0.0370
0.0370
0.0360
0.0340