193.7529
0.0562
0.0747
0.0650
0.0729
0.0751
0.0861
0.0919
0.0869
0.0769
0.0881
0.0644
0.0562
0.0612
0.0501
0.0664
0.0544
0.0641
0.0509
0.0661
0.0522
0.0660
0.0504
0.0601
0.0544
0.0623
0.0475
0.0653
0.0628
0.0577
0.0501
0.0510
0.0625
0.0510
0.0685
0.0491
0.0601
0.0670
0.0679
0.0591
0.0682
0.0524
0.0705
0.0640
0.0714
0.0604
0.0500
0.0508
0.0491
0.0611
0.0647
0.0594
0.0624
0.0571
0.0537
0.0561
0.0541
0.0571
0.0521
0.0590
0.0611
0.0640
0.0589
0.0491
0.0540
0.0561
0.0501
0.0541
0.0628
0.0604
0.0543
0.0520
0.0601
0.0561
0.0594
0.0518
0.0624
0.0501
0.0531
0.0499
0.0497
0.0514
0.0595
0.0510
0.0601
0.0587
0.0604
0.0607
0.0613
0.0571
0.0604
0.0537
0.0581
0.0694
0.0501
0.0650
0.0707
0.0614
0.0500
0.0531
0.0591
0.0534
0.0514
0.0561
0.0600
0.0549
0.0644
0.0624
0.0650
0.0641
0.0557
0.0557
0.0557
0.0551
0.0569
0.0600
0.0697
0.0754
0.0622
0.0690
0.0720
0.0697
0.0580
0.0566
0.0551
0.0556
0.0711
0.0632
0.0560
0.0528
0.0580
0.0536
0.0649
0.0797
0.0614
0.0591
0.0500
0.0671
0.0581
0.0574
0.0562
0.0551
0.0540
0.0502
0.0559
0.0601
0.0568
0.0605
0.0650
0.0531
0.0577
0.0731
0.0621
0.0491
0.0566
0.0511
0.0550
0.0712
0.0694
0.0570
0.0551
0.0544
0.0641
0.0607
0.0494
0.0606
0.0660
0.0710
0.0577
0.0505
0.0634
0.0656
0.0671
0.0557
0.0564
0.0502
0.0673
0.0558
0.0534
0.0650
0.0497
0.0497
0.0721
0.0642
0.0601
0.0682
0.0531
0.0547
0.0564
0.0484
0.0588
0.0624
0.0574
0.0564
0.0507
0.0641
0.0499
0.0671
0.0580
0.0672
0.0654
0.0690
0.0681
0.0732
0.0556
0.0632
0.0532
0.0707
0.0647
0.0531
0.0547
0.0587
0.0510
0.0571
0.0550
0.0571
0.0514
0.0549
0.0557
0.0501
0.0614
0.0711
0.0539
0.0810
0.0799
0.0692
0.0570
0.0711
0.0691
0.0564
0.0551
0.0671
0.0627
0.0600
0.0654
0.0741
0.0550
0.0575
0.0584
0.0777
0.0565
0.0660
0.0540
0.0705
0.0561
0.0663
0.0591
0.0541
0.0652
0.0621
0.0477
0.0694
0.0521
0.0511
0.0550
0.0662
0.0617
0.0577
0.0541
0.0564
0.0530
0.0693
0.0531
0.0569
0.0532
0.0540
0.0651
0.0582
0.0541
0.0550
0.0545
0.0551
0.0579
0.0707
0.0601
0.0594
0.0500
0.0647
0.0741
0.0577
0.0587
0.0653
0.0618
0.0645
0.0551
0.0669
0.0662
0.0677
0.0604
0.0514
0.0715
0.0702
0.0728
0.0574
0.0520
0.0571
0.0687
0.0606
0.0665
0.0577
0.0568
0.0531
0.0667
0.0678
0.0711
0.0591
0.0537
0.0501
0.0651
0.0554
0.0571
0.0547
0.0501
0.0621
0.0490
0.0517
0.0531
0.0602
0.0491
0.0570
0.0483
0.0540
0.0608
0.0605
0.0651
0.0551
0.0521
0.0541
0.0567
0.0497
0.0568
0.0700
0.0571
0.0522
0.0531
0.0501
0.0530
0.0622
0.0741