1
120.9987,50.8356,104.0026,104.2788
120.9987,50.8356,104.0026,104.2788
120.9987,50.8356,104.0026,104.2788
120.9987,50.8356,104.0026,104.2788
120.9987,50.8356,104.0026,104.2788
120.9987,50.8356,104.0026,104.2788
120.9987,50.8356,104.0026,104.2788
120.9987,50.8356,104.0026,104.2788
120.9987,50.8356,104.0026,104.2788
120.9987,50.8356,104.0026,104.2788
120.9987,50.8356,104.0026,104.2788
120.9987,50.8356,104.0026,104.2788
120.9987,50.8356,104.0026,104.2788
120.9987,50.8356,104.0026,104.2788
120.9987,50.8356,104.0026,104.2788
120.9987,50.8356,104.0026,104.2788
120.9987,50.8356,104.0026,104.2788
120.9987,50.8356,104.0026,104.2788
120.9987,50.8356,104.0026,104.2788
120.9987,50.8356,104.0026,104.2788
120.9987,50.8356,104.0026,104.2788
120.9987,50.8356,104.0026,104.2788
120.9987,50.8356,104.0026,104.2788
120.9987,50.8356,104.0026,104.2788
120.9987,50.8356,104.0026,104.2788
120.9987,50.8356,104.0026,104.2788
120.9987,50.8356,104.0026,104.2788
120.9987,50.8356,104.0026,104.2788
120.9987,50.8356,104.0026,104.2788
120.9987,50.8356,104.0026,104.2788
120.9987,50.8356,104.0026,104.2788
120.9987,50.8356,104.0026,104.2788
120.9987,50.8356,104.0026,104.2788
120.9987,50.8356,104.0026,104.2788
120.9987,50.8356,104.0026,104.2788
120.9987,50.8356,104.0026,104.2788
120.9987,50.8356,104.0026,104.2788
120.9987,50.8356,104.0026,104.2788
120.9987,50.8356,104.0026,104.2788
120.9987,50.8356,104.0026,104.2788
120.9987,50.8356,104.0026,104.2788
120.9987,50.8356,104.0026,104.2788
120.9987,50.8356,104.0026,104.2788
120.9987,50.8356,104.0026,104.2788
120.9987,50.8356,104.0026,104.2788
120.9987,50.8356,104.0026,104.2788
2
0
0
0
0
1
207.1450,204.1803,61.1499,64.8343
207.1450,204.1803,61.1499,64.8343
207.1450,204.1803,61.1499,64.8343
207.1450,204.1803,61.1499,64.8343
207.1450,204.1803,61.1499,64.8343
207.1450,204.1803,61.1499,64.8343
207.1450,204.1803,61.1499,64.8343
207.1450,204.1803,61.1499,64.8343
207.1450,204.1803,61.1499,64.8343
207.1450,204.1803,61.1499,64.8343
2
0
0
0
0
1
323.5054,168.8356,79.0291,76.8288
323.5054,168.8356,79.0291,76.8288
323.5054,168.8356,79.0291,76.8288
323.5054,168.8356,79.0291,76.8288
323.5054,168.8356,79.0291,76.8288
323.5054,168.8356,79.0291,76.8288
2
0
0
0
0
1
397.7188,6.7619,110.1875,119.9512
397.7188,6.7619,110.1875,119.9512
397.7188,6.7619,110.1875,119.9512
397.7188,6.7619,110.1875,119.9512
397.7188,6.7619,110.1875,119.9512
397.7188,6.7619,110.1875,119.9512
397.7188,6.7619,110.1875,119.9512
397.7188,6.7619,110.1875,119.9512
397.7188,6.7619,110.1875,119.9512
397.7188,6.7619,110.1875,119.9512
397.7188,6.7619,110.1875,119.9512
2
0
0
0
0
1
248.5313,55.2379,88.2873,88.4143
248.5313,55.2379,88.2873,88.4143
248.5313,55.2379,88.2873,88.4143
248.5313,55.2379,88.2873,88.4143
248.5313,55.2379,88.2873,88.4143
248.5313,55.2379,88.2873,88.4143
248.5313,55.2379,88.2873,88.4143
248.5313,55.2379,88.2873,88.4143
248.5313,55.2379,88.2873,88.4143
248.5313,55.2379,88.2873,88.4143
248.5313,55.2379,88.2873,88.4143
248.5313,55.2379,88.2873,88.4143
248.5313,55.2379,88.2873,88.4143
248.5313,55.2379,88.2873,88.4143
2
0
0
0
0
1
79.7729,105.1342,109.6042,108.5216
79.7729,105.1342,109.6042,108.5216
79.7729,105.1342,109.6042,108.5216
79.7729,105.1342,109.6042,108.5216
79.7729,105.1342,109.6042,108.5216
79.7729,105.1342,109.6042,108.5216
79.7729,105.1342,109.6042,108.5216
79.7729,105.1342,109.6042,108.5216
79.7729,105.1342,109.6042,108.5216
79.7729,105.1342,109.6042,108.5216
79.7729,105.1342,109.6042,108.5216
79.7729,105.1342,109.6042,108.5216
79.7729,105.1342,109.6042,108.5216
79.7729,105.1342,109.6042,108.5216
79.7729,105.1342,109.6042,108.5216
79.7729,105.1342,109.6042,108.5216
79.7729,105.1342,109.6042,108.5216
79.7729,105.1342,109.6042,108.5216
79.7729,105.1342,109.6042,108.5216
2
0
0
0
0
1
216.6498,140.0272,51.8103,52.6156
216.6498,140.0272,51.8103,52.6156
216.6498,140.0272,51.8103,52.6156
216.6498,140.0272,51.8103,52.6156
216.6498,140.0272,51.8103,52.6156
216.6498,140.0272,51.8103,52.6156
216.6498,140.0272,51.8103,52.6156
216.6498,140.0272,51.8103,52.6156
216.6498,140.0272,51.8103,52.6156
216.6498,140.0272,51.8103,52.6156
216.6498,140.0272,51.8103,52.6156
216.6498,140.0272,51.8103,52.6156
216.6498,140.0272,51.8103,52.6156
216.6498,140.0272,51.8103,52.6156
216.6498,140.0272,51.8103,52.6156
216.6498,140.0272,51.8103,52.6156
216.6498,140.0272,51.8103,52.6156
216.6498,140.0272,51.8103,52.6156
216.6498,140.0272,51.8103,52.6156
216.6498,140.0272,51.8103,52.6156
216.6498,140.0272,51.8103,52.6156