1
1097.2635,618.8790,42.4730,48.8421
1097.2635,618.8790,42.4730,48.8421
1097.2635,618.8790,42.4730,48.8421
2
0
0
0
0
1
912.1878,618.4329,47.5444,45.9942
912.1878,618.4329,47.5444,45.9942
912.1878,618.4329,47.5444,45.9942
2
0
0
0
0
1
817.6358,555.2326,40.3584,41.3947
817.6358,555.2326,40.3584,41.3947
817.6358,555.2326,40.3584,41.3947
817.6358,555.2326,40.3584,41.3947
817.6358,555.2326,40.3584,41.3947
817.6358,555.2326,40.3584,41.3947
817.6358,555.2326,40.3584,41.3947
817.6358,555.2326,40.3584,41.3947
817.6358,555.2326,40.3584,41.3947
817.6358,555.2326,40.3584,41.3947
817.6358,555.2326,40.3584,41.3947
817.6358,555.2326,40.3584,41.3947
817.6358,555.2326,40.3584,41.3947
2
0
0
0
0
1
770.0205,502.6170,39.7989,16.2759
770.0205,502.6170,39.7989,16.2759
2
0
0
0
0
1
628.5000,468.5000,38.0000,17.0000
2
0
0
0
0
1
434.1903,444.8225,41.7644,21.5150
2
0
0
0
0
1
2
0
0