1
596.2047,490.1770,73.8155,83.8361
596.2047,490.1770,73.8155,83.8361
596.2047,490.1770,73.8155,83.8361
596.2047,490.1770,73.8155,83.8361
596.2047,490.1770,73.8155,83.8361
596.2047,490.1770,73.8155,83.8361
596.2047,490.1770,73.8155,83.8361
596.2047,490.1770,73.8155,83.8361
596.2047,490.1770,73.8155,83.8361
596.2047,490.1770,73.8155,83.8361
596.2047,490.1770,73.8155,83.8361
596.2047,490.1770,73.8155,83.8361
596.2047,490.1770,73.8155,83.8361
596.2047,490.1770,73.8155,83.8361
596.2047,490.1770,73.8155,83.8361
596.2047,490.1770,73.8155,83.8361
596.2047,490.1770,73.8155,83.8361
596.2047,490.1770,73.8155,83.8361
596.2047,490.1770,73.8155,83.8361
596.2047,490.1770,73.8155,83.8361
596.2047,490.1770,73.8155,83.8361
596.2047,490.1770,73.8155,83.8361
596.2047,490.1770,73.8155,83.8361
596.2047,490.1770,73.8155,83.8361
596.2047,490.1770,73.8155,83.8361
596.2047,490.1770,73.8155,83.8361
596.2047,490.1770,73.8155,83.8361
596.2047,490.1770,73.8155,83.8361
596.2047,490.1770,73.8155,83.8361
596.2047,490.1770,73.8155,83.8361
596.2047,490.1770,73.8155,83.8361
596.2047,490.1770,73.8155,83.8361
596.2047,490.1770,73.8155,83.8361
596.2047,490.1770,73.8155,83.8361
596.2047,490.1770,73.8155,83.8361
596.2047,490.1770,73.8155,83.8361
596.2047,490.1770,73.8155,83.8361
596.2047,490.1770,73.8155,83.8361
596.2047,490.1770,73.8155,83.8361
596.2047,490.1770,73.8155,83.8361
596.2047,490.1770,73.8155,83.8361
596.2047,490.1770,73.8155,83.8361
596.2047,490.1770,73.8155,83.8361
596.2047,490.1770,73.8155,83.8361
596.2047,490.1770,73.8155,83.8361
596.2047,490.1770,73.8155,83.8361
596.2047,490.1770,73.8155,83.8361
596.2047,490.1770,73.8155,83.8361
596.2047,490.1770,73.8155,83.8361
596.2047,490.1770,73.8155,83.8361
596.2047,490.1770,73.8155,83.8361
596.2047,490.1770,73.8155,83.8361
596.2047,490.1770,73.8155,83.8361
596.2047,490.1770,73.8155,83.8361
596.2047,490.1770,73.8155,83.8361
2
0
0
0
0
1
583.0000,582.5000,86.0000,103.0000
583.0000,582.5000,86.0000,103.0000
583.0000,582.5000,86.0000,103.0000
583.0000,582.5000,86.0000,103.0000
583.0000,582.5000,86.0000,103.0000
583.0000,582.5000,86.0000,103.0000
583.0000,582.5000,86.0000,103.0000
583.0000,582.5000,86.0000,103.0000
583.0000,582.5000,86.0000,103.0000
583.0000,582.5000,86.0000,103.0000
583.0000,582.5000,86.0000,103.0000
583.0000,582.5000,86.0000,103.0000
583.0000,582.5000,86.0000,103.0000
583.0000,582.5000,86.0000,103.0000
583.0000,582.5000,86.0000,103.0000
583.0000,582.5000,86.0000,103.0000
583.0000,582.5000,86.0000,103.0000
2
0
0
0
0
1
696.3273,545.2700,103.6104,99.2750
696.3273,545.2700,103.6104,99.2750
696.3273,545.2700,103.6104,99.2750
696.3273,545.2700,103.6104,99.2750
696.3273,545.2700,103.6104,99.2750
696.3273,545.2700,103.6104,99.2750
696.3273,545.2700,103.6104,99.2750
696.3273,545.2700,103.6104,99.2750
696.3273,545.2700,103.6104,99.2750
696.3273,545.2700,103.6104,99.2750
696.3273,545.2700,103.6104,99.2750
696.3273,545.2700,103.6104,99.2750
696.3273,545.2700,103.6104,99.2750
696.3273,545.2700,103.6104,99.2750
2
0
0
0
0
1
836.3176,547.7037,80.0548,79.8176
836.3176,547.7037,80.0548,79.8176
836.3176,547.7037,80.0548,79.8176
836.3176,547.7037,80.0548,79.8176
836.3176,547.7037,80.0548,79.8176
836.3176,547.7037,80.0548,79.8176
836.3176,547.7037,80.0548,79.8176
836.3176,547.7037,80.0548,79.8176
836.3176,547.7037,80.0548,79.8176
836.3176,547.7037,80.0548,79.8176
836.3176,547.7037,80.0548,79.8176
836.3176,547.7037,80.0548,79.8176
836.3176,547.7037,80.0548,79.8176
836.3176,547.7037,80.0548,79.8176
836.3176,547.7037,80.0548,79.8176
836.3176,547.7037,80.0548,79.8176
836.3176,547.7037,80.0548,79.8176
836.3176,547.7037,80.0548,79.8176
836.3176,547.7037,80.0548,79.8176
836.3176,547.7037,80.0548,79.8176
836.3176,547.7037,80.0548,79.8176
836.3176,547.7037,80.0548,79.8176
836.3176,547.7037,80.0548,79.8176
836.3176,547.7037,80.0548,79.8176
836.3176,547.7037,80.0548,79.8176
836.3176,547.7037,80.0548,79.8176
836.3176,547.7037,80.0548,79.8176
836.3176,547.7037,80.0548,79.8176
836.3176,547.7037,80.0548,79.8176
2
0
0
0