175.0781
0.0857
0.0950
0.0660
0.0600
0.0730
0.0600
0.0610
0.0580
0.0560
0.0670
0.0610
0.0570
0.0630
0.0600
0.0770
0.1110
0.0970
0.0860
0.0710
0.0650
0.0630
0.0660
0.0610
0.0620
0.0640
0.0630
0.0610
0.0720
0.0820
0.0760
0.0820
0.1020
0.0920
0.0760
0.0610
0.0670
0.0730
0.0840
0.0660
0.0730
0.0870
0.0830
0.0840
0.0720
0.0660
0.0660
0.0700
0.0830
0.1520
0.1090
0.0840
0.0750
0.0710
0.0820
0.0690
0.0670
0.0620
0.0660
0.0610
0.0700
0.0670
0.0640
0.0680
0.0730
0.0620
0.0660
0.0710
0.0660
0.0600
0.0650
0.0590
0.0670
0.0680
0.0680
0.0720
0.0740
0.0660
0.0700
0.0760
0.0630
0.0850
0.1220
0.1120
0.0760
0.0740
0.0710
0.0680
0.0590
0.0620
0.0690
0.0660
0.0750
0.0640
0.0730
0.0760
0.2620
0.2320
0.0760
0.0770
0.0850
0.0650
0.1140
0.1010
0.0690
0.0910
0.0710
0.0880
0.0860
0.1220
0.0690
0.0710
0.0700
0.0910
0.0610
0.0750
0.0640
0.0650
0.0650
0.0690
0.0620
0.0660
0.0630
0.0690
0.0610
0.0710
0.0650
0.0760
0.0660
0.0760
0.0760
0.0760
0.0680
0.0710
0.0640
0.0870
0.0740
0.0860
0.0720
0.0730
0.0660
0.0720
0.0920
0.1750
0.1010
0.0810
0.0840
0.0670
0.0680
0.0590
0.0760
0.0690
0.0740
0.0680
0.0690
0.0680
0.0630
0.0740
0.0850
0.0800
0.0750
0.0770
0.0810
0.0620
0.0680
0.0640
0.0710
0.0800
0.0750
0.0780
0.0830
0.0700
0.0790
0.0750
0.1670
0.0870
0.0890
0.0640
0.0670
0.0740
0.0700
0.0680
0.0670
0.0750
0.0700
0.1210
0.1530
0.0760
0.0870
0.0680
0.0670
0.0800
0.0790
0.0840
0.0800
0.0660
0.0700
0.0820
0.0770
0.0800
0.1405
0.0660
0.0850
0.1480
0.1140
0.0880
0.0680
0.0880
0.0760
0.0750
0.0750
0.0880
0.0860
0.0860
0.0850
0.0610
0.0690
0.0780
0.0780
0.0770
0.0840
0.0840
0.0870
0.0750
0.0740
0.0680
0.0740
0.0950
0.1301
0.0700
0.0740
0.0680
0.1660
0.0820
0.0920
0.0690
0.0760
0.0910
0.0820
0.1000
0.0880
0.0720
0.0760
0.0820
0.0670
0.0820
0.0730
0.0960
0.0800
0.0710
0.0690
0.0840
0.0750
0.0770
0.0690
0.0830
0.0760
0.0770
0.0810
0.0730
0.0700
0.0750
0.2140
0.0820
0.0640
0.0960
0.5460
0.0870
0.1080
0.0870
0.0770
0.0820
0.0840
0.0910
0.0910
0.0850
0.1050
0.1250
0.0830
0.0910
0.0940
0.1000
0.1450
0.1770
0.1080
0.1190
0.0820
0.1260
0.0770
0.0820
0.0890
0.1200
0.0770
0.0790
0.0760
0.0960
0.0730
0.0870
0.0660
0.0760
0.0860
0.0770
0.0610
0.0730
0.1030
0.0870
0.1080
0.0790
0.0810
0.2940
0.1330
0.1510
0.0730
0.0630
0.0860
0.1460
0.1230
0.0770
0.1030
0.1800
0.2340
0.0900
0.1640
0.0930
0.0730
0.0960
0.0830
0.0800
0.0660
0.1410
0.1760
0.2300
0.1310
0.1040
0.0800
0.0770
0.0840
0.0650
0.0620
0.0650
0.0700
0.0780
0.1300
0.0720
0.0960
0.0830
0.0770
0.0630
0.0670
0.0830
0.0650
0.0630
0.0660
0.0740
0.0660
0.0870
0.0750
0.0740
0.1330
0.1980
0.0810
0.0680
0.0610
0.0640
0.0890
0.0640
0.0790
0.0680
0.0720
0.0730
0.0660
0.0550
0.0780
0.0550
0.0620
0.0800
0.0650
0.0830
0.0660
0.0610
0.0740
0.0610
0.0670
0.0770
0.0590
0.0640
0.0650
0.0620
0.0630
0.0750
0.1040
0.0930
0.0850
0.0750
0.0680
0.0790
0.0670
0.0570
0.0600
0.0620
0.0690
0.0710
0.0680
0.0820
0.0580
0.0720
0.0690
0.0690
0.0640
0.0660
0.0660
0.0590
0.0640
0.0630
0.0610
0.0720
0.0700
0.0720
0.0690
0.0820
0.0660
0.0750
0.0690
0.0910
0.0750
0.0810
0.0660
0.0570
0.0600
0.0700
0.0620
0.0640
0.0750
0.0720
0.0650
0.0680
0.0700
0.0630
0.1010
0.0730
0.0620
0.0580
0.0680
0.0720
0.0670
0.0580
0.0760
0.0640
0.0680
0.0660
0.0770
0.1060
0.0740
0.0590
0.0650
0.0610
0.0880
0.0820
0.2230
0.0740
0.0810
0.0620
0.0650
0.0630
0.0650
0.0620
0.0680
0.0650
0.0870
0.0690
0.0720
0.0750
0.0750
0.0700
0.0790
0.0690
0.0680
0.0660
0.0550
0.0640
0.0570
0.0630
0.0800
0.0760
0.0760
0.0790
0.0760
0.0830
0.0860
0.1600
0.1200
0.0830
0.0650
0.0880
0.0671
0.0661
0.0670
0.0850
0.0800
0.0670
0.0700
0.0770
0.0850
0.0740
0.0590
0.0660
0.0730
0.0650
0.0690
0.0660
0.0680
0.0920
0.2350
0.4180
0.0920
0.0810
0.0860
0.0790
0.0880