1
208.0539,137.7283,97.0000,53.0000
204.7853,139.1868,101.0000,52.0000
204.1828,139.2801,102.0000,52.0000
201.7260,140.4483,105.0000,51.0000
198.4770,141.5552,108.0000,51.0000
196.4556,141.9084,109.0000,52.0000
195.1758,142.8598,109.0000,52.0000
192.6233,143.5131,110.0000,52.0000
188.6762,143.3747,113.0000,53.0000
185.0847,143.8742,114.0000,53.0000
181.6552,144.1525,117.0000,54.0000
179.6655,144.4300,117.0000,54.0000
179.6929,145.4429,115.0000,54.0000
177.7618,146.0068,115.0000,54.0000
175.6933,146.1952,116.0000,54.0000
173.8794,147.2080,117.0000,54.0000
174.1364,147.2342,115.0000,55.0000
174.7158,147.6635,115.0000,56.0000
175.2884,148.9809,113.0000,55.0000
173.9439,149.5623,114.0000,55.0000
172.8459,152.2223,114.0000,57.0000
171.8255,154.4945,112.0000,57.0000
169.9454,155.5122,113.0000,57.0000
167.8785,155.8630,113.0000,57.0000
168.0870,157.3605,111.0000,56.0000
167.5505,157.9945,111.0000,56.0000
165.9455,158.7866,111.0000,56.0000
166.1713,159.4895,109.0000,56.0000
164.7228,160.0594,109.0000,57.0000
163.3034,160.2707,107.0000,57.0000
161.6005,160.6441,105.0000,57.0000
161.7963,161.0027,101.0000,57.0000
160.5392,161.9403,99.0000,57.0000
162.0052,163.3092,95.0000,57.0000
165.1075,164.9188,92.0000,56.0000
166.4612,166.0865,90.0000,56.0000
166.1568,167.1591,90.0000,56.0000
165.6112,168.3041,92.0000,56.0000
165.9393,167.5624,90.0000,56.0000
166.6058,167.2514,90.0000,56.0000
166.7672,166.6140,90.0000,56.0000
165.1792,165.3659,92.0000,56.0000
163.0875,164.3197,94.0000,56.0000
164.0505,163.3369,91.0000,57.0000
166.4427,162.7819,85.0000,57.0000
168.2314,164.0629,82.0000,57.0000
170.0974,164.7891,79.0000,57.0000
170.2466,165.0072,79.0000,57.0000
169.2067,165.6736,80.0000,56.0000
169.0072,165.5715,81.0000,57.0000
168.4319,165.6633,82.0000,57.0000
167.7971,165.4789,82.0000,57.0000
169.6270,165.9461,78.0000,57.0000
169.5479,165.4535,79.0000,57.0000
169.6779,165.7418,79.0000,57.0000
168.8680,165.7854,80.0000,56.0000
170.3060,165.7193,78.0000,56.0000
172.9763,165.7544,76.0000,56.0000
172.6527,164.8035,79.0000,58.0000
172.8836,164.6414,81.0000,58.0000
171.9801,164.9668,86.0000,57.0000
173.9852,166.4078,80.0000,56.0000
176.3082,166.4005,76.0000,56.0000
176.6004,167.3539,76.0000,56.0000
176.0556,168.0351,76.0000,54.0000
176.2225,169.2312,74.0000,53.0000
177.5730,167.7822,71.0000,54.0000
177.8605,167.5759,71.0000,54.0000
176.9876,167.9912,72.0000,54.0000
179.4659,168.2808,68.0000,53.0000
178.5846,168.0818,66.0000,53.0000
176.0559,167.6969,66.0000,52.0000
174.3945,167.3864,67.0000,53.0000
174.3379,167.2809,65.0000,53.0000
174.9630,167.6746,63.0000,53.0000
174.5199,168.0648,63.0000,53.0000
172.3006,169.8572,63.0000,51.0000
170.7361,170.7702,63.0000,52.0000
169.0311,170.2711,61.0000,52.0000
166.9191,170.7540,60.0000,52.0000
166.0964,169.7805,58.0000,52.0000
164.8940,168.8800,56.0000,52.0000
165.3592,169.3571,54.0000,52.0000
165.6189,169.9011,52.0000,52.0000
167.3735,169.4161,47.0000,52.0000
165.0269,168.4955,49.0000,52.0000
165.1629,168.3601,45.0000,52.0000
162.8134,168.7932,47.0000,52.0000
161.1172,168.6891,47.0000,53.0000
160.5340,169.9288,47.0000,52.0000
159.9090,171.6933,47.0000,50.0000
160.8361,172.0240,44.0000,50.0000
159.8634,174.8101,44.0000,50.0000
159.9532,175.0633,40.0000,50.0000
161.1811,176.3115,38.0000,48.0000
162.3219,176.2641,35.0000,48.0000
162.3582,176.0919,35.0000,48.0000
163.4252,174.9653,32.0000,50.0000
164.7563,173.1539,31.0000,53.0000
165.1272,171.4535,30.0000,55.0000
166.5333,170.5710,28.0000,56.0000
169.0832,169.1152,28.0000,58.0000
171.0600,170.4514,28.0000,56.0000
174.5311,173.3702,26.0000,54.0000
175.6135,175.1121,27.0000,52.0000
176.5218,172.2487,28.0000,55.0000
177.9008,172.1081,26.0000,55.0000
180.4087,173.0293,23.0000,55.0000
180.4118,171.2222,22.0000,57.0000
180.7583,170.4751,19.0000,60.0000
181.4550,169.4207,16.0000,59.0000
181.5338,167.2991,14.0000,60.0000
181.8333,166.4230,12.0000,61.0000
181.6679,167.4441,11.0000,58.0000
181.3377,167.6498,12.0000,58.0000
180.8815,168.2714,12.0000,58.0000
181.5237,168.5894,12.0000,57.0000
181.4434,165.8932,12.0000,63.0000
182.4315,167.1244,11.0000,61.0000
182.5292,166.8024,12.0000,61.0000
181.9236,167.3950,15.0000,61.0000
181.2618,169.1432,17.0000,61.0000
180.8913,167.1248,18.0000,65.0000
180.2868,168.1463,19.0000,66.0000
180.9187,171.5851,18.0000,63.0000
177.7642,165.9629,26.0000,78.0000
177.0214,157.7850,25.0000,93.0000
177.0214,157.7850,25.0000,93.0000
177.0214,157.7850,25.0000,93.0000
177.0214,157.7850,25.0000,93.0000
177.0214,157.7850,25.0000,93.0000
177.0214,157.7850,25.0000,93.0000
177.0214,157.7850,25.0000,93.0000
177.0214,157.7850,25.0000,93.0000
185.7714,151.9635,20.0000,98.0000
186.4050,151.9319,20.0000,101.0000
189.9819,162.5677,14.0000,79.0000
190.8563,165.1871,15.0000,67.0000
191.8598,170.5294,16.0000,54.0000
191.7576,170.9554,18.0000,54.0000
190.9002,171.8398,21.0000,56.0000
190.7152,173.5263,24.0000,55.0000
191.8340,172.8626,25.0000,53.0000
192.4104,172.2552,28.0000,53.0000
194.9193,172.1602,28.0000,52.0000
195.1846,171.4727,33.0000,52.0000
195.5185,170.4934,34.0000,52.0000
195.5472,169.7341,36.0000,52.0000
194.2449,169.0869,38.0000,52.0000
194.0972,168.0878,39.0000,51.0000
193.0579,169.8350,40.0000,48.0000
191.8074,169.6810,42.0000,48.0000
190.9859,171.3231,42.0000,48.0000
189.8438,172.7842,44.0000,48.0000
186.6113,173.1712,48.0000,48.0000
183.2285,173.0503,53.0000,48.0000
179.8534,172.2532,56.0000,48.0000
177.7207,171.5587,58.0000,48.0000
176.3510,171.2539,59.0000,48.0000
175.6849,172.4922,60.0000,46.0000
175.5228,172.7936,62.0000,46.0000
174.0618,173.4504,64.0000,45.0000
174.4384,173.8901,67.0000,44.0000
174.9495,173.7494,67.0000,44.0000
175.1021,174.4032,69.0000,43.0000
176.2448,174.8187,71.0000,43.0000
178.0935,176.1343,72.0000,40.0000
179.4912,176.0833,73.0000,40.0000
181.2825,177.2697,74.0000,38.0000
184.0420,176.7870,72.0000,38.0000
184.7491,178.8251,73.0000,38.0000
187.2798,180.7070,71.0000,38.0000
187.0032,182.3284,73.0000,38.0000
187.9520,183.9727,73.0000,38.0000
188.1003,185.5129,74.0000,38.0000
187.8375,187.5522,74.0000,37.0000
186.0181,188.8140,77.0000,38.0000
184.6830,189.8985,79.0000,39.0000
184.3508,191.7725,80.0000,39.0000
184.0789,192.7778,81.0000,40.0000
183.8036,194.5117,82.0000,41.0000
184.6736,196.1566,80.0000,40.0000
184.1989,197.1329,81.0000,39.0000
183.2768,199.0958,83.0000,37.0000
183.3075,199.2316,84.0000,37.0000
184.8338,199.7738,84.0000,37.0000
186.1291,199.5612,85.0000,37.0000
187.3112,199.2202,85.0000,37.0000
189.3126,199.1245,85.0000,36.0000
191.2463,198.6797,85.0000,37.0000
194.4538,198.6719,85.0000,37.0000
197.7044,199.6271,85.0000,36.0000
201.4358,200.3526,83.0000,35.0000
204.9092,201.2715,84.0000,34.0000
204.9092,201.2715,84.0000,34.0000
204.9092,201.2715,84.0000,34.0000
204.9092,201.2715,84.0000,34.0000
204.9092,201.2715,84.0000,34.0000
204.9092,201.2715,84.0000,34.0000
204.9092,201.2715,84.0000,34.0000
204.9092,201.2715,84.0000,34.0000
204.9092,201.2715,84.0000,34.0000
204.9092,201.2715,84.0000,34.0000
204.9092,201.2715,84.0000,34.0000
204.9092,201.2715,84.0000,34.0000
204.9092,201.2715,84.0000,34.0000
204.9092,201.2715,84.0000,34.0000
204.9092,201.2715,84.0000,34.0000
204.9092,201.2715,84.0000,34.0000
204.9092,201.2715,84.0000,34.0000
204.9092,201.2715,84.0000,34.0000
204.9092,201.2715,84.0000,34.0000
159.4522,216.3086,75.0000,36.0000
163.5425,212.8538,75.0000,39.0000
164.4629,213.6195,76.0000,38.0000
167.3370,212.4412,77.0000,38.0000
172.9184,212.4427,77.0000,38.0000
173.3163,212.9544,78.0000,39.0000
176.3935,213.3770,76.0000,39.0000
176.5831,213.7639,76.0000,39.0000
177.6728,213.9063,76.0000,39.0000
179.3697,213.7504,74.0000,39.0000
179.0266,214.3968,76.0000,38.0000
179.1717,215.1431,74.0000,38.0000
179.9872,214.3927,71.0000,38.0000
179.0831,214.4662,69.0000,37.0000
177.1558,214.4367,66.0000,37.0000
178.4989,215.1656,64.0000,37.0000
178.5247,215.0639,65.0000,37.0000
179.6247,215.1961,63.0000,36.0000
178.6025,214.6418,63.0000,37.0000
177.9402,214.8309,63.0000,36.0000
179.1897,214.9129,58.0000,35.0000
179.3071,213.8950,56.0000,36.0000
180.8774,214.0131,52.0000,36.0000
181.9898,213.9816,49.0000,36.0000
182.4503,213.5180,49.0000,36.0000
183.4975,212.6304,47.0000,36.0000
183.2555,212.5952,47.0000,36.0000
184.2806,213.0720,45.0000,36.0000
184.6151,213.6345,43.0000,36.0000
185.8486,213.3941,40.0000,36.0000
186.3471,212.9054,38.0000,37.0000
188.6306,212.5432,35.0000,37.0000
190.0616,212.1494,32.0000,37.0000
191.3184,211.6351,30.0000,37.0000
194.2481,212.0719,28.0000,37.0000
198.4874,211.5346,25.0000,37.0000
201.8090,211.1278,25.0000,37.0000
208.6451,210.7011,20.0000,36.0000
208.6451,210.7011,20.0000,36.0000
208.6451,210.7011,20.0000,36.0000
208.6451,210.7011,20.0000,36.0000
208.6451,210.7011,20.0000,36.0000
208.6451,210.7011,20.0000,36.0000
208.6451,210.7011,20.0000,36.0000
208.6451,210.7011,20.0000,36.0000
208.6451,210.7011,20.0000,36.0000
208.6451,210.7011,20.0000,36.0000
208.6451,210.7011,20.0000,36.0000
208.6451,210.7011,20.0000,36.0000
208.6451,210.7011,20.0000,36.0000
208.6451,210.7011,20.0000,36.0000
208.6451,210.7011,20.0000,36.0000
208.6451,210.7011,20.0000,36.0000
208.6451,210.7011,20.0000,36.0000
215.4951,223.3811,28.0000,20.0000
209.9381,221.7399,41.0000,21.0000
205.7906,217.1678,54.0000,27.0000
205.7906,217.1678,54.0000,27.0000
205.7906,217.1678,54.0000,27.0000
205.7906,217.1678,54.0000,27.0000
202.2438,210.5585,67.0000,36.0000
202.2438,210.5585,67.0000,36.0000
202.2438,210.5585,67.0000,36.0000
202.2438,210.5585,67.0000,36.0000
205.6511,207.1871,72.0000,36.0000
205.5958,206.2284,72.0000,37.0000
204.9862,205.7946,72.0000,38.0000
206.1915,205.5930,72.0000,37.0000
203.7954,204.8435,75.0000,38.0000
201.7203,204.6903,77.0000,38.0000
200.4791,204.3228,80.0000,38.0000
198.5526,204.4120,83.0000,38.0000
198.1797,203.7609,84.0000,39.0000
196.6781,203.4923,85.0000,40.0000
198.0796,203.2560,87.0000,40.0000
201.3078,202.9599,87.0000,39.0000
203.5430,202.9546,85.0000,40.0000
204.8057,202.4089,85.0000,41.0000
205.7268,200.8909,86.0000,42.0000
206.6258,199.9795,86.0000,42.0000
207.3778,199.8384,86.0000,42.0000
211.1481,199.9543,83.0000,43.0000
212.8783,200.0692,84.0000,43.0000
214.8941,199.7299,84.0000,42.0000
217.4878,199.2914,85.0000,42.0000
219.4261,198.3521,86.0000,42.0000
221.2042,198.0236,86.0000,42.0000
221.7064,197.4094,86.0000,42.0000
222.5533,195.9942,86.0000,42.0000
222.6350,195.4600,86.0000,42.0000
225.3230,194.2762,84.0000,43.0000
225.1991,193.2466,87.0000,43.0000
226.6417,192.8932,87.0000,43.0000
228.4732,192.0557,87.0000,43.0000
230.3435,191.9172,85.0000,42.0000
231.2080,191.2811,87.0000,42.0000
232.9327,191.1765,87.0000,42.0000
234.1302,191.8757,88.0000,42.0000
235.7389,192.3369,88.0000,42.0000
237.5259,193.1817,85.0000,42.0000
236.6281,193.4558,90.0000,43.0000
237.5609,194.0052,88.0000,43.0000
238.0084,194.4355,90.0000,43.0000
238.2738,194.2417,91.0000,44.0000
239.0267,194.2070,92.0000,44.0000
240.1041,194.2540,92.0000,44.0000
239.5571,194.0114,94.0000,44.0000
240.9942,193.4288,95.0000,45.0000
242.8000,193.5209,93.0000,45.0000
245.8909,193.7454,94.0000,45.0000
249.0320,193.8900,94.0000,46.0000
253.6473,194.7201,94.0000,46.0000
257.9529,195.3215,94.0000,46.0000
261.9385,196.2007,92.0000,46.0000
263.5747,196.5946,93.0000,46.0000
264.5581,197.0771,94.0000,46.0000
266.4128,197.3732,95.0000,46.0000
268.3272,198.0635,95.0000,46.0000
268.9140,197.5762,97.0000,46.0000
268.7740,197.2345,100.0000,46.0000
269.4255,197.1832,101.0000,45.0000
270.8472,196.4794,101.0000,45.0000
270.5616,194.1927,99.0000,45.0000
266.8808,191.7059,102.0000,45.0000
272.4388,190.1213,102.0000,45.0000
275.3181,189.5385,103.0000,45.0000
275.3320,188.2725,103.0000,44.0000
276.9539,186.6929,103.0000,43.0000
279.4448,184.8711,101.0000,43.0000
280.6175,184.0356,101.0000,43.0000
281.2961,184.1661,101.0000,43.0000
281.9455,184.1741,102.0000,43.0000
283.3446,182.6017,102.0000,44.0000
285.0900,181.3002,100.0000,44.0000
286.3446,180.2951,98.0000,44.0000
287.7752,179.8105,98.0000,44.0000
287.9748,178.7725,96.0000,44.0000
284.4229,178.6682,96.0000,45.0000
289.5873,178.6872,94.0000,45.0000
292.6013,179.6409,98.0000,45.0000
297.0306,179.4636,96.0000,45.0000
296.8876,178.8530,97.0000,45.0000
298.2677,178.1488,100.0000,45.0000
300.8973,177.5341,96.0000,46.0000
304.4111,177.6352,96.0000,46.0000
305.3210,177.0159,96.0000,46.0000
305.0487,176.9251,97.0000,47.0000
306.2632,176.3229,98.0000,49.0000
307.1245,175.5860,98.0000,49.0000
307.3320,175.7201,99.0000,49.0000
307.5012,174.9077,100.0000,49.0000
310.6829,174.5086,95.0000,49.0000
312.4066,173.8047,95.0000,49.0000
311.7515,173.1680,95.0000,50.0000
311.6073,173.2200,96.0000,50.0000
307.3560,172.9212,102.0000,50.0000
308.9039,173.2716,98.0000,49.0000
308.3446,173.8517,102.0000,48.0000
309.2870,173.2137,103.0000,48.0000
309.1946,173.6081,103.0000,47.0000
308.7941,172.7173,103.0000,49.0000
306.9256,172.0850,106.0000,49.0000
306.7716,172.0578,106.0000,49.0000
307.0564,171.3013,104.0000,50.0000
308.0369,170.2654,102.0000,51.0000
307.2362,169.9990,105.0000,51.0000
307.9472,169.8849,103.0000,51.0000
309.8002,169.7439,101.0000,51.0000
310.6311,169.1555,99.0000,51.0000
307.1558,169.2736,105.0000,51.0000
306.4190,169.8833,105.0000,51.0000
306.2454,170.8967,106.0000,50.0000
305.7293,170.5077,107.0000,52.0000
307.0494,171.2111,108.0000,52.0000
307.6274,172.5122,109.0000,51.0000
309.0702,172.7904,109.0000,51.0000
311.2335,173.0100,107.0000,52.0000
312.4504,173.6330,107.0000,52.0000
313.0761,173.8561,107.0000,53.0000
313.8043,174.3735,107.0000,53.0000
314.9604,174.6489,108.0000,54.0000
316.7954,175.2302,106.0000,54.0000
318.2654,175.8967,107.0000,54.0000
319.0634,176.5237,108.0000,54.0000
320.3454,176.8690,111.0000,54.0000
322.4591,176.7782,111.0000,55.0000
324.2059,177.1178,111.0000,55.0000
325.1180,176.8713,114.0000,55.0000
328.9463,176.5549,115.0000,56.0000
331.7707,176.9628,115.0000,55.0000
334.5613,177.6000,115.0000,54.0000
338.8681,177.4524,113.0000,54.0000
342.1469,177.8217,116.0000,54.0000
346.5373,177.8260,114.0000,54.0000
351.6985,177.9968,112.0000,54.0000
355.1073,177.7955,110.0000,54.0000
358.8136,177.5745,110.0000,54.0000
361.8472,177.6312,108.0000,54.0000
365.2700,177.6531,106.0000,54.0000
368.3180,177.8692,104.0000,53.0000
369.2171,178.0478,104.0000,52.0000
369.9272,177.3475,104.0000,53.0000
371.4942,177.3762,100.0000,52.0000
369.5709,177.2446,103.0000,52.0000
368.1461,176.8049,103.0000,52.0000
367.6536,176.0531,104.0000,52.0000
366.5738,175.5993,104.0000,53.0000
366.3977,174.7964,104.0000,54.0000
368.0575,174.0623,100.0000,54.0000
367.8632,174.5502,98.0000,54.0000
368.1120,173.8117,96.0000,54.0000
367.3482,172.9239,96.0000,55.0000
369.4483,172.6074,91.0000,55.0000
370.3348,173.0383,89.0000,55.0000
368.7169,171.9967,89.0000,56.0000
368.0868,172.5109,89.0000,55.0000
368.5212,171.7889,89.0000,55.0000
367.8050,171.7934,89.0000,55.0000
367.2671,171.1942,91.0000,56.0000
370.2152,170.5427,88.0000,56.0000
372.7119,170.8347,85.0000,56.0000
375.0664,170.0616,82.0000,57.0000
378.3609,169.9917,80.0000,57.0000
380.9885,169.7321,81.0000,57.0000
382.7455,168.6813,82.0000,58.0000
386.8804,167.4842,79.0000,58.0000
389.4496,166.4402,79.0000,59.0000
391.7445,166.3446,79.0000,59.0000
394.9553,166.5770,77.0000,58.0000
398.5173,166.2066,75.0000,58.0000
399.9741,166.4776,75.0000,58.0000
404.1469,165.7671,73.0000,58.0000
403.0346,165.7904,74.0000,58.0000
406.0109,165.7405,71.0000,56.0000
405.3064,166.5844,71.0000,55.0000
404.7577,166.5719,69.0000,55.0000
403.9349,166.8797,70.0000,55.0000
403.9128,166.7368,67.0000,55.0000
404.9552,166.9106,65.0000,54.0000
405.8696,167.4087,62.0000,53.0000
406.3993,167.5032,60.0000,53.0000
407.0347,168.3102,57.0000,52.0000
408.5545,167.5992,54.0000,52.0000
409.8004,166.1137,52.0000,54.0000
410.1592,165.7554,49.0000,54.0000
408.9853,165.2687,51.0000,55.0000
406.2616,165.6173,54.0000,54.0000
403.6222,165.9059,55.0000,53.0000
402.8071,164.8723,55.0000,53.0000
402.1640,165.0029,55.0000,53.0000
400.9292,165.9305,56.0000,53.0000
400.5098,166.7993,56.0000,53.0000
401.7155,166.6733,51.0000,54.0000
404.1451,166.8989,45.0000,56.0000
404.7872,166.2670,41.0000,57.0000
406.5929,165.8533,35.0000,57.0000
409.6731,166.2092,27.0000,57.0000
409.2038,165.1376,26.0000,59.0000
407.9524,164.0797,26.0000,59.0000
406.7944,163.9306,26.0000,58.0000
406.3353,163.4579,25.0000,59.0000
406.0205,163.5445,25.0000,59.0000
404.4112,163.1445,25.0000,59.0000
404.4182,163.7246,26.0000,59.0000
403.2149,164.0255,27.0000,59.0000
403.5059,163.1539,27.0000,61.0000
404.0396,162.0448,27.0000,61.0000
403.5778,163.2729,27.0000,59.0000
403.0665,162.7032,27.0000,59.0000
403.5634,162.7762,27.0000,59.0000
402.5721,162.6730,28.0000,58.0000
403.1402,163.9349,28.0000,56.0000
403.1426,164.1755,28.0000,55.0000
403.4374,164.6770,28.0000,54.0000
402.9285,164.3791,29.0000,54.0000
403.6556,164.9794,29.0000,54.0000
403.6947,164.2923,29.0000,55.0000
404.1922,164.7146,29.0000,55.0000
403.3733,165.5987,31.0000,54.0000
401.3746,165.7660,36.0000,54.0000
400.5409,165.9181,38.0000,56.0000
400.0026,167.1557,40.0000,56.0000
397.9282,167.9988,44.0000,56.0000
397.4624,168.0816,46.0000,56.0000
396.1279,167.9303,48.0000,57.0000
396.0721,167.9679,48.0000,57.0000
393.8031,166.9788,49.0000,59.0000
393.9894,165.7221,45.0000,60.0000
394.9514,164.7245,41.0000,61.0000
396.6350,164.5634,38.0000,62.0000
398.2681,164.0888,33.0000,63.0000
399.9219,163.5442,32.0000,63.0000
399.4615,163.4715,32.0000,64.0000
399.6156,163.2764,32.0000,63.0000
399.4636,164.6848,32.0000,61.0000
399.9072,163.3675,32.0000,61.0000
399.7173,162.1607,33.0000,62.0000
399.3850,162.3997,36.0000,62.0000
398.3815,163.8931,39.0000,57.0000
395.8381,163.1212,43.0000,57.0000
393.2801,164.0873,47.0000,57.0000
392.3614,161.8715,48.0000,57.0000
391.3509,160.5789,48.0000,57.0000
391.7788,157.1503,48.0000,58.0000
393.0029,156.0699,46.0000,60.0000
393.0516,154.3313,47.0000,63.0000