1
528.8099,233.3696,41.9401,15.4357
528.8099,233.3696,41.9401,15.4357
528.8099,233.3696,41.9401,15.4357
2
0
0
0
0
1
553.8502,275.7292,40.0796,17.9566
553.8502,275.7292,40.0796,17.9566
553.8502,275.7292,40.0796,17.9566
553.8502,275.7292,40.0796,17.9566
553.8502,275.7292,40.0796,17.9566
553.8502,275.7292,40.0796,17.9566
2
0
0
0
0
1
550.1833,324.6990,58.7334,14.2120
550.1833,324.6990,58.7334,14.2120
550.1833,324.6990,58.7334,14.2120
550.1833,324.6990,58.7334,14.2120
2
0
0
0
0
1
558.8696,364.4347,59.1258,14.4705
558.8696,364.4347,59.1258,14.4705
558.8696,364.4347,59.1258,14.4705
558.8696,364.4347,59.1258,14.4705
558.8696,364.4347,59.1258,14.4705
558.8696,364.4347,59.1258,14.4705
558.8696,364.4347,59.1258,14.4705
558.8696,364.4347,59.1258,14.4705
558.8696,364.4347,59.1258,14.4705
558.8696,364.4347,59.1258,14.4705
558.8696,364.4347,59.1258,14.4705
558.8696,364.4347,59.1258,14.4705
558.8696,364.4347,59.1258,14.4705
2
0
0
0
0
1
529.5359,305.2397,71.7482,26.3307
529.5359,305.2397,71.7482,26.3307
529.5359,305.2397,71.7482,26.3307
529.5359,305.2397,71.7482,26.3307
529.5359,305.2397,71.7482,26.3307
529.5359,305.2397,71.7482,26.3307
529.5359,305.2397,71.7482,26.3307
529.5359,305.2397,71.7482,26.3307
529.5359,305.2397,71.7482,26.3307
529.5359,305.2397,71.7482,26.3307
529.5359,305.2397,71.7482,26.3307
529.5359,305.2397,71.7482,26.3307
2
0
0
0
0
1
547.8810,363.9677,31.0481,16.9746
547.8810,363.9677,31.0481,16.9746
547.8810,363.9677,31.0481,16.9746
547.8810,363.9677,31.0481,16.9746
547.8810,363.9677,31.0481,16.9746
547.8810,363.9677,31.0481,16.9746
547.8810,363.9677,31.0481,16.9746
547.8810,363.9677,31.0481,16.9746
547.8810,363.9677,31.0481,16.9746
547.8810,363.9677,31.0481,16.9746
547.8810,363.9677,31.0481,16.9746
2
0
0
0
0
1
555.1586,348.3875,63.1429,13.0950
555.1586,348.3875,63.1429,13.0950
555.1586,348.3875,63.1429,13.0950
555.1586,348.3875,63.1429,13.0950
555.1586,348.3875,63.1429,13.0950
555.1586,348.3875,63.1429,13.0950
555.1586,348.3875,63.1429,13.0950
555.1586,348.3875,63.1429,13.0950
2
0
0
0
0
1
600.7317,394.4429,40.6666,15.8741
600.7317,394.4429,40.6666,15.8741
600.7317,394.4429,40.6666,15.8741
600.7317,394.4429,40.6666,15.8741
600.7317,394.4429,40.6666,15.8741
600.7317,394.4429,40.6666,15.8741
600.7317,394.4429,40.6666,15.8741
600.7317,394.4429,40.6666,15.8741
600.7317,394.4429,40.6666,15.8741
2
0
0
0
0
1
619.1517,344.3178,47.2615,26.9644
619.1517,344.3178,47.2615,26.9644
619.1517,344.3178,47.2615,26.9644
619.1517,344.3178,47.2615,26.9644
2
0
0
0
0
1
605.9538,283.5433,59.4425,29.1134
605.9538,283.5433,59.4425,29.1134
605.9538,283.5433,59.4425,29.1134
605.9538,283.5433,59.4425,29.1134
605.9538,283.5433,59.4425,29.1134
605.9538,283.5433,59.4425,29.1134
605.9538,283.5433,59.4425,29.1134
605.9538,283.5433,59.4425,29.1134
605.9538,283.5433,59.4425,29.1134
605.9538,283.5433,59.4425,29.1134
605.9538,283.5433,59.4425,29.1134
605.9538,283.5433,59.4425,29.1134
2
0
0
0
0
1
592.3762,261.6547,46.4375,28.8106
592.3762,261.6547,46.4375,28.8106
592.3762,261.6547,46.4375,28.8106
592.3762,261.6547,46.4375,28.8106
592.3762,261.6547,46.4375,28.8106
592.3762,261.6547,46.4375,28.8106
592.3762,261.6547,46.4375,28.8106
592.3762,261.6547,46.4375,28.8106
592.3762,261.6547,46.4375,28.8106
592.3762,261.6547,46.4375,28.8106
592.3762,261.6547,46.4375,28.8106
592.3762,261.6547,46.4375,28.8106
2
0
0
0
0
1
605.8807,341.1821,46.3136,21.1959
605.8807,341.1821,46.3136,21.1959
2
0
0
0
0
1
611.4081,368.5053,72.1838,47.9893
611.4081,368.5053,72.1838,47.9893
611.4081,368.5053,72.1838,47.9893
611.4081,368.5053,72.1838,47.9893
611.4081,368.5053,72.1838,47.9893
611.4081,368.5053,72.1838,47.9893
611.4081,368.5053,72.1838,47.9893
611.4081,368.5053,72.1838,47.9893
611.4081,368.5053,72.1838,47.9893
611.4081,368.5053,72.1838,47.9893
611.4081,368.5053,72.1838,47.9893
611.4081,368.5053,72.1838,47.9893
611.4081,368.5053,72.1838,47.9893
611.4081,368.5053,72.1838,47.9893
611.4081,368.5053,72.1838,47.9893
611.4081,368.5053,72.1838,47.9893
611.4081,368.5053,72.1838,47.9893
611.4081,368.5053,72.1838,47.9893
611.4081,368.5053,72.1838,47.9893
611.4081,368.5053,72.1838,47.9893
2
0
0
0
0
1
585.9554,301.9242,67.5792,39.4716
585.9554,301.9242,67.5792,39.4716
585.9554,301.9242,67.5792,39.4716
585.9554,301.9242,67.5792,39.4716
585.9554,301.9242,67.5792,39.4716
585.9554,301.9242,67.5792,39.4716
585.9554,301.9242,67.5792,39.4716
585.9554,301.9242,67.5792,39.4716
585.9554,301.9242,67.5792,39.4716
585.9554,301.9242,67.5792,39.4716
585.9554,301.9242,67.5792,39.4716
585.9554,301.9242,67.5792,39.4716
585.9554,301.9242,67.5792,39.4716
585.9554,301.9242,67.5792,39.4716
585.9554,301.9242,67.5792,39.4716
585.9554,301.9242,67.5792,39.4716
585.9554,301.9242,67.5792,39.4716
585.9554,301.9242,67.5792,39.4716
585.9554,301.9242,67.5792,39.4716
585.9554,301.9242,67.5792,39.4716
585.9554,301.9242,67.5792,39.4716
585.9554,301.9242,67.5792,39.4716
585.9554,301.9242,67.5792,39.4716
585.9554,301.9242,67.5792,39.4716
585.9554,301.9242,67.5792,39.4716
2
0
0
0
0
1
612.0303,372.3216,61.8645,32.6567
612.0303,372.3216,61.8645,32.6567
612.0303,372.3216,61.8645,32.6567
612.0303,372.3216,61.8645,32.6567
612.0303,372.3216,61.8645,32.6567
612.0303,372.3216,61.8645,32.6567
612.0303,372.3216,61.8645,32.6567
612.0303,372.3216,61.8645,32.6567
612.0303,372.3216,61.8645,32.6567
612.0303,372.3216,61.8645,32.6567
612.0303,372.3216,61.8645,32.6567
612.0303,372.3216,61.8645,32.6567
612.0303,372.3216,61.8645,32.6567
612.0303,372.3216,61.8645,32.6567
612.0303,372.3216,61.8645,32.6567
612.0303,372.3216,61.8645,32.6567
612.0303,372.3216,61.8645,32.6567
612.0303,372.3216,61.8645,32.6567
612.0303,372.3216,61.8645,32.6567
612.0303,372.3216,61.8645,32.6567
612.0303,372.3216,61.8645,32.6567
2
0
0
0
0
1
618.8031,310.0798,40.3038,31.8404
618.8031,310.0798,40.3038,31.8404
618.8031,310.0798,40.3038,31.8404
618.8031,310.0798,40.3038,31.8404
618.8031,310.0798,40.3038,31.8404
618.8031,310.0798,40.3038,31.8404
618.8031,310.0798,40.3038,31.8404
618.8031,310.0798,40.3038,31.8404
618.8031,310.0798,40.3038,31.8404
618.8031,310.0798,40.3038,31.8404
618.8031,310.0798,40.3038,31.8404
2
0
0
0
0
1
607.5695,289.0013,31.8060,19.1425
607.5695,289.0013,31.8060,19.1425
607.5695,289.0013,31.8060,19.1425
2
0
0
0
0
1
606.1225,342.3485,56.8850,27.1229
606.1225,342.3485,56.8850,27.1229
606.1225,342.3485,56.8850,27.1229
2
0
0
0
0
1
614.0723,399.0033,52.5004,18.6734
614.0723,399.0033,52.5004,18.6734
614.0723,399.0033,52.5004,18.6734
614.0723,399.0033,52.5004,18.6734
614.0723,399.0033,52.5004,18.6734
614.0723,399.0033,52.5004,18.6734
614.0723,399.0033,52.5004,18.6734
2
0
0
0
0
1
636.3927,418.5670,46.8696,28.4710
636.3927,418.5670,46.8696,28.4710
636.3927,418.5670,46.8696,28.4710
636.3927,418.5670,46.8696,28.4710
636.3927,418.5670,46.8696,28.4710
636.3927,418.5670,46.8696,28.4710
636.3927,418.5670,46.8696,28.4710
636.3927,418.5670,46.8696,28.4710
636.3927,418.5670,46.8696,28.4710
636.3927,418.5670,46.8696,28.4710
636.3927,418.5670,46.8696,28.4710
636.3927,418.5670,46.8696,28.4710
636.3927,418.5670,46.8696,28.4710
636.3927,418.5670,46.8696,28.4710
636.3927,418.5670,46.8696,28.4710
2
0
0
0
0
1
527.0511,362.1013,43.9378,51.0475
527.0511,362.1013,43.9378,51.0475
2
0
0
0
0
1
327.6982,369.5689,47.0535,32.1723
2
0
0
0
0
1
115.7729,330.7723,50.9742,29.7453
2