1
587.2712,302.2179,191.2176,209.9442
587.2712,302.2179,191.2176,209.9442
587.2712,302.2179,191.2176,209.9442
587.2712,302.2179,191.2176,209.9442
587.2712,302.2179,191.2176,209.9442
587.2712,302.2179,191.2176,209.9442
587.2712,302.2179,191.2176,209.9442
587.2712,302.2179,191.2176,209.9442
587.2712,302.2179,191.2176,209.9442
587.2712,302.2179,191.2176,209.9442
587.2712,302.2179,191.2176,209.9442
587.2712,302.2179,191.2176,209.9442
587.2712,302.2179,191.2176,209.9442
587.2712,302.2179,191.2176,209.9442
587.2712,302.2179,191.2176,209.9442
587.2712,302.2179,191.2176,209.9442
587.2712,302.2179,191.2176,209.9442
587.2712,302.2179,191.2176,209.9442
587.2712,302.2179,191.2176,209.9442
587.2712,302.2179,191.2176,209.9442
587.2712,302.2179,191.2176,209.9442
587.2712,302.2179,191.2176,209.9442
587.2712,302.2179,191.2176,209.9442
587.2712,302.2179,191.2176,209.9442
587.2712,302.2179,191.2176,209.9442
587.2712,302.2179,191.2176,209.9442
587.2712,302.2179,191.2176,209.9442
587.2712,302.2179,191.2176,209.9442
587.2712,302.2179,191.2176,209.9442
587.2712,302.2179,191.2176,209.9442
587.2712,302.2179,191.2176,209.9442
587.2712,302.2179,191.2176,209.9442
587.2712,302.2179,191.2176,209.9442
587.2712,302.2179,191.2176,209.9442
587.2712,302.2179,191.2176,209.9442
587.2712,302.2179,191.2176,209.9442
587.2712,302.2179,191.2176,209.9442
587.2712,302.2179,191.2176,209.9442
587.2712,302.2179,191.2176,209.9442
587.2712,302.2179,191.2176,209.9442
587.2712,302.2179,191.2176,209.9442
587.2712,302.2179,191.2176,209.9442
587.2712,302.2179,191.2176,209.9442
587.2712,302.2179,191.2176,209.9442
587.2712,302.2179,191.2176,209.9442
587.2712,302.2179,191.2176,209.9442
587.2712,302.2179,191.2176,209.9442
587.2712,302.2179,191.2176,209.9442
587.2712,302.2179,191.2176,209.9442
587.2712,302.2179,191.2176,209.9442
587.2712,302.2179,191.2176,209.9442
587.2712,302.2179,191.2176,209.9442
587.2712,302.2179,191.2176,209.9442
587.2712,302.2179,191.2176,209.9442
587.2712,302.2179,191.2176,209.9442
587.2712,302.2179,191.2176,209.9442
587.2712,302.2179,191.2176,209.9442
2
0
0