1
332.5000,39.5000,41.0000,41.0000
332.5000,39.5000,41.0000,41.0000
332.5000,39.5000,41.0000,41.0000
332.5000,39.5000,41.0000,41.0000
332.5000,39.5000,41.0000,41.0000
332.5000,39.5000,41.0000,41.0000
332.5000,39.5000,41.0000,41.0000
332.5000,39.5000,41.0000,41.0000
332.5000,39.5000,41.0000,41.0000
332.5000,39.5000,41.0000,41.0000
332.5000,39.5000,41.0000,41.0000
332.5000,39.5000,41.0000,41.0000
332.5000,39.5000,41.0000,41.0000
332.5000,39.5000,41.0000,41.0000
332.5000,39.5000,41.0000,41.0000
332.5000,39.5000,41.0000,41.0000
332.5000,39.5000,41.0000,41.0000
332.5000,39.5000,41.0000,41.0000
332.5000,39.5000,41.0000,41.0000
332.5000,39.5000,41.0000,41.0000
332.5000,39.5000,41.0000,41.0000
332.5000,39.5000,41.0000,41.0000
332.5000,39.5000,41.0000,41.0000
332.5000,39.5000,41.0000,41.0000
332.5000,39.5000,41.0000,41.0000
332.5000,39.5000,41.0000,41.0000
332.5000,39.5000,41.0000,41.0000
332.5000,39.5000,41.0000,41.0000
332.5000,39.5000,41.0000,41.0000
332.5000,39.5000,41.0000,41.0000
332.5000,39.5000,41.0000,41.0000
332.5000,39.5000,41.0000,41.0000
2
0
0
0
0
1
398.4298,109.4341,38.8603,32.6017
398.4298,109.4341,38.8603,32.6017
398.4298,109.4341,38.8603,32.6017
398.4298,109.4341,38.8603,32.6017
398.4298,109.4341,38.8603,32.6017
398.4298,109.4341,38.8603,32.6017
2
0
0
0
0
1
295.7795,16.3596,48.9710,56.2109
295.7795,16.3596,48.9710,56.2109
295.7795,16.3596,48.9710,56.2109
295.7795,16.3596,48.9710,56.2109
295.7795,16.3596,48.9710,56.2109
295.7795,16.3596,48.9710,56.2109
295.7795,16.3596,48.9710,56.2109
295.7795,16.3596,48.9710,56.2109
295.7795,16.3596,48.9710,56.2109
295.7795,16.3596,48.9710,56.2109
295.7795,16.3596,48.9710,56.2109
295.7795,16.3596,48.9710,56.2109
295.7795,16.3596,48.9710,56.2109
295.7795,16.3596,48.9710,56.2109
295.7795,16.3596,48.9710,56.2109
295.7795,16.3596,48.9710,56.2109
295.7795,16.3596,48.9710,56.2109
295.7795,16.3596,48.9710,56.2109
295.7795,16.3596,48.9710,56.2109
295.7795,16.3596,48.9710,56.2109
295.7795,16.3596,48.9710,56.2109
295.7795,16.3596,48.9710,56.2109
295.7795,16.3596,48.9710,56.2109
295.7795,16.3596,48.9710,56.2109
295.7795,16.3596,48.9710,56.2109
295.7795,16.3596,48.9710,56.2109
2
0
0
0
0
1
310.4619,167.8777,76.4061,84.2446
310.4619,167.8777,76.4061,84.2446
310.4619,167.8777,76.4061,84.2446
310.4619,167.8777,76.4061,84.2446
310.4619,167.8777,76.4061,84.2446
2
0
0
0
0
1
138.1720,1.0516,99.6660,126.4567
138.1720,1.0516,99.6660,126.4567
138.1720,1.0516,99.6660,126.4567
138.1720,1.0516,99.6660,126.4567
138.1720,1.0516,99.6660,126.4567
138.1720,1.0516,99.6660,126.4567