174.3586
0.0740
0.0600
0.0490
0.0420
0.0520
0.0490
0.0490
0.0480
0.0500
0.0430
0.0440
0.0610
0.0490
0.0450
0.0480
0.0450
0.0450
0.0440
0.0440
0.0510
0.0600
0.0810
0.0660
0.0550
0.0510
0.0500
0.0500
0.0520
0.0540
0.0500
0.0540
0.0460
0.0470
0.0440
0.0620
0.0560
0.0500
0.0490
0.0530
0.0560
0.0570
0.0590
0.0570
0.0520
0.0500
0.0570
0.0560
0.0690
0.0580
0.0540
0.0580
0.0510
0.0530
0.0640
0.0640
0.0540
0.0590
0.0700
0.0540
0.0520
0.0570
0.0540
0.0560
0.0650
0.1970
0.0620
0.0610
0.0560
0.0540
0.0520
0.0570
0.0570
0.0630
0.0570
0.0610
0.0550
0.0590
0.0620
0.0640
0.0600
0.0540
0.0680
0.0870
0.1190
0.1150
0.0520
0.0470
0.0560
0.0560
0.0590
0.0570
0.0610
0.0640
0.0580
0.0430
0.0430
0.0440
0.0860
0.0610
0.0560
0.0500
0.0590
0.0900
0.0630
0.0530
0.0560
0.0760
0.0550
0.0530
0.0530
0.0560
0.0580
0.0530
0.0560
0.0590
0.0590
0.0660
0.0540
0.0840
0.0490
0.0540
0.0530
0.0920
0.0510
0.0560
0.0480
0.0500
0.0470
0.0460
0.0940
0.0590
0.0560
0.0570
0.0550
0.0560
0.0500
0.0540
0.0530
0.0490
0.0530
0.0630
0.0600
0.0580
0.1970
0.1190
0.0510
0.0560
0.0580
0.0510
0.0650
0.0590
0.0540
0.0550
0.0540
0.0540
0.0540
0.0520
0.0530
0.0520
0.0560
0.0560
0.0540
0.0590
0.0510
0.0590
0.0550
0.0540
0.0540
0.0570
0.0530
0.0560
0.0530
0.0620
0.0630
0.0460
0.0460
0.0460
0.0470
0.0490
0.0580
0.0680
0.0730
0.0640
0.0570
0.0750
0.1280
0.0770
0.0590
0.0750
0.0600
0.0530
0.0640
0.0810
0.0620
0.0520
0.0520
0.0550
0.0560
0.0670
0.0500
0.0660
0.0590
0.0550
0.0590
0.0590
0.0580
0.0960
0.0550
0.0710
0.0480
0.0490
0.0480
0.0580
0.0670
0.0500
0.0570
0.0510
0.0630
0.0540
0.0540
0.0480
0.0520
0.0570
0.0560
0.0540
0.0570
0.1240
0.0960
0.0590
0.0620
0.0600
0.0540
0.0520
0.0520
0.0500
0.0510
0.0510
0.0560
0.0540
0.0580
0.0700
0.0640
0.0650
0.0550
0.0600
0.0560
0.0510
0.0530
0.0580
0.0520
0.0570
0.0520
0.0520
0.0530
0.0560
0.0520
0.0560
0.0550
0.0620
0.0480
0.0450
0.0480
0.0480
0.1110
0.0540
0.0520
0.0570
0.0580
0.0830
0.0600
0.0520
0.0480
0.0500
0.0490
0.0620
0.0500
0.0530
0.0470
0.0680
0.0560
0.0530
0.0560
0.0540
0.0540
0.0540
0.0560
0.0530
0.0520
0.0500
0.0540
0.0570
0.0520
0.0600
0.0540
0.0530
0.0570
0.0500
0.0500
0.0490
0.0450
0.0740
0.0620
0.0590
0.0550
0.0670
0.0540
0.0520
0.0510
0.0510
0.0510
0.0520
0.0580
0.1470
0.0670
0.0870
0.0530
0.0550
0.0510
0.0510
0.0530
0.0550
0.0590
0.0500
0.0520
0.0550
0.0500
0.0500
0.0530
0.0690
0.0580
0.0590
0.0560
0.0510
0.0540
0.0500
0.0540
0.0530
0.0510
0.0510
0.0560
0.0480
0.0520
0.0510
0.0590
0.0570
0.0570
0.0560
0.0720
0.0560
0.0600
0.0540
0.0600
0.0590
0.0480
0.0520
0.0520
0.1650
0.0840
0.0580
0.0540
0.0550
0.1960
0.0870
0.0600
0.0590